[38;2;13;13;16m████████████[38;2;13;15;6m██[38;2;13;13;13m██[38;2;13;13;19m██[38;2;13;15;6m██[38;2;13;13;11m██[38;2;13;13;16m██████████
██████████[38;2;13;15;6m██[38;2;8;6;89m█[38;2;9;8;90m█[38;2;2;1;192m██[38;2;0;0;207m██[38;2;3;4;155m██[38;2;12;12;39m█[38;2;11;11;38m█[38;2;13;15;6m██[38;2;13;13;16m████████
████████[38;2;13;15;4m██[38;2;5;6;107m█[38;2;6;8;108m█[38;2;0;0;210m█[38;2;0;0;204m█[38;2;0;0;94m█[38;2;0;0;88m█[38;2;0;0;55m██[38;2;0;0;126m█[38;2;0;0;136m█[38;2;0;0;197m█[38;2;2;0;200m█[38;2;12;11;51m█[38;2;11;10;49m█[38;2;13;13;9m██[38;2;13;13;16m██████
██████[38;2;13;13;9m██[38;2;11;10;51m██[38;2;3;1;195m█[38;2;0;0;189m█[38;2;0;0;19m█[38;2;4;3;35m█[38;2;66;65;49m█[38;2;116;115;100m█[38;2;137;138;127m█[38;2;130;131;120m█[38;2;96;95;82m█[38;2;40;39;26m█[38;2;0;0;68m█[38;2;0;0;69m█[38;2;1;1;180m█[38;2;2;2;181m█[38;2;13;12;22m██[38;2;13;13;13m██[38;2;13;13;16m████
██████[38;2;13;15;6m██[38;2;4;3;144m█[38;2;6;5;146m█[38;2;0;0;80m█[38;2;0;0;69m█[38;2;97;98;84m█[38;2;217;218;204m█[38;2;255;255;255m█████[38;2;250;250;250m█[38;2;188;187;174m█[38;2;66;65;52m█[38;2;0;0;94m█[38;2;0;0;111m█[38;2;8;8;120m█[38;2;5;5;118m█[38;2;13;15;4m██[38;2;13;13;16m████
████[38;2;13;13;13m██[38;2;11;11;37m██[38;2;4;4;164m█[38;2;0;0;152m█[38;2;1;1;1m█[38;2;162;162;162m█[38;2;255;255;255m██[38;2;254;254;254m█[38;2;253;253;253m████[38;2;255;255;255m███[38;2;144;144;150m█[38;2;0;0;5m█[38;2;0;0;152m█[38;2;4;4;164m█[38;2;11;12;30m██[38;2;13;13;13m██[38;2;13;13;16m██
████[38;2;13;15;6m██[38;2;8;8;87m█[38;2;9;9;88m█[38;2;2;3;107m█[38;2;0;0;89m█[38;2;158;159;147m█[38;2;255;255;255m█[38;2;254;254;254m█[38;2;253;253;253m████████[38;2;255;255;255m██[38;2;168;169;158m█[38;2;0;0;90m█[38;2;0;1;101m█[38;2;9;8;93m█[38;2;8;6;91m█[38;2;13;15;6m██[38;2;13;13;16m██
████[38;2;13;15;6m██[38;2;5;5;123m█[38;2;6;6;124m█[38;2;0;0;38m█[38;2;82;83;133m█[38;2;255;255;255m█[38;2;254;255;247m█[38;2;253;253;253m██████████[38;2;253;253;249m█[38;2;255;255;255m█[38;2;127;126;164m█[38;2;0;0;24m█[38;2;5;5;134m██[38;2;13;13;9m██[38;2;13;13;16m██
████[38;2;13;13;13m██[38;2;5;4;139m█[38;2;1;0;134m█[38;2;1;2;19m█[38;2;208;209;226m█[38;2;255;255;255m█[38;2;253;253;251m█[38;2;253;253;253m██[38;2;255;255;255m███[38;2;253;253;253m██████[38;2;255;255;255m█[38;2;250;250;252m█[38;2;40;40;42m█[38;2;0;0;125m█[38;2;5;4;139m█[38;2;13;12;24m██[38;2;13;13;13m██
[38;2;13;13;16m██[38;2;13;13;13m██[38;2;13;12;24m██[38;2;5;4;137m█[38;2;0;0;120m█[38;2;61;61;63m█[38;2;255;255;255m█[38;2;254;254;254m█[38;2;253;253;253m██[38;2;255;255;255m█[38;2;201;201;201m█[38;2;146;146;146m█[38;2;242;242;242m█[38;2;255;255;255m█[38;2;254;254;254m█[38;2;253;253;253m█████[38;2;255;255;255m█[38;2;143;144;136m█[38;2;0;0;102m█[38;2;5;5;126m█[38;2;11;10;45m██[38;2;13;13;11m██
[38;2;13;13;16m██[38;2;13;13;13m██[38;2;11;11;34m██[38;2;5;5;130m█[38;2;0;0;107m█[38;2;123;123;118m█[38;2;255;255;255m█[38;2;253;253;253m███[38;2;255;255;255m█[38;2;98;98;98m█[38;2;0;0;0m█[38;2;34;34;34m█[38;2;167;167;167m█[38;2;255;255;255m██[38;2;252;252;252m█[38;2;255;255;255m████[38;2;222;223;212m█[38;2;0;0;100m█[38;2;3;4;108m█[38;2;10;11;62m█[38;2;9;10;61m█[38;2;13;13;9m██
[38;2;13;13;16m██[38;2;13;13;11m██[38;2;11;10;42m██[38;2;6;6;124m█[38;2;0;0;100m█[38;2;158;159;151m█[38;2;255;255;255m█[38;2;253;253;253m███[38;2;255;255;255m█[38;2;232;232;232m█[38;2;108;108;108m█[38;2;5;5;5m█[38;2;0;0;0m█[38;2;65;65;65m█[38;2;219;219;219m█[38;2;255;255;255m█[38;2;178;178;178m█[38;2;98;98;98m█[38;2;103;103;103m█[38;2;105;107;96m█[38;2;96;97;87m█[38;2;0;1;93m█[38;2;2;4;96m█[38;2;10;10;72m█[38;2;9;9;70m█[38;2;13;13;9m██
[38;2;13;13;16m██[38;2;13;13;11m██[38;2;11;10;45m██[38;2;6;6;122m█[38;2;0;0;98m█[38;2;167;168;160m█[38;2;255;255;255m█[38;2;253;253;253m███[38;2;252;252;252m█[38;2;255;255;255m█[38;2;247;247;247m█[38;2;73;73;73m█[38;2;0;0;0m██[38;2;157;157;157m█[38;2;255;255;255m█[38;2;80;80;80m█[38;2;0;0;0m████[38;2;0;0;81m█[38;2;3;5;95m█[38;2;10;10;74m█[38;2;9;9;73m█[38;2;13;13;9m██
[38;2;13;13;16m██[38;2;13;13;11m██[38;2;11;10;45m██[38;2;6;6;122m█[38;2;0;0;98m█[38;2;168;169;161m█[38;2;255;255;255m█[38;2;253;253;253m███[38;2;255;255;255m█[38;2;178;178;178m█[38;2;19;19;19m█[38;2;0;0;0m█[38;2;27;27;27m█[38;2;155;155;155m█[38;2;251;251;251m█[38;2;255;255;255m█[38;2;233;233;233m█[38;2;193;193;193m█[38;2;194;194;194m█[38;2;196;197;187m█[38;2;185;186;175m█[38;2;11;13;103m█[38;2;0;1;90m█[38;2;10;10;74m█[38;2;9;9;73m█[38;2;13;13;9m██
[38;2;13;13;16m██[38;2;13;13;11m██[38;2;11;10;45m██[38;2;5;5;118m█[38;2;0;0;97m█[38;2;173;174;164m█[38;2;255;255;254m█[38;2;253;253;253m███[38;2;255;255;255m█[38;2;107;107;107m█[38;2;0;0;0m█[38;2;119;119;119m█[38;2;238;238;238m█[38;2;255;255;255m█[38;2;254;254;254m█[38;2;253;253;253m█[38;2;255;255;255m████[38;2;246;247;237m█[38;2;16;18;110m█[38;2;0;1;93m█[38;2;9;10;72m█[38;2;8;9;70m█[38;2;13;13;9m██
[38;2;13;13;16m██[38;2;13;13;11m██[38;2;11;10;47m██[38;2;5;5;118m█[38;2;0;0;97m█[38;2;180;181;171m█[38;2;255;255;254m█[38;2;253;253;253m███[38;2;254;254;254m█[38;2;243;243;243m█[38;2;228;228;228m█[38;2;255;255;255m██[38;2;253;253;253m██████[38;2;255;255;247m█[38;2;233;235;224m█[38;2;10;11;107m█[38;2;0;1;96m█[38;2;10;10;69m█[38;2;9;9;68m█[38;2;13;13;9m██
[38;2;13;13;16m██[38;2;13;13;11m██[38;2;9;11;51m██[38;2;5;5;117m█[38;2;0;0;98m█[38;2;189;190;180m█[38;2;255;255;253m█[38;2;253;253;253m████[38;2;255;255;255m██[38;2;253;253;253m████████[38;2;255;255;249m█[38;2;226;228;217m█[38;2;4;5;103m█[38;2;1;2;100m█[38;2;10;10;67m█[38;2;9;9;66m█[38;2;13;13;9m██
[38;2;13;13;16m██[38;2;13;13;11m██[38;2;9;10;55m██[38;2;4;4;111m█[38;2;0;0;98m█[38;2;202;203;193m█[38;2;255;255;252m█[38;2;253;253;253m██████████████[38;2;255;255;250m█[38;2;217;218;208m█[38;2;0;0;101m█[38;2;2;3;104m█[38;2;10;11;62m█[38;2;9;10;61m█[38;2;13;13;9m██
[38;2;13;13;16m██[38;2;13;13;9m██[38;2;9;10;60m██[38;2;2;3;104m█[38;2;0;0;100m█[38;2;216;217;207m█[38;2;255;255;250m█[38;2;253;253;253m██████████████[38;2;255;255;252m█[38;2;203;204;194m█[38;2;0;0;98m█[38;2;4;4;111m█[38;2;10;11;56m█[38;2;9;10;55m█[38;2;13;13;11m██
[38;2;13;13;16m██[38;2;13;13;9m██[38;2;9;9;68m█[38;2;10;10;69m█[38;2;0;1;96m█[38;2;9;10;105m█[38;2;231;232;222m█[38;2;255;255;249m█[38;2;253;253;253m██████████████[38;2;255;255;253m█[38;2;183;185;174m█[38;2;0;0;98m█[38;2;5;5;118m█[38;2;11;10;49m██[38;2;13;13;11m██
[38;2;13;13;16m██[38;2;13;13;9m██[38;2;9;9;76m█[38;2;10;10;77m█[38;2;0;0;84m█[38;2;27;26;113m█[38;2;245;246;236m█[38;2;255;255;246m█[38;2;253;253;253m██████████████[38;2;255;255;255m█[38;2;158;159;151m█[38;2;0;0;100m█[38;2;5;6;124m█[38;2;11;10;42m██[38;2;13;13;11m██
[38;2;13;13;16m██[38;2;13;15;6m██[38;2;8;8;84m█[38;2;9;9;86m█[38;2;0;0;73m█[38;2;49;49;129m█[38;2;255;255;247m█[38;2;254;255;245m█[38;2;253;253;253m██████████████[38;2;255;255;255m█[38;2;129;129;124m█[38;2;0;0;104m█[38;2;5;5;129m█[38;2;11;11;34m██[38;2;13;13;13m██
[38;2;13;13;16m██[38;2;13;15;6m██[38;2;8;6;94m█[38;2;9;8;95m█[38;2;0;0;61m█[38;2;75;75;146m█[38;2;255;255;253m█[38;2;253;254;244m█[38;2;253;253;253m██████████████[38;2;255;255;255m█[38;2;101;101;98m█[38;2;0;0;110m█[38;2;5;5;132m█[38;2;11;12;27m██[38;2;13;13;13m██
[38;2;13;13;16m██[38;2;13;15;6m██[38;2;5;6;102m█[38;2;6;8;103m█[38;2;0;0;47m█[38;2;105;105;165m█[38;2;255;255;255m█[38;2;253;254;246m█[38;2;253;253;253m██████████████[38;2;255;255;255m█[38;2;74;74;76m█[38;2;0;0;113m█[38;2;5;5;132m█[38;2;13;12;24m██[38;2;13;13;13m██
[38;2;13;13;16m██[38;2;13;15;6m██[38;2;5;6;108m█[38;2;6;8;109m█[38;2;0;0;44m█[38;2;104;104;161m█[38;2;255;255;255m█[38;2;254;255;247m█[38;2;255;255;255m██[38;2;253;253;253m███[38;2;255;255;255m███[38;2;253;253;253m███[38;2;255;255;255m███[38;2;246;245;254m█[38;2;31;30;39m█[38;2;0;0;126m█[38;2;5;4;137m█[38;2;13;13;17m██[38;2;13;13;16m██
██[38;2;13;15;4m██[38;2;5;6;107m█[38;2;6;8;108m█[38;2;0;0;73m█[38;2;23;23;100m█[38;2;236;237;226m█[38;2;255;255;251m█[38;2;195;195;193m█[38;2;209;209;207m█[38;2;255;255;255m███[38;2;251;251;251m█[38;2;192;192;189m█[38;2;217;217;215m█[38;2;255;255;255m███[38;2;246;246;246m█[38;2;188;189;181m█[38;2;228;229;221m█[38;2;130;129;164m█[38;2;0;0;24m█[38;2;4;3;138m██[38;2;13;13;9m██[38;2;13;13;16m██
██[38;2;13;13;9m██[38;2;8;9;76m█[38;2;9;10;77m█[38;2;5;4;143m█[38;2;0;0;123m█[38;2;51;49;34m█[38;2;75;74;59m█[38;2;0;0;0m█[38;2;3;3;6m█[38;2;112;113;105m█[38;2;189;190;182m█[38;2;168;168;164m█[38;2;61;61;56m█[38;2;0;0;0m█[38;2;10;10;13m█[38;2;123;124;116m█[38;2;189;190;182m█[38;2;161;161;157m█[38;2;49;49;45m█[38;2;0;0;0m█[38;2;11;11;6m█[38;2;0;0;97m█[38;2;1;2;105m█[38;2;6;8;109m█[38;2;5;6;108m█[38;2;13;15;4m██[38;2;13;13;16m██
██[38;2;13;13;13m██[38;2;13;12;26m██[38;2;2;1;187m██[38;2;0;0;110m█[38;2;0;0;107m█[38;2;0;0;179m█[38;2;0;0;174m█[38;2;0;0;31m█[38;2;0;0;33m█[38;2;0;0;65m█[38;2;0;0;70m█[38;2;0;0;181m█[38;2;0;0;175m█[38;2;0;0;27m█[38;2;0;0;30m█[38;2;0;0;73m█[38;2;0;0;81m█[38;2;1;0;188m█[38;2;0;0;180m█[38;2;0;0;189m█[38;2;3;1;195m█[38;2;11;11;38m██[38;2;13;13;11m██[38;2;13;13;16m██
████[38;2;13;15;6m██[38;2;8;6;95m█[38;2;9;8;96m█[38;2;0;0;229m██[38;2;2;1;187m██[38;2;0;0;233m█[38;2;0;0;232m█[38;2;0;0;222m█[38;2;0;0;223m█[38;2;2;1;189m██[38;2;0;0;233m█[38;2;0;0;232m█[38;2;0;0;219m█[38;2;0;0;221m█[38;2;2;0;194m██[38;2;6;6;113m█[38;2;5;5;112m█[38;2;13;15;6m██[38;2;13;13;16m████
██████[38;2;13;13;13m██[38;2;11;10;42m██[38;2;13;13;19m██[38;2;8;8;87m█[38;2;9;9;88m█[38;2;9;10;61m██[38;2;13;13;17m██[38;2;8;8;87m█[38;2;9;9;88m█[38;2;10;11;59m█[38;2;9;10;58m█[38;2;13;13;16m██[38;2;13;13;13m██[38;2;13;13;16m██████
████████[38;2;13;13;11m██[38;2;13;13;13m██[38;2;13;15;6m██[38;2;13;13;9m██[38;2;13;13;13m██[38;2;13;15;6m██[38;2;13;13;9m██[38;2;13;13;13m██[38;2;13;13;16m████████
████████████████████████████████