[38;2;13;13;16m██████████[38;2;13;15;6m██[38;2;11;12;27m██[38;2;9;9;86m████[38;2;11;12;27m██[38;2;13;15;6m██[38;2;13;13;16m██████████
████████[38;2;13;15;6m██[38;2;9;9;66m█[38;2;10;10;67m█[38;2;0;1;202m██[38;2;0;0;201m█[38;2;0;0;197m█[38;2;0;0;198m█[38;2;0;0;201m█[38;2;0;1;204m█[38;2;1;2;205m█[38;2;10;10;67m█[38;2;9;9;66m█[38;2;13;15;6m██[38;2;13;13;16m████████
██████[38;2;13;13;9m██[38;2;11;10;51m██[38;2;1;2;203m█[38;2;0;0;198m█[38;2;0;0;74m█[38;2;0;0;68m█[38;2;2;2;4m█[38;2;15;15;17m██[38;2;2;2;4m█[38;2;0;0;68m█[38;2;0;0;74m█[38;2;0;0;198m█[38;2;1;2;203m█[38;2;12;11;51m█[38;2;11;10;49m█[38;2;13;13;9m██[38;2;13;13;16m██████
██████[38;2;13;13;13m██[38;2;3;3;166m██[38;2;0;0;70m█[38;2;0;0;66m█[38;2;68;67;52m█[38;2;158;157;141m█[38;2;209;209;207m█[38;2;230;230;228m██[38;2;209;209;207m█[38;2;158;157;141m█[38;2;68;67;52m█[38;2;0;0;65m█[38;2;0;0;69m█[38;2;3;3;166m██[38;2;13;13;13m██[38;2;13;13;16m██████
████[38;2;13;15;6m██[38;2;9;9;76m█[38;2;10;10;77m█[38;2;5;4;145m█[38;2;0;0;123m█[38;2;33;34;23m█[38;2;185;186;174m█[38;2;255;255;255m████████[38;2;185;186;174m█[38;2;33;34;23m█[38;2;0;0;123m█[38;2;5;4;145m█[38;2;10;10;77m█[38;2;9;9;76m█[38;2;13;15;6m██[38;2;13;13;16m████
████[38;2;13;15;6m██[38;2;4;3;140m█[38;2;5;4;141m█[38;2;0;0;37m█[38;2;48;49;97m█[38;2;236;237;229m█[38;2;255;255;255m█[38;2;254;254;254m█[38;2;253;253;253m██████[38;2;254;254;254m█[38;2;255;255;255m█[38;2;236;237;229m█[38;2;48;49;97m█[38;2;0;0;37m█[38;2;5;4;141m█[38;2;4;3;140m█[38;2;13;15;6m██[38;2;13;13;16m████
██[38;2;13;13;13m██[38;2;11;12;30m██[38;2;6;5;148m█[38;2;0;0;133m█[38;2;28;28;28m█[38;2;232;232;232m█[38;2;255;255;255m█[38;2;253;253;253m██████████[38;2;255;255;255m█[38;2;232;232;232m█[38;2;28;28;28m█[38;2;0;0;133m█[38;2;6;5;148m█[38;2;11;11;32m██[38;2;13;13;13m██[38;2;13;13;16m██
██[38;2;13;13;9m██[38;2;9;9;66m█[38;2;10;10;67m█[38;2;4;4;116m█[38;2;0;0;96m█[38;2;174;175;164m█[38;2;255;255;255m█[38;2;254;254;254m█[38;2;253;253;253m███████████[38;2;255;255;255m█[38;2;174;175;164m█[38;2;0;0;96m█[38;2;4;4;116m█[38;2;10;10;67m█[38;2;9;9;66m█[38;2;13;13;9m██[38;2;13;13;16m██
██[38;2;13;15;6m██[38;2;8;6;95m█[38;2;9;8;96m█[38;2;0;0;69m█[38;2;46;46;122m█[38;2;255;255;246m█[38;2;255;255;250m█[38;2;255;255;255m███[38;2;254;254;254m█[38;2;253;253;253m████████[38;2;254;255;245m█[38;2;255;255;246m█[38;2;46;46;119m█[38;2;0;0;67m█[38;2;9;8;96m█[38;2;8;6;95m█[38;2;13;15;6m██[38;2;13;13;16m██
██[38;2;13;15;6m██[38;2;5;5;115m█[38;2;6;6;116m█[38;2;0;0;34m█[38;2;130;131;179m█[38;2;255;255;255m█[38;2;161;162;154m█[38;2;44;44;44m█[38;2;125;125;125m█[38;2;207;207;207m█[38;2;254;254;254m█[38;2;255;255;255m█[38;2;252;252;252m█[38;2;255;255;255m██████[38;2;255;255;252m█[38;2;255;255;255m█[38;2;130;131;179m█[38;2;0;0;34m█[38;2;6;6;116m█[38;2;5;5;115m█[38;2;13;15;6m██[38;2;13;13;16m██
██[38;2;13;13;9m██[38;2;5;5;123m██[38;2;0;0;24m█[38;2;186;185;217m█[38;2;255;255;255m█[38;2;154;154;150m█[38;2;5;5;5m█[38;2;0;0;0m██[38;2;48;48;48m█[38;2;158;158;158m█[38;2;255;255;255m█[38;2;209;209;209m█[38;2;100;100;100m█[38;2;98;98;98m█[38;2;100;100;100m██[38;2;96;96;96m█[38;2;193;193;188m█[38;2;255;255;255m█[38;2;186;185;217m█[38;2;0;0;24m█[38;2;5;5;123m██[38;2;13;13;9m██[38;2;13;13;16m██
██[38;2;13;13;9m██[38;2;5;4;125m█[38;2;3;2;123m█[38;2;0;0;26m█[38;2;205;205;232m█[38;2;255;255;255m█[38;2;237;237;235m█[38;2;101;101;101m█[38;2;0;0;0m███[38;2;51;51;51m█[38;2;255;255;255m█[38;2;145;145;145m█[38;2;0;0;0m█████[38;2;112;112;110m█[38;2;255;255;255m█[38;2;205;205;232m█[38;2;0;0;25m█[38;2;2;2;123m█[38;2;4;4;125m█[38;2;13;13;9m██[38;2;13;13;16m██
██[38;2;13;13;9m██[38;2;5;5;126m█[38;2;2;2;123m█[38;2;0;0;25m█[38;2;208;208;233m█[38;2;255;255;255m█[38;2;118;118;116m█[38;2;0;0;0m█[38;2;5;5;5m█[38;2;65;65;65m█[38;2;147;147;147m█[38;2;229;229;229m█[38;2;255;255;255m█[38;2;246;246;246m█[38;2;201;201;201m█[38;2;197;197;197m███[38;2;198;198;198m█[38;2;240;240;238m█[38;2;255;255;255m█[38;2;208;208;233m█[38;2;0;0;25m█[38;2;2;2;123m█[38;2;4;4;125m█[38;2;13;13;9m██[38;2;13;13;16m██
██[38;2;13;13;9m██[38;2;5;5;126m█[38;2;2;2;123m█[38;2;0;0;25m█[38;2;208;208;233m█[38;2;255;255;255m█[38;2;217;217;215m█[38;2;151;151;151m█[38;2;216;216;216m█[38;2;255;255;255m███[38;2;252;252;252m█[38;2;254;254;254m█[38;2;255;255;255m█████[38;2;255;255;253m█[38;2;255;255;255m█[38;2;208;208;233m█[38;2;0;0;25m█[38;2;2;2;123m█[38;2;4;4;125m█[38;2;13;13;9m██[38;2;13;13;16m██
██[38;2;13;13;9m██[38;2;5;5;126m█[38;2;2;2;123m█[38;2;0;0;25m█[38;2;208;208;233m█[38;2;255;255;255m████[38;2;254;254;254m█[38;2;253;253;253m█████████[38;2;253;253;251m█[38;2;255;255;255m█[38;2;208;208;233m█[38;2;0;0;25m█[38;2;2;2;123m█[38;2;4;4;125m█[38;2;13;13;9m██[38;2;13;13;16m██
██[38;2;13;13;9m██[38;2;5;5;126m█[38;2;2;2;123m█[38;2;0;0;25m█[38;2;208;208;233m█[38;2;255;255;255m█[38;2;253;253;251m█[38;2;253;253;253m████████████[38;2;253;253;251m█[38;2;255;255;255m█[38;2;208;208;233m█[38;2;0;0;25m█[38;2;2;2;123m█[38;2;4;4;125m█[38;2;13;13;9m██[38;2;13;13;16m██
██[38;2;13;13;9m██[38;2;5;5;126m█[38;2;2;2;123m█[38;2;0;0;25m█[38;2;208;208;233m█[38;2;255;255;255m█[38;2;253;253;251m█[38;2;253;253;253m████████████[38;2;253;253;251m█[38;2;255;255;255m█[38;2;208;208;233m█[38;2;0;0;25m█[38;2;2;2;123m█[38;2;4;4;125m█[38;2;13;13;9m██[38;2;13;13;16m██
██[38;2;13;13;9m██[38;2;5;5;126m█[38;2;2;2;123m█[38;2;0;0;25m█[38;2;207;207;232m█[38;2;255;255;255m█[38;2;253;253;251m█[38;2;253;253;253m████████████[38;2;253;253;251m█[38;2;255;255;255m█[38;2;208;208;233m█[38;2;0;0;25m█[38;2;2;2;123m█[38;2;4;4;125m█[38;2;13;13;9m██[38;2;13;13;16m██
██[38;2;13;13;9m██[38;2;5;5;126m█[38;2;2;2;123m█[38;2;0;0;25m█[38;2;207;207;232m█[38;2;255;255;255m█[38;2;253;253;251m█[38;2;253;253;253m████████████[38;2;253;253;251m█[38;2;255;255;255m█[38;2;208;208;233m█[38;2;0;0;25m█[38;2;2;2;123m█[38;2;4;4;125m█[38;2;13;13;9m██[38;2;13;13;16m██
██[38;2;13;13;9m██[38;2;5;5;126m█[38;2;2;2;123m█[38;2;0;0;25m█[38;2;208;208;233m█[38;2;255;255;255m█[38;2;253;253;251m█[38;2;253;253;253m████████████[38;2;253;253;251m█[38;2;255;255;255m█[38;2;208;208;233m█[38;2;0;0;25m█[38;2;2;2;123m█[38;2;4;4;125m█[38;2;13;13;9m██[38;2;13;13;16m██
██[38;2;13;13;9m██[38;2;5;5;126m█[38;2;2;2;123m█[38;2;0;0;25m█[38;2;207;207;232m█[38;2;255;255;255m█[38;2;253;253;251m█[38;2;253;253;253m████████████[38;2;253;253;251m█[38;2;255;255;255m█[38;2;207;207;232m█[38;2;0;0;25m█[38;2;2;2;123m█[38;2;4;4;125m█[38;2;13;13;9m██[38;2;13;13;16m██
██[38;2;13;13;9m██[38;2;5;5;126m█[38;2;2;2;123m█[38;2;0;0;25m█[38;2;208;208;233m█[38;2;255;255;255m█[38;2;253;253;251m█[38;2;253;253;253m████████████[38;2;253;253;251m█[38;2;255;255;255m█[38;2;208;208;233m█[38;2;0;0;25m█[38;2;2;2;123m█[38;2;4;4;125m█[38;2;13;13;9m██[38;2;13;13;16m██
██[38;2;13;13;9m██[38;2;5;5;126m█[38;2;2;2;123m█[38;2;0;0;25m█[38;2;209;209;235m█[38;2;255;255;255m█[38;2;253;253;251m█[38;2;253;253;253m████████████[38;2;253;253;251m█[38;2;255;255;255m█[38;2;209;209;235m█[38;2;0;0;25m█[38;2;2;2;123m█[38;2;4;4;125m█[38;2;13;13;9m██[38;2;13;13;16m██
██[38;2;13;13;9m██[38;2;4;4;129m██[38;2;0;0;22m█[38;2;178;176;209m█[38;2;255;255;255m█[38;2;253;253;249m█[38;2;253;253;253m█[38;2;254;254;254m█[38;2;255;255;255m███[38;2;253;253;253m██[38;2;255;255;255m███[38;2;254;254;254m█[38;2;253;253;253m█[38;2;253;253;249m█[38;2;255;255;255m█[38;2;176;175;208m█[38;2;0;0;22m█[38;2;4;4;129m██[38;2;13;13;9m██[38;2;13;13;16m██
██[38;2;13;15;4m██[38;2;4;4;131m█[38;2;5;5;132m█[38;2;0;0;54m█[38;2;47;47;109m█[38;2;242;243;232m█[38;2;255;255;255m██[38;2;254;254;254m█[38;2;171;171;166m█[38;2;165;165;160m█[38;2;249;249;249m█[38;2;255;255;255m██[38;2;249;249;249m█[38;2;164;164;159m█[38;2;169;169;165m█[38;2;254;254;254m█[38;2;255;255;255m██[38;2;243;244;233m█[38;2;47;47;109m█[38;2;0;0;54m█[38;2;6;6;133m█[38;2;4;4;131m█[38;2;13;15;4m██[38;2;13;13;16m██
██[38;2;13;15;4m██[38;2;5;6;102m█[38;2;6;8;103m█[38;2;5;4;145m█[38;2;0;0;124m█[38;2;40;40;22m█[38;2;137;137;118m█[38;2;146;147;137m█[38;2;63;65;54m█[38;2;0;0;9m█[38;2;0;0;6m█[38;2;53;54;46m█[38;2;141;143;134m██[38;2;53;54;46m█[38;2;0;0;6m█[38;2;0;0;8m█[38;2;62;63;53m█[38;2;146;147;137m█[38;2;137;137;118m█[38;2;40;40;22m█[38;2;0;0;124m█[38;2;5;4;145m█[38;2;6;8;103m█[38;2;5;6;102m█[38;2;13;15;4m██[38;2;13;13;16m██
██[38;2;13;13;11m██[38;2;11;11;40m██[38;2;0;0;215m██[38;2;0;0;91m█[38;2;0;0;81m█[38;2;0;0;66m█[38;2;0;0;73m█[38;2;0;0;207m█[38;2;0;0;208m█[38;2;0;0;80m█[38;2;0;0;72m█[38;2;0;0;74m█[38;2;0;0;82m█[38;2;0;0;208m█[38;2;0;0;207m█[38;2;0;0;75m█[38;2;0;0;68m█[38;2;0;0;81m█[38;2;0;0;91m█[38;2;0;0;215m██[38;2;11;11;40m██[38;2;13;13;11m██[38;2;13;13;16m██
████[38;2;13;15;6m██[38;2;4;4;127m█[38;2;5;5;129m█[38;2;0;0;252m█[38;2;0;0;251m█[38;2;0;0;243m█[38;2;0;0;244m█[38;2;0;0;212m██[38;2;0;0;244m█[38;2;0;0;243m██[38;2;0;0;244m█[38;2;0;0;210m██[38;2;0;0;244m█[38;2;0;0;243m█[38;2;0;0;251m█[38;2;0;0;252m█[38;2;5;5;130m█[38;2;4;4;129m█[38;2;13;15;6m██[38;2;13;13;16m████
████[38;2;13;13;13m██[38;2;13;13;17m██[38;2;5;6;110m██[38;2;6;6;118m██[38;2;11;11;32m██[38;2;5;5;112m█[38;2;6;6;113m██[38;2;5;5;112m█[38;2;11;11;32m██[38;2;5;5;117m█[38;2;6;6;118m█[38;2;6;8;111m█[38;2;5;6;110m█[38;2;13;13;17m██[38;2;13;13;13m██[38;2;13;13;16m████
██████[38;2;13;13;13m██[38;2;13;15;4m████[38;2;13;13;11m██[38;2;13;15;4m████[38;2;13;13;11m██[38;2;13;15;4m████[38;2;13;13;13m██[38;2;13;13;16m██████
████████████████████████████████
████████████████████████████████