[38;2;13;13;16m██████████[38;2;13;13;13m████[38;2;9;9;70m██[38;2;9;8;101m██[38;2;9;11;53m██[38;2;13;15;6m██[38;2;13;13;13m██[38;2;13;13;16m████████
████████[38;2;13;13;13m██[38;2;13;13;19m██[38;2;2;2;161m█[38;2;3;3;162m█[38;2;0;0;217m█[38;2;0;0;214m█[38;2;0;0;189m██[38;2;0;0;205m█[38;2;0;0;209m█[38;2;5;4;139m██[38;2;13;13;16m██[38;2;13;13;13m██[38;2;13;13;16m██████
████████[38;2;13;15;6m██[38;2;4;3;141m█[38;2;5;4;143m█[38;2;0;1;168m█[38;2;0;0;154m█[38;2;0;0;8m█[38;2;0;0;19m█[38;2;16;16;11m█[38;2;18;18;13m█[38;2;4;4;30m█[38;2;0;0;16m█[38;2;0;0;141m█[38;2;0;0;155m█[38;2;3;5;147m██[38;2;13;13;9m██[38;2;13;13;16m██████
██████[38;2;13;13;9m██[38;2;9;10;58m██[38;2;3;2;185m█[38;2;0;0;175m█[38;2;0;0;0m█[38;2;46;46;49m█[38;2;147;148;140m█[38;2;209;210;202m█[38;2;231;231;231m█[38;2;233;233;233m█[38;2;218;219;211m█[38;2;175;176;168m█[38;2;96;97;89m█[38;2;13;15;6m█[38;2;0;0;131m█[38;2;0;1;150m█[38;2;6;9;101m█[38;2;5;8;100m█[38;2;13;15;4m██[38;2;13;13;16m████
██████[38;2;13;15;4m██[38;2;4;3;136m█[38;2;6;5;138m█[38;2;0;0;77m█[38;2;0;0;69m█[38;2;132;133;122m█[38;2;252;253;242m█[38;2;255;255;255m███████[38;2;225;225;221m█[38;2;95;96;110m█[38;2;0;0;6m█[38;2;0;0;157m█[38;2;4;4;167m█[38;2;11;12;30m██[38;2;13;13;13m██[38;2;13;13;16m██
████[38;2;13;13;13m██[38;2;13;12;22m██[38;2;3;4;158m█[38;2;0;0;152m█[38;2;0;0;3m█[38;2;152;151;162m█[38;2;255;255;255m█[38;2;255;255;253m█[38;2;253;253;253m███████[38;2;255;255;255m██[38;2;162;164;152m█[38;2;0;0;89m█[38;2;0;0;90m█[38;2;8;9;109m█[38;2;5;6;107m█[38;2;13;15;4m██[38;2;13;13;16m██
████[38;2;13;13;11m██[38;2;9;10;55m██[38;2;5;5;132m█[38;2;0;0;108m█[38;2;98;100;89m█[38;2;255;255;255m█[38;2;254;254;254m█[38;2;253;253;253m█████████[38;2;254;254;252m█[38;2;255;255;255m█[38;2;168;169;185m█[38;2;0;0;11m█[38;2;1;0;143m█[38;2;5;4;147m█[38;2;13;13;16m████
████[38;2;13;15;6m██[38;2;8;8;87m█[38;2;9;9;88m█[38;2;1;0;88m█[38;2;6;5;94m█[38;2;226;228;217m█[38;2;255;255;250m█[38;2;253;253;253m███████[38;2;254;254;254m█[38;2;255;255;255m█[38;2;253;253;253m███[38;2;255;255;255m█[38;2;117;118;108m█[38;2;0;0;105m█[38;2;5;5;130m█[38;2;11;10;49m██[38;2;13;13;11m██
[38;2;13;13;16m████[38;2;13;15;6m██[38;2;5;6;110m█[38;2;6;8;111m█[38;2;0;0;45m█[38;2;88;88;145m█[38;2;255;255;255m█[38;2;253;254;246m█[38;2;253;253;253m████████[38;2;251;251;251m█[38;2;255;255;255m█[38;2;254;254;254m█[38;2;253;253;253m█[38;2;255;255;249m█[38;2;238;239;229m█[38;2;17;16;104m█[38;2;0;0;87m█[38;2;9;9;84m█[38;2;8;8;83m█[38;2;13;15;6m██
[38;2;13;13;16m████[38;2;13;15;6m██[38;2;5;5;120m██[38;2;0;0;25m█[38;2;165;164;201m█[38;2;255;255;255m█[38;2;253;253;249m█[38;2;253;253;253m██████[38;2;255;255;255m█[38;2;116;116;116m█[38;2;33;33;33m█[38;2;166;166;166m█[38;2;255;255;255m██[38;2;253;254;246m█[38;2;255;255;255m█[38;2;102;102;159m█[38;2;0;0;45m█[38;2;6;8;108m█[38;2;5;6;107m█[38;2;13;15;6m██
[38;2;13;13;16m████[38;2;13;13;9m██[38;2;4;4;127m█[38;2;2;2;125m█[38;2;0;0;24m█[38;2;204;204;230m█[38;2;255;255;255m█[38;2;253;253;251m█[38;2;253;253;253m██████[38;2;255;255;255m█[38;2;140;140;140m█[38;2;0;0;0m██[38;2;63;63;63m█[38;2;198;198;198m█[38;2;255;255;253m█[38;2;255;255;255m█[38;2;165;167;205m█[38;2;0;0;27m█[38;2;6;6;118m█[38;2;5;5;117m█[38;2;13;15;6m██
[38;2;13;13;16m████[38;2;13;13;11m██[38;2;5;5;129m█[38;2;1;1;124m█[38;2;6;6;27m█[38;2;218;218;239m█[38;2;255;255;255m█[38;2;253;253;251m█[38;2;253;253;253m███████[38;2;255;255;255m█[38;2;217;217;217m█[38;2;55;55;55m█[38;2;0;0;0m██[38;2;176;176;172m█[38;2;255;255;255m█[38;2;88;87;119m█[38;2;0;0;19m█[38;2;4;5;120m██[38;2;13;13;9m██
[38;2;13;13;16m████[38;2;13;13;11m██[38;2;5;5;129m█[38;2;0;0;123m█[38;2;8;8;28m█[38;2;221;221;242m█[38;2;255;255;255m█[38;2;253;253;251m█[38;2;253;253;253m██████[38;2;255;255;255m█[38;2;247;247;247m█[38;2;150;150;150m█[38;2;23;23;23m█[38;2;0;0;0m█[38;2;32;32;32m█[38;2;205;205;201m█[38;2;255;255;255m█[38;2;124;124;153m█[38;2;0;0;18m█[38;2;4;5;123m██[38;2;13;13;9m██
[38;2;13;13;16m████[38;2;13;13;11m██[38;2;5;5;129m█[38;2;0;0;123m█[38;2;9;9;30m█[38;2;222;222;243m█[38;2;255;255;255m█[38;2;253;253;251m█[38;2;253;253;253m██████[38;2;255;255;255m█[38;2;101;101;101m█[38;2;0;0;0m█[38;2;9;9;9m█[38;2;131;131;131m█[38;2;244;244;244m█[38;2;255;255;255m██[38;2;196;195;228m█[38;2;0;0;25m█[38;2;3;4;119m█[38;2;4;5;120m█[38;2;13;13;9m██
[38;2;13;13;16m████[38;2;13;13;11m██[38;2;5;5;130m█[38;2;0;0;123m█[38;2;12;13;31m█[38;2;228;229;246m█[38;2;255;255;255m█[38;2;253;253;251m█[38;2;253;253;253m██████[38;2;255;255;255m█[38;2;166;166;166m█[38;2;104;104;104m█[38;2;223;223;223m█[38;2;255;255;255m██[38;2;253;253;249m█[38;2;255;255;255m█[38;2;183;182;217m█[38;2;0;0;26m█[38;2;4;5;120m██[38;2;13;15;6m██
[38;2;13;13;16m████[38;2;13;13;13m██[38;2;5;5;130m█[38;2;0;0;122m█[38;2;19;20;35m█[38;2;235;236;251m█[38;2;255;255;254m█[38;2;253;253;251m█[38;2;253;253;253m███████[38;2;255;255;255m███[38;2;253;253;253m██[38;2;253;253;249m█[38;2;255;255;255m█[38;2;173;172;209m█[38;2;0;0;26m█[38;2;5;5;118m██[38;2;13;15;6m██
[38;2;13;13;16m██████[38;2;5;5;132m█[38;2;0;0;122m█[38;2;33;32;44m█[38;2;245;244;255m█[38;2;255;255;253m█[38;2;253;253;251m█[38;2;253;253;253m████████████[38;2;253;253;249m█[38;2;255;255;255m█[38;2;153;155;197m█[38;2;0;0;30m█[38;2;6;6;116m█[38;2;5;5;115m█[38;2;13;15;6m██
[38;2;13;13;16m████[38;2;13;13;17m██[38;2;5;5;132m█[38;2;0;0;118m█[38;2;51;51;56m█[38;2;254;254;255m█[38;2;254;254;254m█[38;2;253;253;253m█████████████[38;2;253;254;246m█[38;2;255;255;255m█[38;2;130;131;181m█[38;2;0;0;37m█[38;2;6;8;109m█[38;2;5;6;108m█[38;2;13;15;6m██
[38;2;13;13;16m██[38;2;13;13;13m██[38;2;13;12;24m██[38;2;5;5;132m█[38;2;0;0;113m█[38;2;77;77;80m█[38;2;255;255;255m█[38;2;253;253;253m██████████████[38;2;253;254;246m█[38;2;255;255;255m█[38;2;100;100;161m█[38;2;0;0;49m█[38;2;6;9;101m█[38;2;5;8;100m█[38;2;13;15;6m██
[38;2;13;13;16m██[38;2;13;13;13m██[38;2;11;12;30m██[38;2;5;5;130m█[38;2;0;0;107m█[38;2;113;113;111m█[38;2;255;255;255m█[38;2;253;253;253m██████████████[38;2;253;254;244m█[38;2;255;255;251m█[38;2;62;62;136m█[38;2;0;0;65m█[38;2;9;8;90m█[38;2;8;6;89m█[38;2;13;15;6m██
[38;2;13;13;16m██[38;2;13;13;11m██[38;2;11;11;40m██[38;2;5;6;124m█[38;2;0;0;100m█[38;2;157;158;150m█[38;2;255;255;255m█[38;2;253;253;253m██████████████[38;2;255;255;246m█[38;2;246;247;237m█[38;2;28;27;115m█[38;2;0;0;84m█[38;2;9;10;77m█[38;2;8;9;76m█[38;2;13;15;6m██
[38;2;13;13;16m██[38;2;13;13;11m██[38;2;9;11;53m██[38;2;4;4;113m█[38;2;0;0;98m█[38;2;198;200;189m█[38;2;255;255;252m█[38;2;253;253;253m██████████████[38;2;255;255;250m█[38;2;219;221;210m█[38;2;0;1;101m█[38;2;2;3;103m█[38;2;10;11;62m█[38;2;9;10;61m█[38;2;13;13;9m██
[38;2;13;13;16m██[38;2;13;13;9m██[38;2;9;9;68m█[38;2;10;10;69m█[38;2;0;1;96m█[38;2;10;11;107m█[38;2;232;233;223m█[38;2;255;255;247m█[38;2;253;253;253m██████████████[38;2;255;255;254m█[38;2;185;186;175m█[38;2;0;0;97m█[38;2;5;5;117m█[38;2;11;10;49m██[38;2;13;13;11m██
[38;2;13;13;16m██[38;2;13;15;6m██[38;2;8;8;83m█[38;2;9;9;84m█[38;2;0;0;83m█[38;2;28;27;115m█[38;2;250;251;240m█[38;2;255;255;250m█[38;2;255;255;255m█[38;2;253;253;253m████[38;2;255;255;255m██[38;2;253;253;253m████[38;2;255;255;255m██[38;2;253;253;253m█[38;2;255;255;255m█[38;2;119;119;115m█[38;2;0;0;109m█[38;2;5;5;132m█[38;2;11;11;37m██[38;2;13;13;13m██
[38;2;13;13;16m██[38;2;13;15;6m██[38;2;8;6;91m█[38;2;9;8;93m█[38;2;1;2;102m█[38;2;0;0;97m█[38;2;207;208;196m█[38;2;238;239;228m█[38;2;224;224;224m█[38;2;255;255;255m████[38;2;225;225;225m█[38;2;226;226;226m█[38;2;255;255;255m████[38;2;223;223;223m█[38;2;231;231;229m█[38;2;255;255;255m█[38;2;209;208;217m█[38;2;13;12;22m█[38;2;0;0;144m█[38;2;3;4;152m█[38;2;13;12;22m██[38;2;13;13;13m██
[38;2;13;13;16m██[38;2;13;15;6m██[38;2;8;9;76m██[38;2;3;4;153m█[38;2;0;0;137m█[38;2;31;30;17m█[38;2;25;24;11m█[38;2;8;8;3m█[38;2;120;120;116m█[38;2;212;212;208m█[38;2;208;208;203m█[38;2;115;115;110m█[38;2;10;10;5m█[38;2;12;12;8m█[38;2;134;134;130m█[38;2;216;216;211m█[38;2;203;203;198m█[38;2;102;102;97m█[38;2;6;6;2m█[38;2;25;24;9m█[38;2;120;119;104m█[38;2;20;20;91m█[38;2;0;0;65m█[38;2;4;5;151m█[38;2;2;3;148m█[38;2;13;15;6m██[38;2;13;13;16m██
██[38;2;13;13;11m██[38;2;11;11;37m██[38;2;0;1;200m█[38;2;0;0;198m█[38;2;0;0;139m█[38;2;0;0;144m█[38;2;0;0;97m█[38;2;0;0;82m█[38;2;2;2;5m█[38;2;0;0;3m█[38;2;0;0;110m█[38;2;0;0;125m█[38;2;0;0;93m█[38;2;0;0;80m█[38;2;3;3;6m█[38;2;0;0;2m█[38;2;0;0;110m█[38;2;0;0;126m█[38;2;0;0;96m█[38;2;0;0;82m█[38;2;0;0;179m█[38;2;3;2;190m█[38;2;9;9;86m█[38;2;8;8;84m█[38;2;13;15;6m██[38;2;13;13;16m██
████[38;2;13;15;6m██[38;2;2;3;151m█[38;2;3;4;152m█[38;2;0;0;252m█[38;2;0;0;251m█[38;2;0;0;235m█[38;2;0;0;233m█[38;2;0;0;211m██[38;2;0;0;238m█[38;2;0;0;239m█[38;2;0;0;235m█[38;2;0;0;233m█[38;2;0;0;211m█[38;2;0;0;212m█[38;2;0;0;238m█[38;2;0;0;239m█[38;2;0;0;250m█[38;2;0;0;249m█[38;2;3;2;187m█[38;2;2;1;186m█[38;2;13;13;17m██[38;2;13;13;13m██[38;2;13;13;16m██
████[38;2;13;13;11m██[38;2;11;11;38m██[38;2;9;8;90m█[38;2;8;6;89m█[38;2;4;4;133m█[38;2;5;5;134m█[38;2;0;1;198m██[38;2;6;9;96m█[38;2;5;8;95m█[38;2;4;3;136m█[38;2;5;4;137m█[38;2;0;1;198m██[38;2;6;9;96m█[38;2;5;8;95m█[38;2;4;4;127m██[38;2;11;10;51m██[38;2;13;13;9m██[38;2;13;13;16m████
██████[38;2;13;13;13m██[38;2;13;15;6m██[38;2;13;13;9m██[38;2;13;13;16m██[38;2;13;15;6m██[38;2;13;13;9m██[38;2;13;13;16m██[38;2;13;15;6m████[38;2;13;13;11m██[38;2;13;13;16m██████
████████████[38;2;13;13;13m██[38;2;13;13;16m████[38;2;13;13;13m██[38;2;13;13;16m████████████
████████████████████████████████