[38;2;13;13;16m████████████████████████████████
████████████[38;2;13;13;11m██[38;2;13;15;4m████[38;2;13;13;11m██[38;2;13;13;16m████████████
██████████[38;2;13;15;6m██[38;2;11;10;42m██[38;2;6;6;116m████[38;2;11;10;42m██[38;2;13;15;6m██[38;2;13;13;16m██████████
████████[38;2;13;15;4m██[38;2;8;6;89m█[38;2;9;8;90m█[38;2;0;0;215m█[38;2;0;0;214m█[38;2;0;0;186m█[38;2;0;0;182m██[38;2;0;0;186m█[38;2;0;0;214m█[38;2;1;1;216m█[38;2;9;8;90m█[38;2;8;6;89m█[38;2;13;15;4m██[38;2;13;13;16m████████
██████[38;2;13;15;6m██[38;2;9;9;66m█[38;2;10;10;67m█[38;2;1;2;205m█[38;2;0;0;198m█[38;2;0;0;51m██[38;2;12;13;5m█[38;2;30;31;23m██[38;2;12;13;5m█[38;2;0;0;49m██[38;2;0;0;198m█[38;2;1;2;205m█[38;2;10;10;67m█[38;2;9;9;66m█[38;2;13;15;6m██[38;2;13;13;16m██████
████[38;2;13;13;13m██[38;2;13;13;17m██[38;2;2;2;176m██[38;2;0;0;51m█[38;2;0;0;58m█[38;2;91;90;77m█[38;2;182;181;168m█[38;2;228;228;228m█[38;2;244;244;244m█[38;2;243;243;243m█[38;2;228;228;228m█[38;2;182;181;168m█[38;2;91;90;77m█[38;2;0;0;58m█[38;2;0;0;51m█[38;2;2;2;176m██[38;2;13;13;17m██[38;2;13;13;13m██[38;2;13;13;16m████
████[38;2;13;15;6m██[38;2;8;8;87m█[38;2;9;9;88m█[38;2;4;3;138m█[38;2;0;0;115m█[38;2;51;52;38m█[38;2;205;207;193m█[38;2;255;255;255m████████[38;2;205;207;193m█[38;2;51;52;38m█[38;2;0;0;115m█[38;2;4;3;138m█[38;2;9;9;88m█[38;2;8;8;87m█[38;2;13;15;6m██[38;2;13;13;16m████
████[38;2;13;13;9m██[38;2;2;3;148m█[38;2;3;4;150m█[38;2;0;0;27m█[38;2;69;68;109m█[38;2;247;249;240m█[38;2;255;255;255m█[38;2;253;253;253m████████[38;2;255;255;255m█[38;2;247;249;240m█[38;2;67;69;109m█[38;2;0;0;27m█[38;2;3;4;150m██[38;2;13;13;9m██[38;2;13;13;16m████
██[38;2;13;13;13m██[38;2;11;11;37m██[38;2;6;5;148m█[38;2;0;0;131m█[38;2;40;40;38m█[38;2;243;243;240m█[38;2;255;255;255m█[38;2;253;253;253m██████████[38;2;255;255;255m█[38;2;243;243;240m█[38;2;40;40;38m█[38;2;0;0;131m█[38;2;6;5;148m█[38;2;11;11;37m██[38;2;13;13;13m██[38;2;13;13;16m██
██[38;2;13;13;9m██[38;2;9;9;73m█[38;2;10;10;74m█[38;2;3;3;110m█[38;2;0;0;95m█[38;2;187;188;176m█[38;2;255;255;255m██[38;2;253;253;253m███████████[38;2;255;255;254m█[38;2;187;188;176m█[38;2;0;0;94m█[38;2;3;3;110m█[38;2;10;10;74m█[38;2;9;9;73m█[38;2;13;13;9m██[38;2;13;13;16m██
██[38;2;13;15;6m██[38;2;5;8;100m█[38;2;6;9;101m█[38;2;0;0;63m█[38;2;54;54;125m█[38;2;255;255;250m█[38;2;255;255;246m█[38;2;238;238;238m█[38;2;255;255;255m██[38;2;253;253;253m█████████[38;2;254;255;245m█[38;2;255;255;250m█[38;2;54;54;125m█[38;2;0;0;63m█[38;2;9;8;101m█[38;2;8;6;100m█[38;2;13;15;6m██[38;2;13;13;16m██
██[38;2;13;15;6m██[38;2;5;5;117m█[38;2;6;6;118m█[38;2;0;0;32m█[38;2;138;139;185m█[38;2;255;255;255m█[38;2;180;180;175m█[38;2;6;6;6m█[38;2;102;102;102m█[38;2;230;230;230m█[38;2;255;255;255m██[38;2;253;253;253m█[38;2;254;254;254m█[38;2;255;255;255m█████[38;2;254;254;250m█[38;2;255;255;255m█[38;2;137;138;183m█[38;2;0;0;32m█[38;2;6;6;118m█[38;2;5;5;117m█[38;2;13;15;6m██[38;2;13;13;16m██
██[38;2;13;13;9m██[38;2;5;5;123m██[38;2;0;0;24m█[38;2;189;188;221m█[38;2;255;255;255m█[38;2;208;208;203m█[38;2;28;28;28m█[38;2;0;0;0m█[38;2;18;18;18m█[38;2;143;143;143m█[38;2;247;247;247m█[38;2;255;255;255m█[38;2;250;250;250m█[38;2;216;216;216m█[38;2;212;212;212m███[38;2;214;214;214m█[38;2;246;246;242m█[38;2;255;255;255m█[38;2;189;188;221m█[38;2;0;0;25m█[38;2;4;5;123m██[38;2;13;13;9m██[38;2;13;13;16m██
██[38;2;13;13;9m██[38;2;5;5;126m█[38;2;2;2;123m█[38;2;0;0;25m█[38;2;207;207;232m█[38;2;255;255;255m███[38;2;111;111;111m█[38;2;0;0;0m██[38;2;101;101;101m█[38;2;255;255;255m█[38;2;150;150;150m█[38;2;0;0;0m█████[38;2;119;119;117m█[38;2;255;255;255m█[38;2;207;207;232m█[38;2;0;0;25m█[38;2;2;2;123m█[38;2;4;4;125m█[38;2;13;13;9m██[38;2;13;13;16m██
██[38;2;13;13;9m██[38;2;5;5;126m█[38;2;2;2;123m█[38;2;0;0;25m█[38;2;208;208;233m█[38;2;255;255;255m█[38;2;252;252;250m█[38;2;166;166;166m█[38;2;39;39;39m█[38;2;0;0;0m█[38;2;18;18;18m█[38;2;169;169;169m█[38;2;255;255;255m█[38;2;200;200;200m█[38;2;79;79;79m██[38;2;80;80;80m██[38;2;75;75;75m█[38;2;181;181;179m█[38;2;255;255;255m█[38;2;208;208;233m█[38;2;0;0;25m█[38;2;2;2;123m█[38;2;4;4;125m█[38;2;13;13;9m██[38;2;13;13;16m██
██[38;2;13;13;9m██[38;2;5;5;126m█[38;2;2;2;123m█[38;2;0;0;25m█[38;2;208;208;233m█[38;2;255;255;255m█[38;2;171;171;168m█[38;2;0;0;0m██[38;2;109;109;109m█[38;2;233;233;233m█[38;2;255;255;255m█[38;2;252;252;252m█[38;2;255;255;255m████████[38;2;208;208;233m█[38;2;0;0;25m█[38;2;2;2;123m█[38;2;4;4;125m█[38;2;13;13;9m██[38;2;13;13;16m██
██[38;2;13;13;9m██[38;2;5;5;126m█[38;2;2;2;123m█[38;2;0;0;25m█[38;2;208;208;233m█[38;2;255;255;255m█[38;2;222;222;219m█[38;2;115;115;115m█[38;2;202;202;202m█[38;2;255;255;255m██[38;2;253;253;253m████████[38;2;253;253;251m█[38;2;255;255;255m█[38;2;208;208;233m█[38;2;0;0;25m█[38;2;2;2;123m█[38;2;4;4;125m█[38;2;13;13;9m██[38;2;13;13;16m██
██[38;2;13;13;9m██[38;2;5;5;126m█[38;2;2;2;123m█[38;2;0;0;25m█[38;2;208;208;233m█[38;2;255;255;255m█[38;2;255;255;254m█[38;2;255;255;255m██[38;2;253;253;253m██████████[38;2;253;253;251m█[38;2;255;255;255m█[38;2;208;208;233m█[38;2;0;0;25m█[38;2;2;2;123m█[38;2;4;4;125m█[38;2;13;13;9m██[38;2;13;13;16m██
██[38;2;13;13;9m██[38;2;5;5;126m█[38;2;2;2;123m█[38;2;0;0;25m█[38;2;208;208;233m█[38;2;255;255;255m█[38;2;253;253;251m█[38;2;253;253;253m████████████[38;2;253;253;251m█[38;2;255;255;255m█[38;2;208;208;233m█[38;2;0;0;25m█[38;2;2;2;123m█[38;2;4;4;125m█[38;2;13;13;9m██[38;2;13;13;16m██
██[38;2;13;13;9m██[38;2;5;5;126m█[38;2;2;2;123m█[38;2;0;0;25m█[38;2;208;208;233m█[38;2;255;255;255m█[38;2;253;253;251m█[38;2;253;253;253m████████████[38;2;253;253;251m█[38;2;255;255;255m█[38;2;208;208;233m█[38;2;0;0;25m█[38;2;2;2;123m█[38;2;4;4;125m█[38;2;13;13;9m██[38;2;13;13;16m██
██[38;2;13;13;9m██[38;2;5;5;126m█[38;2;2;2;123m█[38;2;0;0;25m█[38;2;208;208;233m█[38;2;255;255;255m█[38;2;253;253;251m█[38;2;253;253;253m████████████[38;2;253;253;251m█[38;2;255;255;255m█[38;2;208;208;233m█[38;2;0;0;25m█[38;2;2;2;123m█[38;2;5;5;126m█[38;2;13;13;9m██[38;2;13;13;16m██
██[38;2;13;13;9m██[38;2;5;5;126m█[38;2;2;2;123m█[38;2;0;0;25m█[38;2;208;208;233m█[38;2;255;255;255m█[38;2;253;253;251m█[38;2;253;253;253m████████████[38;2;253;253;251m█[38;2;255;255;255m█[38;2;208;208;233m█[38;2;0;0;25m█[38;2;2;2;123m█[38;2;4;4;125m█[38;2;13;13;9m██[38;2;13;13;16m██
██[38;2;13;13;9m██[38;2;5;5;126m█[38;2;2;2;123m█[38;2;0;0;25m█[38;2;208;208;233m█[38;2;255;255;255m█[38;2;253;253;251m█[38;2;253;253;253m████████████[38;2;253;253;251m█[38;2;255;255;255m█[38;2;208;208;233m█[38;2;0;0;25m█[38;2;2;2;123m█[38;2;4;4;125m█[38;2;13;13;9m██[38;2;13;13;16m██
██[38;2;13;13;9m██[38;2;6;5;126m█[38;2;3;2;123m█[38;2;0;0;25m█[38;2;209;209;235m█[38;2;255;255;255m█[38;2;253;253;251m█[38;2;253;253;253m████████████[38;2;253;253;251m█[38;2;255;255;255m█[38;2;209;209;235m█[38;2;1;1;26m█[38;2;2;2;123m█[38;2;4;4;125m█[38;2;13;13;9m██[38;2;13;13;16m██
██[38;2;13;13;9m██[38;2;4;4;125m█[38;2;3;3;124m█[38;2;0;0;22m█[38;2;189;189;218m█[38;2;255;255;255m█[38;2;253;253;249m█[38;2;253;253;253m██[38;2;255;255;255m██[38;2;254;254;254m█[38;2;253;253;253m██[38;2;254;254;254m█[38;2;255;255;255m██[38;2;253;253;253m██[38;2;253;253;249m█[38;2;255;255;255m█[38;2;190;190;219m█[38;2;0;0;22m█[38;2;4;3;124m█[38;2;5;4;125m█[38;2;13;13;9m██[38;2;13;13;16m██
██[38;2;13;15;6m██[38;2;5;5;115m█[38;2;6;6;116m█[38;2;0;0;45m█[38;2;73;74;127m█[38;2;255;255;253m█[38;2;255;255;255m███[38;2;212;212;210m█[38;2;207;207;204m█[38;2;255;255;255m████[38;2;207;207;204m█[38;2;210;210;208m█[38;2;255;255;255m███[38;2;255;255;254m█[38;2;76;77;129m█[38;2;0;0;41m█[38;2;6;6;116m█[38;2;5;5;115m█[38;2;13;15;6m██[38;2;13;13;16m██
██[38;2;13;15;6m██[38;2;8;8;79m█[38;2;9;9;80m█[38;2;4;4;122m█[38;2;0;0;102m█[38;2;76;75;60m█[38;2;185;183;168m█[38;2;193;194;186m█[38;2;107;108;100m█[38;2;3;3;5m█[38;2;0;0;1m█[38;2;94;95;87m█[38;2;189;190;182m██[38;2;94;95;87m█[38;2;0;0;1m█[38;2;2;2;4m█[38;2;107;108;100m█[38;2;194;195;187m█[38;2;186;185;169m█[38;2;80;79;63m█[38;2;0;0;100m█[38;2;4;4;119m█[38;2;9;9;82m█[38;2;8;8;81m█[38;2;13;15;6m██[38;2;13;13;16m██
██[38;2;13;13;13m██[38;2;13;12;22m██[38;2;2;2;176m█[38;2;0;0;174m█[38;2;0;0;55m█[38;2;0;0;53m█[38;2;0;0;41m█[38;2;0;0;39m█[38;2;0;0;180m█[38;2;0;0;181m█[38;2;0;0;46m███[38;2;0;0;45m█[38;2;0;0;181m█[38;2;0;0;180m█[38;2;0;0;39m█[38;2;0;0;41m█[38;2;0;0;53m█[38;2;0;0;54m█[38;2;0;0;176m█[38;2;2;2;179m█[38;2;13;12;24m██[38;2;13;13;13m██[38;2;13;13;16m██
████[38;2;13;15;6m██[38;2;9;9;70m█[38;2;10;10;72m█[38;2;0;0;212m█[38;2;0;0;211m█[38;2;0;0;209m█[38;2;0;0;210m█[38;2;5;4;145m██[38;2;0;0;209m█[38;2;0;0;208m██[38;2;0;0;209m█[38;2;5;4;143m██[38;2;0;0;210m█[38;2;0;0;209m█[38;2;0;0;211m█[38;2;0;0;212m█[38;2;10;10;74m█[38;2;9;9;73m█[38;2;13;15;6m██[38;2;13;13;16m████
██████[38;2;13;13;9m██[38;2;11;11;38m██[38;2;11;10;42m██[38;2;13;15;4m██[38;2;11;11;40m████[38;2;13;15;4m██[38;2;11;10;42m██[38;2;11;11;38m██[38;2;13;13;9m██[38;2;13;13;16m██████
████████[38;2;13;13;11m████[38;2;13;13;16m██[38;2;13;13;11m████[38;2;13;13;16m██[38;2;13;13;11m████[38;2;13;13;16m████████
████████████████████████████████