[38;2;13;13;16m██████████[38;2;13;15;6m██[38;2;11;11;34m██[38;2;8;6;95m████[38;2;11;11;34m██[38;2;13;15;6m██[38;2;13;13;16m██████████
████████[38;2;13;15;6m██[38;2;8;9;74m█[38;2;9;10;75m█[38;2;0;0;212m██[38;2;0;0;210m█[38;2;0;0;208m██[38;2;0;0;210m█[38;2;0;0;212m██[38;2;10;10;75m█[38;2;9;9;74m█[38;2;13;15;6m██[38;2;13;13;16m████████
██████[38;2;13;13;9m██[38;2;9;10;55m██[38;2;0;0;210m█[38;2;0;0;208m█[38;2;0;0;84m█[38;2;0;0;76m█[38;2;0;0;4m█[38;2;9;9;15m██[38;2;0;0;4m█[38;2;0;0;76m█[38;2;0;0;84m█[38;2;0;0;208m█[38;2;1;1;211m█[38;2;9;10;55m██[38;2;13;13;9m██[38;2;13;13;16m██████
██████[38;2;13;13;13m██[38;2;2;2;175m██[38;2;0;0;76m█[38;2;0;0;69m█[38;2;59;58;42m█[38;2;147;146;131m█[38;2;201;201;198m█[38;2;222;222;219m██[38;2;201;201;198m█[38;2;147;146;131m█[38;2;59;58;42m█[38;2;0;0;69m█[38;2;0;0;76m█[38;2;2;2;175m██[38;2;13;13;13m██[38;2;13;13;16m██████
████[38;2;13;15;6m██[38;2;8;8;81m█[38;2;9;9;82m█[38;2;3;4;153m█[38;2;0;0;132m█[38;2;26;27;16m█[38;2;175;176;165m█[38;2;255;255;255m████████[38;2;175;176;165m█[38;2;26;27;16m█[38;2;0;0;132m█[38;2;3;4;153m█[38;2;9;9;82m█[38;2;8;8;81m█[38;2;13;15;6m██[38;2;13;13;16m████
████[38;2;13;13;9m██[38;2;4;3;146m█[38;2;6;5;148m█[38;2;0;0;41m█[38;2;41;42;94m█[38;2;229;230;222m█[38;2;255;255;255m█[38;2;254;254;254m█[38;2;253;253;253m██████[38;2;254;254;254m█[38;2;255;255;255m█[38;2;229;230;222m█[38;2;41;42;94m█[38;2;0;0;41m█[38;2;4;6;148m█[38;2;2;4;146m█[38;2;13;15;6m██[38;2;13;13;16m████
██[38;2;13;13;13m██[38;2;11;11;32m██[38;2;4;5;154m█[38;2;0;0;140m█[38;2;24;24;24m█[38;2;228;228;228m█[38;2;255;255;255m█[38;2;253;253;253m██████████[38;2;255;255;255m█[38;2;228;228;228m█[38;2;24;24;24m█[38;2;0;0;139m█[38;2;4;5;153m█[38;2;11;11;32m██[38;2;13;13;13m██[38;2;13;13;16m██
██[38;2;13;13;9m██[38;2;9;9;68m█[38;2;10;10;69m█[38;2;4;4;117m█[38;2;0;0;96m█[38;2;168;169;158m█[38;2;255;255;255m█[38;2;254;254;254m█[38;2;253;253;253m███████████[38;2;255;255;255m█[38;2;168;169;158m█[38;2;0;0;96m█[38;2;4;4;117m█[38;2;10;10;69m█[38;2;9;9;68m█[38;2;13;13;9m██[38;2;13;13;16m██
██[38;2;13;15;6m██[38;2;8;6;97m█[38;2;9;8;98m█[38;2;0;0;69m█[38;2;42;42;118m█[38;2;254;255;245m█[38;2;255;255;249m█[38;2;254;254;254m█[38;2;255;255;255m██[38;2;253;253;253m█████████[38;2;254;255;245m██[38;2;42;42;118m█[38;2;0;0;69m█[38;2;9;8;101m█[38;2;8;6;100m█[38;2;13;15;6m██[38;2;13;13;16m██
██[38;2;13;15;6m██[38;2;5;5;117m█[38;2;6;6;118m█[38;2;0;0;34m█[38;2;127;129;176m█[38;2;255;255;255m█[38;2;193;194;186m█[38;2;37;37;37m█[38;2;136;136;136m█[38;2;247;247;247m█[38;2;255;255;255m█[38;2;254;254;254m█[38;2;253;253;253m██[38;2;255;255;255m█████[38;2;253;254;246m█[38;2;255;255;255m█[38;2;127;129;176m█[38;2;0;0;34m█[38;2;6;6;118m█[38;2;5;5;117m█[38;2;13;15;6m██[38;2;13;13;16m██
██[38;2;13;13;9m██[38;2;4;5;123m██[38;2;0;0;23m█[38;2;185;183;216m█[38;2;255;255;255m█[38;2;193;193;188m█[38;2;3;3;3m█[38;2;0;0;0m█[38;2;42;42;42m█[38;2;176;176;176m█[38;2;255;255;255m█[38;2;254;254;254m█[38;2;255;255;255m█[38;2;239;239;239m█[38;2;236;236;236m█[38;2;237;237;237m█[38;2;236;236;236m█[38;2;237;237;237m█[38;2;254;254;250m█[38;2;255;255;255m█[38;2;185;183;216m█[38;2;0;0;23m█[38;2;4;5;123m██[38;2;13;13;9m██[38;2;13;13;16m██
██[38;2;13;13;9m██[38;2;4;4;125m█[38;2;2;2;123m█[38;2;0;0;25m█[38;2;205;205;232m█[38;2;255;255;255m██[38;2;233;233;233m█[38;2;91;91;91m█[38;2;0;0;0m██[38;2;119;119;119m█[38;2;255;255;255m█[38;2;162;162;162m█[38;2;8;8;8m█[38;2;13;13;13m███[38;2;4;4;4m█[38;2;136;136;133m█[38;2;255;255;255m█[38;2;205;205;232m█[38;2;0;0;25m█[38;2;2;2;123m█[38;2;5;5;126m█[38;2;13;13;9m██[38;2;13;13;16m██
██[38;2;13;13;9m██[38;2;4;4;125m█[38;2;2;2;123m█[38;2;0;0;25m█[38;2;208;208;233m█[38;2;255;255;255m██[38;2;201;201;201m█[38;2;63;63;63m█[38;2;0;0;0m██[38;2;144;144;144m█[38;2;255;255;255m█[38;2;181;181;181m█[38;2;42;42;42m█[38;2;45;45;45m█[38;2;46;46;46m██[38;2;39;39;39m█[38;2;158;158;155m█[38;2;255;255;255m█[38;2;208;208;233m█[38;2;0;0;25m█[38;2;2;2;123m█[38;2;5;5;126m█[38;2;13;13;9m██[38;2;13;13;16m██
██[38;2;13;13;9m██[38;2;4;4;125m█[38;2;2;2;123m█[38;2;0;0;25m█[38;2;208;208;233m█[38;2;255;255;255m█[38;2;179;179;176m█[38;2;0;0;0m██[38;2;75;75;75m█[38;2;209;209;209m█[38;2;255;255;255m█[38;2;253;253;253m█[38;2;255;255;255m██[38;2;254;254;254m███[38;2;255;255;255m███[38;2;208;208;233m█[38;2;0;0;25m█[38;2;2;2;123m█[38;2;4;4;125m█[38;2;13;13;9m██[38;2;13;13;16m██
██[38;2;13;13;9m██[38;2;4;4;125m█[38;2;2;2;123m█[38;2;0;0;25m█[38;2;208;208;233m█[38;2;255;255;255m█[38;2;208;208;205m█[38;2;76;76;76m█[38;2;173;173;173m█[38;2;255;255;255m██[38;2;253;253;253m███[38;2;254;254;254m█████[38;2;253;253;251m█[38;2;255;255;255m█[38;2;208;208;233m█[38;2;0;0;25m█[38;2;2;2;123m█[38;2;4;4;125m█[38;2;13;13;9m██[38;2;13;13;16m██
██[38;2;13;13;9m██[38;2;4;4;125m█[38;2;2;2;123m█[38;2;0;0;25m█[38;2;208;208;233m█[38;2;255;255;255m████[38;2;254;254;254m█[38;2;253;253;253m█████████[38;2;253;253;251m█[38;2;255;255;255m█[38;2;208;208;233m█[38;2;0;0;25m█[38;2;2;2;123m█[38;2;4;4;125m█[38;2;13;13;9m██[38;2;13;13;16m██
██[38;2;13;13;9m██[38;2;4;4;125m█[38;2;2;2;123m█[38;2;0;0;25m█[38;2;208;208;233m█[38;2;255;255;255m█[38;2;253;253;251m█[38;2;253;253;253m████████████[38;2;253;253;251m█[38;2;255;255;255m█[38;2;208;208;233m█[38;2;0;0;25m█[38;2;2;2;123m█[38;2;4;4;125m█[38;2;13;13;9m██[38;2;13;13;16m██
██[38;2;13;13;9m██[38;2;4;4;125m█[38;2;2;2;123m█[38;2;0;0;25m█[38;2;208;208;233m█[38;2;255;255;255m█[38;2;253;253;251m█[38;2;253;253;253m████████████[38;2;253;253;251m█[38;2;255;255;255m█[38;2;208;208;233m█[38;2;0;0;25m█[38;2;2;2;123m█[38;2;4;4;125m█[38;2;13;13;9m██[38;2;13;13;16m██
██[38;2;13;13;9m██[38;2;4;4;125m█[38;2;2;2;123m█[38;2;0;0;25m█[38;2;208;208;233m█[38;2;255;255;255m█[38;2;253;253;251m█[38;2;253;253;253m████████████[38;2;253;253;251m█[38;2;255;255;255m█[38;2;208;208;233m█[38;2;0;0;25m█[38;2;2;2;123m█[38;2;4;4;125m█[38;2;13;13;9m██[38;2;13;13;16m██
██[38;2;13;13;9m██[38;2;4;4;125m█[38;2;2;2;123m█[38;2;0;0;25m█[38;2;208;208;233m█[38;2;255;255;255m█[38;2;253;253;251m█[38;2;253;253;253m████████████[38;2;253;253;251m█[38;2;255;255;255m█[38;2;208;208;233m█[38;2;0;0;25m█[38;2;2;2;123m█[38;2;4;4;125m█[38;2;13;13;9m██[38;2;13;13;16m██
██[38;2;13;13;9m██[38;2;4;4;125m█[38;2;2;2;123m█[38;2;0;0;25m█[38;2;208;208;233m█[38;2;255;255;255m█[38;2;253;253;251m█[38;2;253;253;253m████████████[38;2;253;253;251m█[38;2;255;255;255m█[38;2;208;208;233m█[38;2;0;0;25m█[38;2;2;2;123m█[38;2;4;4;125m█[38;2;13;13;9m██[38;2;13;13;16m██
██[38;2;13;13;9m██[38;2;5;4;125m█[38;2;3;2;123m█[38;2;1;1;26m█[38;2;208;208;233m█[38;2;255;255;255m█[38;2;253;253;251m█[38;2;253;253;253m████████████[38;2;253;253;251m█[38;2;255;255;255m█[38;2;208;208;233m█[38;2;1;1;26m█[38;2;2;2;123m█[38;2;4;4;125m█[38;2;13;13;9m██[38;2;13;13;16m██
██[38;2;13;13;9m██[38;2;4;4;127m█[38;2;3;3;126m█[38;2;0;0;24m█[38;2;203;203;230m█[38;2;255;255;255m█[38;2;253;253;251m█[38;2;253;253;253m██[38;2;254;254;254m██[38;2;253;253;253m████[38;2;254;254;254m██[38;2;253;253;253m██[38;2;253;253;251m█[38;2;255;255;255m█[38;2;204;204;231m█[38;2;0;0;24m█[38;2;3;3;126m█[38;2;4;4;127m█[38;2;13;13;9m██[38;2;13;13;16m██
██[38;2;13;15;6m██[38;2;4;4;127m█[38;2;5;5;129m█[38;2;0;0;28m█[38;2;126;129;168m█[38;2;255;255;255m█[38;2;255;255;251m█[38;2;254;254;254m█[38;2;255;255;255m██████████[38;2;254;254;254m█[38;2;255;255;251m█[38;2;255;255;255m█[38;2;132;131;172m█[38;2;0;0;28m█[38;2;5;5;129m█[38;2;4;4;127m█[38;2;13;15;6m██[38;2;13;13;16m██
██[38;2;13;15;4m██[38;2;5;6;110m█[38;2;6;8;111m█[38;2;1;0;88m█[38;2;0;0;87m█[38;2;161;162;151m█[38;2;250;251;239m█[38;2;253;253;251m█[38;2;194;194;192m█[38;2;65;66;55m█[38;2;58;59;48m█[38;2;182;182;180m█[38;2;252;252;250m██[38;2;182;182;180m█[38;2;56;58;47m█[38;2;63;65;54m█[38;2;194;194;192m█[38;2;254;254;252m█[38;2;251;252;240m█[38;2;166;167;155m█[38;2;1;0;88m██[38;2;6;6;113m█[38;2;5;5;112m█[38;2;13;15;4m██[38;2;13;13;16m██
██[38;2;13;13;9m██[38;2;9;10;58m██[38;2;3;3;182m█[38;2;0;0;172m█[38;2;0;0;0m█[38;2;34;34;38m█[38;2;41;41;41m█[38;2;1;1;1m█[38;2;0;0;86m█[38;2;0;0;87m█[38;2;0;0;1m█[38;2;39;39;42m█[38;2;39;39;45m█[38;2;0;0;3m█[38;2;0;0;87m█[38;2;0;0;86m█[38;2;1;1;1m█[38;2;42;42;42m█[38;2;35;35;38m█[38;2;0;0;0m█[38;2;0;0;171m█[38;2;3;3;182m█[38;2;9;10;60m██[38;2;13;13;9m██[38;2;13;13;16m██
████[38;2;13;13;9m██[38;2;2;2;161m█[38;2;4;4;164m█[38;2;0;0;196m█[38;2;0;0;187m█[38;2;0;0;171m█[38;2;0;0;180m█[38;2;0;0;239m██[38;2;0;0;183m█[38;2;0;0;175m██[38;2;0;0;183m█[38;2;0;0;239m██[38;2;0;0;180m█[38;2;0;0;171m█[38;2;0;0;187m█[38;2;0;0;196m█[38;2;4;4;166m█[38;2;3;3;165m█[38;2;13;13;9m██[38;2;13;13;16m████
████[38;2;13;13;11m██[38;2;11;11;32m██[38;2;3;3;166m██[38;2;3;2;173m██[38;2;9;9;70m██[38;2;3;3;168m████[38;2;9;9;70m██[38;2;3;2;173m██[38;2;3;3;166m██[38;2;11;11;32m██[38;2;13;13;11m██[38;2;13;13;16m████
██████[38;2;13;13;11m██[38;2;13;13;9m██[38;2;13;13;11m██[38;2;13;15;6m██[38;2;13;13;11m████[38;2;13;15;6m██[38;2;13;13;11m██[38;2;13;13;9m██[38;2;13;13;11m██[38;2;13;13;16m██████
████████████████████████████████
████████████████████████████████
████████████████████████████████