[38;2;13;13;16m████████████[38;2;13;13;13m██[38;2;13;13;9m████[38;2;13;13;13m██[38;2;13;13;16m████████████
██████████[38;2;13;13;9m██[38;2;13;13;17m██[38;2;9;10;60m██[38;2;9;10;58m██[38;2;13;13;16m██[38;2;13;13;9m██[38;2;13;13;16m██████████
████████[38;2;13;15;6m██[38;2;11;10;49m██[38;2;2;1;187m██[38;2;0;0;244m████[38;2;2;1;183m██[38;2;11;10;45m██[38;2;13;13;9m██[38;2;13;13;16m████████
██████[38;2;13;13;11m██[38;2;11;11;37m██[38;2;0;0;212m█[38;2;1;1;214m█[38;2;0;0;208m█[38;2;0;0;201m█[38;2;0;0;108m█[38;2;0;0;104m█[38;2;0;0;107m█[38;2;0;0;111m█[38;2;0;0;205m█[38;2;0;0;212m█[38;2;1;1;210m█[38;2;0;0;209m█[38;2;11;11;32m██[38;2;13;13;11m██[38;2;13;13;16m██████
██████[38;2;13;13;9m██[38;2;2;2;167m█[38;2;4;4;169m█[38;2;1;1;180m█[38;2;0;0;165m█[38;2;0;0;2m█[38;2;19;18;30m█[38;2;62;61;48m█[38;2;87;86;73m█[38;2;86;84;72m█[38;2;59;58;45m█[38;2;16;15;30m█[38;2;0;0;4m█[38;2;0;0;173m█[38;2;2;1;187m█[38;2;3;4;158m█[38;2;2;3;157m█[38;2;13;15;6m██[38;2;13;13;16m██████
████[38;2;13;13;9m██[38;2;9;9;66m██[38;2;1;2;205m█[38;2;0;0;198m█[38;2;0;0;3m█[38;2;44;45;60m█[38;2;164;165;157m█[38;2;236;237;229m█[38;2;255;255;255m████[38;2;231;232;222m█[38;2;153;154;144m█[38;2;32;32;55m█[38;2;0;0;11m█[38;2;0;0;203m█[38;2;1;1;208m█[38;2;9;10;58m██[38;2;13;13;9m██[38;2;13;13;16m████
████[38;2;13;15;6m██[38;2;2;3;151m█[38;2;4;5;153m█[38;2;0;1;101m█[38;2;0;0;86m█[38;2;118;119;105m█[38;2;251;252;238m█[38;2;255;255;255m██[38;2;254;254;254m█[38;2;253;253;253m██[38;2;254;254;254m█[38;2;255;255;255m██[38;2;245;244;231m█[38;2;100;98;86m█[38;2;0;0;95m█[38;2;2;2;115m█[38;2;6;5;143m█[38;2;4;3;140m█[38;2;13;15;4m██[38;2;13;13;16m████
██[38;2;13;13;13m██[38;2;11;12;27m██[38;2;2;2;179m█[38;2;0;0;175m█[38;2;0;0;5m█[38;2;136;137;152m█[38;2;255;255;255m█[38;2;255;255;254m█[38;2;253;253;253m████████[38;2;255;255;253m█[38;2;255;255;255m█[38;2;110;110;136m█[38;2;0;0;12m█[38;2;1;1;175m█[38;2;2;2;176m█[38;2;13;12;22m██[38;2;13;13;13m██[38;2;13;13;16m██
██[38;2;13;13;9m██[38;2;9;9;66m██[38;2;5;4;147m█[38;2;0;0;124m█[38;2;93;94;83m█[38;2;255;255;255m█[38;2;254;254;254m█[38;2;253;253;253m██████████[38;2;255;255;255m█[38;2;255;255;250m█[38;2;65;66;58m█[38;2;0;0;133m█[38;2;4;5;154m█[38;2;9;10;55m██[38;2;13;13;11m██[38;2;13;13;16m██
██[38;2;13;15;6m██[38;2;8;5;102m█[38;2;9;6;103m█[38;2;1;0;93m█[38;2;12;11;104m█[38;2;229;230;218m█[38;2;255;255;249m█[38;2;253;253;253m████████████[38;2;255;255;252m█[38;2;204;205;194m█[38;2;0;0;100m█[38;2;2;2;109m█[38;2;9;8;93m█[38;2;8;6;91m█[38;2;13;15;6m██[38;2;13;13;16m██
██[38;2;13;15;6m██[38;2;5;5;123m█[38;2;8;8;125m█[38;2;0;0;46m█[38;2;79;79;136m█[38;2;255;255;255m█[38;2;255;255;253m█[38;2;253;253;253m████████████[38;2;253;254;244m█[38;2;255;255;252m█[38;2;63;63;134m█[38;2;0;0;62m█[38;2;8;8;115m█[38;2;5;5;112m█[38;2;13;15;4m██[38;2;13;13;16m██
██[38;2;13;13;9m██[38;2;4;4;129m█[38;2;5;5;130m█[38;2;0;0;30m█[38;2;0;0;31m█[38;2;90;90;86m█[38;2;222;222;217m█[38;2;255;255;255m██[38;2;252;252;252m█[38;2;255;255;255m██████[38;2;254;254;254m█[38;2;253;253;253m██[38;2;253;254;246m█[38;2;255;255;255m█[38;2;138;139;185m█[38;2;0;0;32m█[38;2;6;6;124m█[38;2;5;5;123m█[38;2;13;15;6m██[38;2;13;13;16m██
██[38;2;13;13;9m██[38;2;5;5;130m█[38;2;3;3;127m█[38;2;3;3;28m█[38;2;31;31;56m█[38;2;0;0;0m█[38;2;11;11;9m█[38;2;131;131;131m█[38;2;247;247;247m█[38;2;255;255;255m█[38;2;197;197;197m█[38;2;150;150;150m█[38;2;153;153;153m██[38;2;151;151;151m█[38;2;168;168;168m█[38;2;247;247;247m█[38;2;254;254;254m█[38;2;253;253;253m█[38;2;253;253;249m█[38;2;255;255;255m█[38;2;182;181;216m█[38;2;0;0;25m█[38;2;5;5;123m██[38;2;13;15;6m██[38;2;13;13;16m██
██[38;2;13;13;11m██[38;2;5;5;126m█[38;2;1;1;122m█[38;2;11;11;32m█[38;2;204;204;225m█[38;2;61;61;59m█[38;2;0;0;0m██[38;2;186;186;186m█[38;2;255;255;255m█[38;2;41;41;41m█[38;2;0;0;0m█████[38;2;201;201;201m█[38;2;255;255;255m█[38;2;253;253;253m█[38;2;253;253;249m█[38;2;255;255;255m█[38;2;195;195;224m█[38;2;0;0;24m█[38;2;4;4;122m█[38;2;5;5;123m█[38;2;13;13;9m██[38;2;13;13;16m██
██[38;2;13;13;11m██[38;2;5;5;126m█[38;2;2;2;123m█[38;2;3;3;24m█[38;2;34;34;55m█[38;2;0;0;0m█[38;2;9;9;6m█[38;2;126;126;126m█[38;2;246;246;246m█[38;2;255;255;255m█[38;2;195;195;195m█[38;2;145;145;145m█[38;2;148;148;148m█[38;2;150;150;150m█[38;2;147;147;147m█[38;2;165;165;165m█[38;2;246;246;246m█[38;2;254;254;254m█[38;2;253;253;253m█[38;2;253;253;249m█[38;2;255;255;255m█[38;2;195;195;224m█[38;2;0;0;24m█[38;2;4;4;122m█[38;2;5;5;123m█[38;2;13;13;9m██[38;2;13;13;16m██
██[38;2;13;13;11m██[38;2;5;5;126m█[38;2;3;3;124m█[38;2;0;0;17m█[38;2;0;0;12m█[38;2;87;87;84m█[38;2;218;218;216m█[38;2;255;255;255m██[38;2;252;252;252m█[38;2;255;255;255m██████[38;2;254;254;254m█[38;2;253;253;253m██[38;2;253;253;249m█[38;2;255;255;255m█[38;2;195;195;224m█[38;2;0;0;24m█[38;2;4;4;122m█[38;2;5;5;123m█[38;2;13;13;9m██[38;2;13;13;16m██
██[38;2;13;13;11m██[38;2;5;5;129m█[38;2;1;1;124m█[38;2;1;1;24m█[38;2;173;173;196m█[38;2;255;255;255m██[38;2;253;253;253m████████████[38;2;253;253;249m█[38;2;255;255;255m█[38;2;195;195;224m█[38;2;0;0;24m█[38;2;4;4;122m█[38;2;5;5;123m█[38;2;13;13;9m██[38;2;13;13;16m██
██[38;2;13;13;11m██[38;2;5;5;129m█[38;2;1;1;124m█[38;2;6;6;30m█[38;2;224;224;247m█[38;2;255;255;255m█[38;2;253;253;251m█[38;2;253;253;253m████████████[38;2;253;253;249m█[38;2;255;255;255m█[38;2;196;196;225m█[38;2;0;0;24m█[38;2;4;4;122m█[38;2;5;5;123m█[38;2;13;13;9m██[38;2;13;13;16m██
██[38;2;13;13;11m██[38;2;5;5;129m█[38;2;1;1;124m█[38;2;5;5;28m█[38;2;217;217;240m█[38;2;255;255;255m█[38;2;253;253;251m█[38;2;253;253;253m████████████[38;2;253;253;249m█[38;2;255;255;255m█[38;2;196;196;225m█[38;2;0;0;25m█[38;2;3;4;122m█[38;2;4;5;123m█[38;2;13;13;9m██[38;2;13;13;16m██
██[38;2;13;13;11m██[38;2;5;5;129m█[38;2;1;1;124m█[38;2;4;4;27m█[38;2;216;216;239m█[38;2;255;255;255m█[38;2;253;253;251m█[38;2;253;253;253m████████████[38;2;253;253;249m█[38;2;255;255;255m█[38;2;197;197;226m█[38;2;0;0;25m█[38;2;3;4;122m█[38;2;4;5;123m█[38;2;13;13;9m██[38;2;13;13;16m██
██[38;2;13;13;11m██[38;2;5;5;126m█[38;2;1;1;122m█[38;2;4;4;27m█[38;2;215;215;238m█[38;2;255;255;255m█[38;2;253;253;251m█[38;2;253;253;253m████████████[38;2;253;253;249m█[38;2;255;255;255m█[38;2;200;200;226m█[38;2;0;0;23m█[38;2;3;4;122m█[38;2;5;6;124m█[38;2;13;13;9m██[38;2;13;13;16m██
██[38;2;13;13;11m██[38;2;5;5;129m█[38;2;1;1;124m█[38;2;3;3;26m█[38;2;214;214;237m█[38;2;255;255;255m█[38;2;253;253;251m█[38;2;253;253;253m████████████[38;2;253;253;249m█[38;2;255;255;255m█[38;2;201;201;228m█[38;2;0;0;24m█[38;2;3;4;122m█[38;2;5;6;124m█[38;2;13;13;9m██[38;2;13;13;16m██
██[38;2;13;13;11m██[38;2;5;5;129m█[38;2;1;1;124m█[38;2;3;3;26m█[38;2;215;215;238m█[38;2;255;255;255m█[38;2;253;253;251m█[38;2;253;253;253m████████████[38;2;253;253;249m█[38;2;255;255;255m█[38;2;203;203;230m█[38;2;0;0;24m█[38;2;3;3;124m█[38;2;5;5;126m█[38;2;13;13;9m██[38;2;13;13;16m██
██[38;2;13;13;9m██[38;2;4;4;125m█[38;2;3;3;124m█[38;2;0;0;22m█[38;2;186;186;215m█[38;2;255;255;255m█[38;2;255;255;254m█[38;2;253;253;253m███[38;2;255;255;255m███[38;2;253;253;253m███[38;2;255;255;255m███[38;2;252;252;247m█[38;2;255;255;255m█[38;2;176;175;208m█[38;2;0;0;22m█[38;2;5;5;123m██[38;2;13;15;6m██[38;2;13;13;16m██
██[38;2;13;15;6m██[38;2;5;5;115m█[38;2;6;6;116m█[38;2;0;0;49m█[38;2;56;56;113m█[38;2;169;171;159m█[38;2;216;217;205m█[38;2;255;255;255m███[38;2;218;218;218m█[38;2;160;160;158m█[38;2;223;223;221m█[38;2;255;255;255m███[38;2;210;210;210m█[38;2;164;164;161m█[38;2;231;231;229m█[38;2;255;255;255m█[38;2;247;249;240m█[38;2;52;52;113m█[38;2;0;0;54m█[38;2;6;6;113m█[38;2;5;5;112m█[38;2;13;15;6m██[38;2;13;13;16m██
██[38;2;13;13;9m██[38;2;9;9;73m█[38;2;10;10;74m█[38;2;4;3;138m█[38;2;0;0;120m█[38;2;0;0;0m█[38;2;12;12;16m█[38;2;117;118;107m█[38;2;167;168;157m█[38;2;120;120;118m█[38;2;15;15;12m█[38;2;0;0;0m█[38;2;19;18;30m█[38;2;126;127;116m█[38;2;168;169;158m█[38;2;112;112;112m█[38;2;8;8;8m█[38;2;0;0;0m█[38;2;30;28;40m█[38;2;126;126;108m█[38;2;53;53;34m█[38;2;0;0;112m█[38;2;4;4;133m█[38;2;10;10;74m█[38;2;9;9;73m█[38;2;13;13;9m██[38;2;13;13;16m██
██[38;2;13;13;13m██[38;2;13;13;16m██[38;2;2;2;181m█[38;2;1;1;180m█[38;2;0;1;200m█[38;2;0;0;192m█[38;2;0;0;44m█[38;2;0;0;42m█[38;2;0;0;105m█[38;2;0;0;119m█[38;2;2;0;194m█[38;2;0;0;183m█[38;2;0;0;39m█[38;2;0;0;38m█[38;2;0;0;111m█[38;2;0;0;127m█[38;2;2;1;186m█[38;2;0;0;174m█[38;2;0;0;89m█[38;2;0;0;98m█[38;2;2;1;172m█[38;2;3;2;173m█[38;2;13;13;17m██[38;2;13;13;13m██[38;2;13;13;16m██
████[38;2;13;13;11m██[38;2;11;10;45m██[38;2;5;5;126m██[38;2;0;0;215m██[38;2;2;2;173m██[38;2;5;5;123m█[38;2;6;6;124m█[38;2;0;0;217m██[38;2;3;3;171m██[38;2;6;5;130m██[38;2;0;1;200m██[38;2;10;11;56m█[38;2;9;10;55m█[38;2;13;13;9m██[38;2;13;13;16m████
██████[38;2;13;13;11m██[38;2;13;15;6m██[38;2;11;12;27m██[38;2;13;13;17m██[38;2;13;15;6m██[38;2;11;12;30m██[38;2;13;13;17m██[38;2;13;13;9m██[38;2;13;13;17m██[38;2;13;13;11m██[38;2;13;13;16m██████
██████████[38;2;13;13;13m████[38;2;13;13;16m██[38;2;13;13;13m████[38;2;13;13;16m██[38;2;13;13;13m██[38;2;13;13;16m████████
████████████████████████████████
████████████████████████████████