[38;2;13;13;16m██████████[38;2;13;15;6m██[38;2;11;10;45m██[38;2;5;5;112m████[38;2;11;10;45m██[38;2;13;15;6m██[38;2;13;13;16m██████████
████████[38;2;13;15;6m██[38;2;8;8;87m█[38;2;9;9;88m█[38;2;0;0;228m█[38;2;0;0;229m█[38;2;0;0;232m█[38;2;0;0;230m██[38;2;0;0;232m█[38;2;0;0;229m██[38;2;9;9;88m█[38;2;8;8;87m█[38;2;13;15;6m██[38;2;13;13;16m████████
██████[38;2;13;15;6m██[38;2;9;10;63m██[38;2;0;0;229m█[38;2;0;0;226m█[38;2;0;0;117m█[38;2;0;0;105m█[38;2;0;0;16m█[38;2;0;0;20m██[38;2;0;0;16m█[38;2;0;0;105m█[38;2;0;0;117m█[38;2;0;0;226m█[38;2;0;0;229m█[38;2;9;10;63m██[38;2;13;15;6m██[38;2;13;13;16m██████
████[38;2;13;13;13m██[38;2;13;13;16m██[38;2;2;1;189m█[38;2;3;2;190m█[38;2;0;0;102m█[38;2;0;0;86m█[38;2;31;30;15m█[38;2;109;108;93m█[38;2;167;168;160m█[38;2;193;194;186m█[38;2;194;195;187m█[38;2;167;168;160m█[38;2;110;109;94m█[38;2;31;30;15m█[38;2;0;0;86m█[38;2;0;0;102m█[38;2;3;2;190m█[38;2;2;1;189m█[38;2;13;13;16m██[38;2;13;13;13m██[38;2;13;13;16m████
████[38;2;13;15;6m██[38;2;8;8;87m█[38;2;9;9;88m█[38;2;4;4;172m█[38;2;0;0;154m█[38;2;8;9;1m█[38;2;139;140;132m█[38;2;244;244;242m█[38;2;255;255;255m██████[38;2;244;244;242m█[38;2;140;141;133m█[38;2;8;9;1m█[38;2;0;0;154m█[38;2;3;4;172m█[38;2;9;9;88m█[38;2;8;8;87m█[38;2;13;15;6m██[38;2;13;13;16m████
████[38;2;13;13;9m██[38;2;2;3;157m█[38;2;4;5;159m█[38;2;0;0;54m█[38;2;20;20;82m█[38;2;204;205;195m█[38;2;255;255;255m██[38;2;253;253;253m██████[38;2;255;255;255m██[38;2;204;205;195m█[38;2;20;20;82m█[38;2;0;0;54m█[38;2;4;5;159m█[38;2;2;3;157m█[38;2;13;13;9m██[38;2;13;13;16m████
██[38;2;13;13;13m██[38;2;11;11;34m██[38;2;4;4;166m█[38;2;0;0;155m█[38;2;10;10;12m█[38;2;207;207;209m█[38;2;255;255;255m█[38;2;253;253;251m█[38;2;253;253;253m████████[38;2;253;253;251m█[38;2;255;255;255m█[38;2;207;207;209m█[38;2;10;10;12m█[38;2;0;0;155m█[38;2;4;4;166m█[38;2;11;11;34m██[38;2;13;13;13m██[38;2;13;13;16m██
██[38;2;13;13;9m██[38;2;9;9;73m█[38;2;10;10;74m█[38;2;4;4;129m█[38;2;0;0;105m█[38;2;146;147;136m█[38;2;255;255;255m███[38;2;253;253;253m██████████[38;2;255;255;255m█[38;2;146;147;136m█[38;2;0;0;105m█[38;2;4;4;129m█[38;2;9;9;73m██[38;2;13;13;9m██[38;2;13;13;16m██
██[38;2;13;15;6m██[38;2;5;6;102m█[38;2;6;8;103m█[38;2;0;0;77m█[38;2;31;30;112m█[38;2;250;251;240m█[38;2;245;246;236m█[38;2;182;182;182m█[38;2;242;242;242m█[38;2;255;255;255m█[38;2;254;254;254m█[38;2;253;253;253m████████[38;2;255;255;246m█[38;2;249;250;239m█[38;2;31;30;112m█[38;2;0;0;77m█[38;2;6;8;103m█[38;2;5;6;102m█[38;2;13;15;6m██[38;2;13;13;16m██
██[38;2;13;15;6m██[38;2;5;5;118m█[38;2;6;6;119m█[38;2;0;0;38m█[38;2;116;117;168m█[38;2;255;255;255m█[38;2;165;166;158m█[38;2;0;0;0m█[38;2;37;37;37m█[38;2;173;173;173m█[38;2;255;255;255m██[38;2;252;252;252m█[38;2;255;255;255m██████[38;2;255;255;251m█[38;2;255;255;255m█[38;2;116;117;168m█[38;2;0;0;39m█[38;2;6;6;119m█[38;2;5;5;118m█[38;2;13;15;6m██[38;2;13;13;16m██
██[38;2;13;15;6m██[38;2;4;4;125m██[38;2;0;0;25m█[38;2;179;178;212m█[38;2;255;255;255m█[38;2;236;236;231m█[38;2;98;98;98m█[38;2;0;0;0m██[38;2;70;70;70m█[38;2;212;212;212m█[38;2;255;255;255m█[38;2;229;229;229m█[38;2;148;148;148m█[38;2;146;146;146m████[38;2;218;218;214m█[38;2;255;255;255m█[38;2;179;178;212m█[38;2;0;0;24m█[38;2;4;4;125m██[38;2;13;13;9m██[38;2;13;13;16m██
██[38;2;13;13;9m██[38;2;5;5;126m█[38;2;2;2;123m█[38;2;0;0;25m█[38;2;204;204;231m█[38;2;255;255;255m███[38;2;129;129;129m█[38;2;0;0;0m██[38;2;86;86;86m█[38;2;255;255;255m█[38;2;138;138;138m█[38;2;0;0;0m█████[38;2;105;105;103m█[38;2;255;255;255m█[38;2;204;204;231m█[38;2;0;0;25m█[38;2;2;2;123m█[38;2;4;4;125m█[38;2;13;13;9m██[38;2;13;13;16m██
██[38;2;13;13;9m██[38;2;5;5;126m█[38;2;2;2;123m█[38;2;0;0;25m█[38;2;208;208;233m█[38;2;255;255;255m█[38;2;233;233;231m█[38;2;90;90;90m█[38;2;0;0;0m██[38;2;77;77;77m█[38;2;217;217;217m█[38;2;255;255;255m█[38;2;232;232;232m█[38;2;158;158;158m█[38;2;154;154;154m█[38;2;155;155;155m█[38;2;154;154;154m██[38;2;223;223;221m█[38;2;255;255;255m█[38;2;208;208;233m█[38;2;0;0;25m█[38;2;2;2;123m█[38;2;4;4;125m█[38;2;13;13;9m██[38;2;13;13;16m██
██[38;2;13;13;9m██[38;2;5;5;126m█[38;2;2;2;123m█[38;2;0;0;25m█[38;2;208;208;233m█[38;2;255;255;255m█[38;2;166;166;164m█[38;2;0;0;0m█[38;2;42;42;42m█[38;2;180;180;180m█[38;2;255;255;255m██[38;2;252;252;252m█[38;2;255;255;255m████████[38;2;208;208;233m█[38;2;0;0;25m█[38;2;2;2;123m█[38;2;4;4;125m█[38;2;13;13;9m██[38;2;13;13;16m██
██[38;2;13;13;9m██[38;2;5;5;126m█[38;2;2;2;123m█[38;2;0;0;25m█[38;2;208;208;233m█[38;2;255;255;255m█[38;2;244;244;242m█[38;2;190;190;190m█[38;2;244;244;244m█[38;2;255;255;255m█[38;2;254;254;254m█[38;2;253;253;253m████████[38;2;253;253;251m█[38;2;255;255;255m█[38;2;208;208;233m█[38;2;0;0;25m█[38;2;2;2;123m█[38;2;4;4;125m█[38;2;13;13;9m██[38;2;13;13;16m██
██[38;2;13;13;9m██[38;2;5;5;126m█[38;2;2;2;123m█[38;2;0;0;25m█[38;2;208;208;233m█[38;2;255;255;255m█[38;2;254;254;252m█[38;2;255;255;255m██[38;2;253;253;253m██████████[38;2;253;253;251m█[38;2;255;255;255m█[38;2;208;208;233m█[38;2;0;0;25m█[38;2;2;2;123m█[38;2;4;4;125m█[38;2;13;13;9m██[38;2;13;13;16m██
██[38;2;13;13;9m██[38;2;5;5;126m█[38;2;2;2;123m█[38;2;0;0;25m█[38;2;208;208;233m█[38;2;255;255;255m█[38;2;253;253;251m█[38;2;253;253;253m████████████[38;2;253;253;251m█[38;2;255;255;255m█[38;2;208;208;233m█[38;2;0;0;25m█[38;2;2;2;123m█[38;2;4;4;125m█[38;2;13;13;9m██[38;2;13;13;16m██
██[38;2;13;13;9m██[38;2;5;5;126m█[38;2;2;2;123m█[38;2;0;0;25m█[38;2;208;208;233m█[38;2;255;255;255m█[38;2;253;253;251m█[38;2;253;253;253m████████████[38;2;253;253;251m█[38;2;255;255;255m█[38;2;208;208;233m█[38;2;0;0;25m█[38;2;2;2;123m█[38;2;4;4;125m█[38;2;13;13;9m██[38;2;13;13;16m██
██[38;2;13;13;9m██[38;2;5;5;126m█[38;2;2;2;123m█[38;2;0;0;25m█[38;2;208;208;233m█[38;2;255;255;255m█[38;2;253;253;251m█[38;2;253;253;253m████████████[38;2;253;253;251m█[38;2;255;255;255m█[38;2;208;208;233m█[38;2;0;0;25m█[38;2;2;2;123m█[38;2;4;4;125m█[38;2;13;13;9m██[38;2;13;13;16m██
██[38;2;13;13;9m██[38;2;5;5;126m█[38;2;2;2;123m█[38;2;0;0;25m█[38;2;208;208;233m█[38;2;255;255;255m█[38;2;253;253;251m█[38;2;253;253;253m████████████[38;2;253;253;251m█[38;2;255;255;255m█[38;2;208;208;233m█[38;2;0;0;25m█[38;2;2;2;123m█[38;2;4;4;125m█[38;2;13;13;9m██[38;2;13;13;16m██
██[38;2;13;13;9m██[38;2;5;5;126m█[38;2;2;2;123m█[38;2;0;0;25m█[38;2;208;208;233m█[38;2;255;255;255m█[38;2;253;253;251m█[38;2;253;253;253m████████████[38;2;253;253;251m█[38;2;255;255;255m█[38;2;207;207;232m█[38;2;0;0;25m█[38;2;2;2;123m█[38;2;4;4;125m█[38;2;13;13;9m██[38;2;13;13;16m██
██[38;2;13;13;9m██[38;2;5;5;126m█[38;2;2;2;123m█[38;2;1;1;26m█[38;2;208;208;233m█[38;2;255;255;255m█[38;2;253;253;251m█[38;2;253;253;253m████████████[38;2;253;253;251m█[38;2;255;255;255m█[38;2;208;208;233m█[38;2;1;1;26m█[38;2;2;2;123m█[38;2;4;4;125m█[38;2;13;13;9m██[38;2;13;13;16m██
██[38;2;13;13;9m██[38;2;4;4;125m█[38;2;3;3;124m█[38;2;0;0;23m█[38;2;203;203;230m█[38;2;255;255;255m█[38;2;253;253;251m█[38;2;253;253;253m██[38;2;254;254;254m██[38;2;253;253;253m████[38;2;254;254;254m██[38;2;253;253;253m██[38;2;253;253;251m█[38;2;255;255;255m█[38;2;202;202;229m█[38;2;0;0;23m█[38;2;3;3;124m█[38;2;4;4;125m█[38;2;13;13;9m██[38;2;13;13;16m██
██[38;2;13;15;6m██[38;2;5;5;123m█[38;2;6;6;124m█[38;2;0;0;31m█[38;2;119;122;164m█[38;2;255;255;255m█[38;2;255;255;252m█[38;2;255;255;255m██[38;2;253;253;253m█[38;2;252;252;252m█[38;2;255;255;255m████[38;2;251;251;251m█[38;2;253;253;253m█[38;2;255;255;255m██[38;2;255;255;252m█[38;2;255;255;255m█[38;2;119;122;164m█[38;2;0;0;31m█[38;2;6;6;122m█[38;2;5;5;120m█[38;2;13;15;6m██[38;2;13;13;16m██
██[38;2;13;15;6m██[38;2;5;8;97m█[38;2;6;9;98m█[38;2;0;2;94m█[38;2;0;0;88m█[38;2;148;150;136m█[38;2;243;244;230m█[38;2;247;247;245m█[38;2;180;180;178m█[38;2;51;52;41m█[38;2;44;45;34m█[38;2;167;167;165m█[38;2;245;245;243m██[38;2;167;167;165m█[38;2;42;44;33m█[38;2;49;51;40m█[38;2;179;179;176m█[38;2;246;246;244m█[38;2;242;243;229m█[38;2;148;150;136m█[38;2;0;0;88m█[38;2;0;2;94m█[38;2;6;9;98m█[38;2;5;8;97m█[38;2;13;15;6m██[38;2;13;13;16m██
██[38;2;13;13;11m██[38;2;11;10;42m██[38;2;3;3;178m█[38;2;0;0;168m█[38;2;0;0;3m█[38;2;24;23;34m█[38;2;30;30;35m█[38;2;0;0;2m█[38;2;0;0;104m█[38;2;0;0;105m█[38;2;0;0;4m█[38;2;27;26;38m██[38;2;0;0;4m█[38;2;0;0;107m█[38;2;0;0;104m█[38;2;0;0;2m█[38;2;30;30;35m█[38;2;24;23;34m█[38;2;0;0;3m█[38;2;0;0;168m█[38;2;3;3;178m█[38;2;11;10;42m██[38;2;13;13;11m██[38;2;13;13;16m██
████[38;2;13;15;6m██[38;2;4;4;125m█[38;2;6;6;127m█[38;2;0;0;205m█[38;2;0;0;197m█[38;2;0;0;183m█[38;2;0;0;192m█[38;2;0;0;212m█[38;2;1;1;214m█[38;2;0;0;194m█[38;2;0;0;187m█[38;2;0;0;189m█[38;2;0;0;196m█[38;2;1;1;211m██[38;2;0;0;194m█[38;2;0;0;187m█[38;2;0;0;200m█[38;2;0;0;208m█[38;2;6;6;127m█[38;2;4;4;125m█[38;2;13;15;6m██[38;2;13;13;16m████
████[38;2;13;13;13m██[38;2;13;13;16m██[38;2;5;6;107m█[38;2;6;8;108m█[38;2;6;6;116m██[38;2;11;12;27m██[38;2;6;8;109m████[38;2;13;12;27m██[38;2;6;6;113m██[38;2;6;8;108m██[38;2;13;13;16m██[38;2;13;13;13m██[38;2;13;13;16m████
██████[38;2;13;13;13m██[38;2;13;15;6m██[38;2;13;15;4m██[38;2;13;13;13m██[38;2;13;15;6m████[38;2;13;13;13m██[38;2;13;15;4m██[38;2;13;15;6m██[38;2;13;13;13m██[38;2;13;13;16m██████
████████████████████████████████
████████████████████████████████
████████████████████████████████