[38;2;13;13;16m████████████[38;2;13;13;13m██[38;2;13;13;9m████[38;2;13;13;13m██[38;2;13;13;16m████████████
██████████[38;2;13;13;9m██[38;2;13;13;17m██[38;2;9;10;60m██[38;2;9;10;58m██[38;2;13;13;17m██[38;2;13;13;9m██[38;2;13;13;16m██████████
████████[38;2;13;15;6m██[38;2;11;10;47m██[38;2;2;1;186m██[38;2;0;0;244m████[38;2;2;1;186m██[38;2;11;10;47m██[38;2;13;15;6m██[38;2;13;13;16m████████
██████[38;2;13;13;11m██[38;2;11;11;34m██[38;2;0;0;210m█[38;2;1;1;211m█[38;2;0;0;209m█[38;2;0;0;202m█[38;2;0;0;110m█[38;2;0;0;107m██[38;2;0;0;110m█[38;2;0;0;202m█[38;2;0;0;209m█[38;2;1;1;211m█[38;2;0;0;210m█[38;2;11;11;34m██[38;2;13;13;11m██[38;2;13;13;16m██████
██████[38;2;13;15;6m██[38;2;2;2;161m█[38;2;4;4;164m█[38;2;2;1;186m█[38;2;0;0;171m█[38;2;0;0;3m█[38;2;17;16;30m█[38;2;60;59;46m█[38;2;87;86;73m██[38;2;60;59;46m█[38;2;17;16;30m█[38;2;0;0;3m█[38;2;0;0;171m█[38;2;2;1;186m█[38;2;4;4;164m█[38;2;2;2;161m█[38;2;13;15;6m██[38;2;13;13;16m██████
████[38;2;13;13;9m██[38;2;9;10;61m██[38;2;1;1;208m█[38;2;0;0;202m█[38;2;0;0;8m█[38;2;38;38;59m█[38;2;158;159;148m█[38;2;233;235;224m█[38;2;255;255;255m████[38;2;233;235;224m█[38;2;158;159;148m█[38;2;38;38;59m█[38;2;0;0;8m█[38;2;0;0;202m█[38;2;1;1;208m█[38;2;10;11;62m█[38;2;9;10;61m█[38;2;13;13;9m██[38;2;13;13;16m████
████[38;2;13;15;4m██[38;2;4;3;146m█[38;2;6;5;148m█[38;2;1;1;108m█[38;2;0;0;90m█[38;2;110;109;96m█[38;2;249;247;235m█[38;2;255;255;255m██[38;2;254;254;254m█[38;2;253;253;253m██[38;2;254;254;254m█[38;2;255;255;255m██[38;2;249;247;235m█[38;2;110;109;96m█[38;2;0;0;90m█[38;2;1;1;108m█[38;2;6;5;148m█[38;2;4;3;146m█[38;2;13;15;4m██[38;2;13;13;16m████
██[38;2;13;13;13m██[38;2;13;12;24m██[38;2;2;2;176m█[38;2;0;0;174m█[38;2;0;0;8m█[38;2;123;123;144m█[38;2;255;255;255m█[38;2;255;255;253m█[38;2;253;253;253m████████[38;2;255;255;252m█[38;2;255;255;255m█[38;2;123;123;144m█[38;2;0;0;9m█[38;2;0;0;174m█[38;2;2;2;176m█[38;2;13;12;24m██[38;2;13;13;13m██[38;2;13;13;16m██
██[38;2;13;13;9m██[38;2;9;10;61m██[38;2;4;5;151m█[38;2;0;0;127m█[38;2;79;80;69m█[38;2;255;255;252m█[38;2;255;255;255m█[38;2;253;253;253m██████████[38;2;255;255;255m█[38;2;255;255;252m█[38;2;79;80;69m█[38;2;0;0;127m█[38;2;4;5;151m█[38;2;9;10;61m██[38;2;13;13;9m██[38;2;13;13;16m██
██[38;2;13;15;6m██[38;2;8;6;97m█[38;2;9;8;98m█[38;2;1;2;102m█[38;2;0;0;100m█[38;2;216;217;205m█[38;2;255;255;252m█[38;2;255;255;255m██[38;2;253;253;253m██████████[38;2;255;255;251m█[38;2;216;217;205m█[38;2;0;0;100m█[38;2;1;2;102m█[38;2;9;8;98m█[38;2;8;6;97m█[38;2;13;15;6m██[38;2;13;13;16m██
██[38;2;13;15;4m██[38;2;5;5;118m█[38;2;6;6;119m█[38;2;0;0;54m█[38;2;80;80;144m█[38;2;255;255;255m█[38;2;244;245;237m█[38;2;188;188;188m█[38;2;244;244;244m█[38;2;255;255;255m█[38;2;254;254;254m█[38;2;253;253;253m████████[38;2;253;254;246m█[38;2;255;255;255m█[38;2;80;80;144m█[38;2;0;0;54m█[38;2;8;8;120m█[38;2;5;5;118m█[38;2;13;15;4m██[38;2;13;13;16m██
██[38;2;13;15;6m██[38;2;4;4;127m█[38;2;5;5;129m█[38;2;0;0;27m█[38;2;157;155;196m█[38;2;255;255;255m█[38;2;166;166;161m█[38;2;0;0;0m█[38;2;41;41;41m█[38;2;179;179;179m█[38;2;255;255;255m██[38;2;252;252;252m█[38;2;255;255;255m██████[38;2;255;255;253m█[38;2;255;255;255m█[38;2;154;157;196m█[38;2;0;0;27m█[38;2;5;5;129m█[38;2;4;4;127m█[38;2;13;15;6m██[38;2;13;13;16m██
██[38;2;13;13;9m██[38;2;4;4;127m█[38;2;3;3;126m█[38;2;0;0;24m█[38;2;196;196;225m█[38;2;255;255;255m█[38;2;233;233;229m█[38;2;93;93;93m█[38;2;0;0;0m██[38;2;76;76;76m█[38;2;216;216;216m█[38;2;255;255;255m█[38;2;231;231;231m█[38;2;155;155;155m█[38;2;152;152;152m█[38;2;153;153;153m█[38;2;152;152;152m██[38;2;221;221;216m█[38;2;255;255;255m█[38;2;196;196;225m█[38;2;0;0;24m█[38;2;3;3;126m█[38;2;4;4;127m█[38;2;13;13;9m██[38;2;13;13;16m██
██[38;2;13;13;9m██[38;2;5;5;126m█[38;2;2;2;123m█[38;2;0;0;25m█[38;2;208;208;233m█[38;2;255;255;255m███[38;2;130;130;130m█[38;2;0;0;0m██[38;2;86;86;86m█[38;2;255;255;255m█[38;2;138;138;138m█[38;2;0;0;0m█████[38;2;105;105;103m█[38;2;255;255;255m█[38;2;208;208;233m█[38;2;0;0;25m█[38;2;2;2;123m█[38;2;4;4;125m█[38;2;13;13;9m██[38;2;13;13;16m██
██[38;2;13;13;9m██[38;2;5;5;126m█[38;2;2;2;123m█[38;2;0;0;25m█[38;2;208;208;233m█[38;2;255;255;255m█[38;2;235;235;232m█[38;2;96;96;96m█[38;2;0;0;0m██[38;2;73;73;73m█[38;2;214;214;214m█[38;2;255;255;255m█[38;2;230;230;230m█[38;2;152;152;152m█[38;2;148;148;148m█[38;2;150;150;150m██[38;2;148;148;148m█[38;2;219;219;217m█[38;2;255;255;255m█[38;2;208;208;233m█[38;2;0;0;25m█[38;2;2;2;123m█[38;2;4;4;125m█[38;2;13;13;9m██[38;2;13;13;16m██
██[38;2;13;13;9m██[38;2;5;5;126m█[38;2;2;2;123m█[38;2;0;0;25m█[38;2;208;208;233m█[38;2;255;255;255m█[38;2;166;166;164m█[38;2;0;0;0m█[38;2;38;38;38m█[38;2;174;174;174m█[38;2;255;255;255m██[38;2;252;252;252m█[38;2;255;255;255m████████[38;2;208;208;233m█[38;2;0;0;25m█[38;2;2;2;123m█[38;2;4;4;125m█[38;2;13;13;9m██[38;2;13;13;16m██
██[38;2;13;13;9m██[38;2;5;5;126m█[38;2;2;2;123m█[38;2;0;0;25m█[38;2;208;208;233m█[38;2;255;255;255m█[38;2;243;243;240m█[38;2;185;185;185m█[38;2;242;242;242m█[38;2;255;255;255m█[38;2;254;254;254m█[38;2;253;253;253m████████[38;2;253;253;251m█[38;2;255;255;255m█[38;2;208;208;233m█[38;2;0;0;25m█[38;2;2;2;123m█[38;2;4;4;125m█[38;2;13;13;9m██[38;2;13;13;16m██
██[38;2;13;13;9m██[38;2;5;5;126m█[38;2;2;2;123m█[38;2;0;0;25m█[38;2;208;208;233m█[38;2;255;255;255m█[38;2;255;255;253m█[38;2;255;255;255m██[38;2;253;253;253m██████████[38;2;253;253;251m█[38;2;255;255;255m█[38;2;208;208;233m█[38;2;0;0;25m█[38;2;2;2;123m█[38;2;4;4;125m█[38;2;13;13;9m██[38;2;13;13;16m██
██[38;2;13;13;9m██[38;2;5;5;126m█[38;2;2;2;123m█[38;2;0;0;25m█[38;2;208;208;233m█[38;2;255;255;255m█[38;2;253;253;251m█[38;2;253;253;253m████████████[38;2;253;253;251m█[38;2;255;255;255m█[38;2;208;208;233m█[38;2;0;0;25m█[38;2;2;2;123m█[38;2;4;4;125m█[38;2;13;13;9m██[38;2;13;13;16m██
██[38;2;13;13;9m██[38;2;5;5;126m█[38;2;2;2;123m█[38;2;0;0;25m█[38;2;208;208;233m█[38;2;255;255;255m█[38;2;253;253;251m█[38;2;253;253;253m████████████[38;2;253;253;251m█[38;2;255;255;255m█[38;2;208;208;233m█[38;2;0;0;25m█[38;2;2;2;123m█[38;2;4;4;125m█[38;2;13;13;9m██[38;2;13;13;16m██
██[38;2;13;13;9m██[38;2;5;5;126m█[38;2;2;2;123m█[38;2;0;0;25m█[38;2;208;208;233m█[38;2;255;255;255m█[38;2;253;253;251m█[38;2;253;253;253m████████████[38;2;253;253;251m█[38;2;255;255;255m█[38;2;208;208;233m█[38;2;0;0;25m█[38;2;2;2;123m█[38;2;4;4;125m█[38;2;13;13;9m██[38;2;13;13;16m██
██[38;2;13;13;9m██[38;2;5;5;126m█[38;2;2;2;123m█[38;2;0;0;25m█[38;2;208;208;233m█[38;2;255;255;255m█[38;2;253;253;251m█[38;2;253;253;253m████████████[38;2;253;253;251m█[38;2;255;255;255m█[38;2;208;208;233m█[38;2;0;0;25m█[38;2;2;2;123m█[38;2;4;4;125m█[38;2;13;13;9m██[38;2;13;13;16m██
██[38;2;13;13;9m██[38;2;5;5;126m█[38;2;2;2;123m█[38;2;0;0;25m█[38;2;209;209;235m█[38;2;255;255;255m█[38;2;253;253;251m█[38;2;253;253;253m████████████[38;2;253;253;251m█[38;2;255;255;255m█[38;2;209;209;235m█[38;2;0;0;25m█[38;2;2;2;123m█[38;2;4;4;125m█[38;2;13;13;9m██[38;2;13;13;16m██
██[38;2;13;13;9m██[38;2;5;5;123m██[38;2;0;0;23m█[38;2;180;179;211m█[38;2;255;255;255m█[38;2;253;253;249m█[38;2;253;253;253m█[38;2;254;254;254m█[38;2;255;255;255m██[38;2;254;254;254m█[38;2;253;253;253m██[38;2;254;254;254m█[38;2;255;255;255m██[38;2;254;254;254m█[38;2;253;253;253m█[38;2;253;253;249m█[38;2;255;255;255m█[38;2;182;181;214m█[38;2;0;0;23m█[38;2;5;5;123m██[38;2;13;13;9m██[38;2;13;13;16m██
██[38;2;13;15;6m██[38;2;5;5;112m█[38;2;6;6;113m█[38;2;0;0;54m█[38;2;53;53;115m█[38;2;247;249;238m█[38;2;255;255;255m███[38;2;183;183;181m█[38;2;178;178;175m█[38;2;253;253;253m█[38;2;255;255;255m██[38;2;253;253;253m█[38;2;176;176;174m█[38;2;182;182;180m█[38;2;255;255;255m███[38;2;250;251;243m█[38;2;56;56;116m█[38;2;0;0;51m█[38;2;6;6;113m█[38;2;5;5;112m█[38;2;13;15;6m██[38;2;13;13;16m██
██[38;2;13;13;9m██[38;2;9;9;73m█[38;2;10;10;74m█[38;2;4;4;133m█[38;2;0;0;112m█[38;2;48;47;32m█[38;2;150;148;133m█[38;2;159;160;150m█[38;2;74;75;65m█[38;2;0;0;6m█[38;2;0;0;3m█[38;2;63;65;56m█[38;2;155;157;148m██[38;2;63;65;56m█[38;2;0;0;3m█[38;2;0;0;5m█[38;2;74;75;65m█[38;2;160;161;151m█[38;2;152;151;136m█[38;2;51;49;34m█[38;2;0;0;112m█[38;2;4;4;133m█[38;2;10;10;74m█[38;2;9;9;73m█[38;2;13;13;9m██[38;2;13;13;16m██
██[38;2;13;13;13m██[38;2;13;13;17m██[38;2;2;2;173m██[38;2;0;0;90m█[38;2;0;0;81m█[38;2;0;0;61m█[38;2;0;0;67m█[38;2;0;0;204m██[38;2;0;0;75m█[38;2;0;0;68m██[38;2;0;0;75m█[38;2;0;0;204m██[38;2;0;0;67m█[38;2;0;0;61m█[38;2;0;0;79m█[38;2;0;0;87m█[38;2;1;1;174m█[38;2;2;2;175m█[38;2;13;13;17m██[38;2;13;13;13m██[38;2;13;13;16m██
████[38;2;13;13;9m██[38;2;9;11;53m█[38;2;10;12;54m█[38;2;0;1;200m██[38;2;0;1;202m██[38;2;6;6;113m██[38;2;0;1;198m████[38;2;6;6;113m██[38;2;0;1;202m████[38;2;10;11;56m█[38;2;9;10;55m█[38;2;13;13;9m██[38;2;13;13;16m████
██████[38;2;13;13;9m██[38;2;13;12;22m██[38;2;13;12;26m██[38;2;13;15;4m██[38;2;13;12;24m████[38;2;13;15;4m██[38;2;13;12;26m██[38;2;13;12;22m██[38;2;13;13;9m██[38;2;13;13;16m██████
████████[38;2;13;13;13m████[38;2;13;13;16m██[38;2;13;13;13m████[38;2;13;13;16m██[38;2;13;13;13m████[38;2;13;13;16m████████
████████████████████████████████
████████████████████████████████