[38;2;13;13;16m████████████████████████████████
████████████[38;2;13;13;9m██[38;2;13;15;4m████[38;2;13;13;11m██[38;2;13;13;16m████████████
████████[38;2;13;13;13m██[38;2;13;15;6m██[38;2;9;10;63m█[38;2;10;11;65m█[38;2;5;4;137m██[38;2;5;5;130m██[38;2;11;10;49m██[38;2;13;15;6m██[38;2;13;13;16m██████████
████████[38;2;13;15;6m██[38;2;5;5;120m█[38;2;6;6;122m█[38;2;0;0;225m█[38;2;0;0;223m█[38;2;0;0;180m█[38;2;0;0;178m█[38;2;0;0;187m█[38;2;0;0;192m█[38;2;0;0;222m█[38;2;1;0;223m█[38;2;9;9;86m█[38;2;8;8;84m█[38;2;13;15;4m██[38;2;13;13;16m████████
██████[38;2;13;15;4m██[38;2;5;8;100m█[38;2;6;9;101m█[38;2;0;1;202m█[38;2;0;0;193m█[38;2;0;0;32m█[38;2;0;0;39m█[38;2;17;18;10m█[38;2;30;31;23m█[38;2;25;25;20m█[38;2;6;6;2m█[38;2;0;0;63m█[38;2;0;0;70m█[38;2;0;0;208m█[38;2;1;1;211m█[38;2;9;10;55m██[38;2;13;13;9m██[38;2;13;13;16m██████
████[38;2;13;13;11m██[38;2;11;11;34m██[38;2;2;1;192m█[38;2;0;0;188m█[38;2;0;0;22m█[38;2;18;17;52m█[38;2;117;118;107m█[38;2;196;197;186m█[38;2;232;232;232m█[38;2;244;244;244m█[38;2;240;240;238m█[38;2;218;218;216m█[38;2;161;160;145m█[38;2;62;61;46m█[38;2;0;0;73m█[38;2;0;0;83m█[38;2;4;4;169m█[38;2;3;3;168m█[38;2;13;13;11m██[38;2;13;13;16m██████
████[38;2;13;15;4m██[38;2;5;5;123m█[38;2;6;6;124m█[38;2;1;1;108m█[38;2;0;0;90m█[38;2;97;96;83m█[38;2;235;233;221m█[38;2;255;255;255m████████[38;2;166;167;159m█[38;2;15;16;8m█[38;2;0;0;145m█[38;2;4;4;164m█[38;2;10;10;67m█[38;2;9;9;66m█[38;2;13;13;9m██[38;2;13;13;16m████
██[38;2;13;13;13m██[38;2;13;12;22m██[38;2;3;3;165m█[38;2;0;0;160m█[38;2;0;0;5m█[38;2;131;132;147m█[38;2;255;255;255m██[38;2;253;253;253m███████[38;2;254;254;254m█[38;2;255;255;255m█[38;2;209;210;200m█[38;2;16;16;87m█[38;2;0;0;65m█[38;2;6;6;136m█[38;2;4;4;133m█[38;2;13;15;4m██[38;2;13;13;16m████
██[38;2;13;13;9m██[38;2;9;10;61m██[38;2;5;5;134m█[38;2;0;0;110m█[38;2;107;108;97m█[38;2;255;255;255m██[38;2;253;253;253m█████████[38;2;253;253;251m█[38;2;255;255;255m█[38;2;190;189;201m█[38;2;0;0;10m█[38;2;0;0;147m█[38;2;3;4;153m█[38;2;13;13;19m██[38;2;13;13;13m██[38;2;13;13;16m██
██[38;2;13;15;6m██[38;2;8;5;102m█[38;2;9;6;103m█[38;2;0;0;75m█[38;2;26;26;105m█[38;2;243;244;233m█[38;2;255;255;250m█[38;2;255;255;255m█[38;2;253;253;253m███████████[38;2;255;255;255m█[38;2;108;109;101m█[38;2;0;0;110m█[38;2;5;5;134m█[38;2;11;10;49m██[38;2;13;13;11m██[38;2;13;13;16m██
██[38;2;13;15;6m██[38;2;5;4;125m█[38;2;6;5;126m█[38;2;0;0;30m█[38;2;136;138;180m█[38;2;255;255;255m█[38;2;253;253;249m█[38;2;239;239;239m█[38;2;255;255;255m██[38;2;253;253;253m█████████[38;2;255;255;250m█[38;2;217;218;207m█[38;2;0;0;100m█[38;2;1;2;102m█[38;2;9;10;77m█[38;2;8;9;76m█[38;2;13;13;9m██[38;2;13;13;16m██
██[38;2;13;13;11m██[38;2;5;5;134m█[38;2;1;1;130m█[38;2;3;3;24m█[38;2;215;215;236m█[38;2;255;255;255m█[38;2;155;155;153m█[38;2;8;8;8m█[38;2;119;119;119m█[38;2;239;239;239m█[38;2;255;255;255m█[38;2;254;254;254m█[38;2;253;253;253m█[38;2;254;254;254m█[38;2;255;255;255m█████[38;2;255;255;246m█[38;2;255;255;250m█[38;2;54;54;130m█[38;2;0;0;68m█[38;2;9;8;96m█[38;2;8;6;95m█[38;2;13;15;6m██[38;2;13;13;16m██
████[38;2;5;5;134m█[38;2;0;0;124m█[38;2;34;33;45m█[38;2;247;246;255m█[38;2;255;255;255m█[38;2;188;188;186m█[38;2;16;16;16m█[38;2;0;0;0m█[38;2;28;28;28m█[38;2;159;159;159m█[38;2;252;252;252m█[38;2;255;255;255m█[38;2;247;247;247m█[38;2;215;215;215m█[38;2;214;214;214m██[38;2;212;212;212m█[38;2;216;216;216m█[38;2;250;251;243m█[38;2;255;255;255m█[38;2;104;104;164m█[38;2;0;0;47m█[38;2;6;8;105m█[38;2;5;6;104m█[38;2;13;15;6m██[38;2;13;13;16m██
██[38;2;13;13;17m██[38;2;5;5;132m█[38;2;0;0;118m█[38;2;51;51;56m█[38;2;254;254;255m█[38;2;253;253;253m█[38;2;255;255;255m█[38;2;247;247;247m█[38;2;91;91;91m█[38;2;0;0;0m██[38;2;129;129;129m█[38;2;255;255;255m█[38;2;123;123;123m█[38;2;0;0;0m█████[38;2;146;147;139m█[38;2;255;255;255m█[38;2;127;129;180m█[38;2;0;0;38m█[38;2;6;8;109m█[38;2;5;6;108m█[38;2;13;15;6m██[38;2;13;13;16m██
██[38;2;13;13;17m██[38;2;5;5;132m█[38;2;0;0;118m█[38;2;51;51;56m█[38;2;254;254;255m█[38;2;255;255;255m█[38;2;249;249;249m█[38;2;153;153;153m█[38;2;28;28;28m█[38;2;0;0;0m█[38;2;27;27;27m█[38;2;187;187;187m█[38;2;255;255;255m█[38;2;182;182;182m█[38;2;74;74;74m█[38;2;77;77;77m█[38;2;79;79;79m█[38;2;77;77;77m█[38;2;76;76;76m█[38;2;196;197;189m█[38;2;255;255;255m█[38;2;130;131;181m█[38;2;0;0;37m█[38;2;6;8;109m█[38;2;5;6;108m█[38;2;13;15;6m██[38;2;13;13;16m██
██[38;2;13;13;17m██[38;2;5;5;132m█[38;2;0;0;118m█[38;2;49;49;55m█[38;2;254;254;255m█[38;2;255;255;255m█[38;2;146;146;144m█[38;2;0;0;0m█[38;2;2;2;2m█[38;2;122;122;122m█[38;2;240;240;240m█[38;2;255;255;255m█[38;2;252;252;252m█[38;2;255;255;255m██████[38;2;255;255;252m█[38;2;255;255;255m█[38;2;132;133;183m█[38;2;0;0;37m█[38;2;6;8;111m█[38;2;5;6;110m█[38;2;13;15;6m██[38;2;13;13;16m██
██[38;2;13;13;17m██[38;2;5;5;132m█[38;2;0;0;119m█[38;2;46;46;52m█[38;2;253;253;255m█[38;2;255;255;255m█[38;2;210;210;208m█[38;2;113;113;113m█[38;2;211;211;211m█[38;2;255;255;255m██[38;2;253;253;253m████████[38;2;253;254;246m█[38;2;255;255;255m█[38;2;134;136;186m█[38;2;0;0;37m█[38;2;6;8;111m█[38;2;5;6;110m█[38;2;13;15;6m██[38;2;13;13;16m██
██[38;2;13;13;17m██[38;2;5;5;132m█[38;2;0;0;119m█[38;2;44;42;52m█[38;2;251;250;255m█[38;2;254;254;252m█[38;2;255;255;255m███[38;2;253;253;253m██████████[38;2;253;254;246m█[38;2;255;255;255m█[38;2;139;140;188m█[38;2;0;0;34m█[38;2;6;8;111m█[38;2;5;6;110m█[38;2;13;15;6m██[38;2;13;13;16m██
████[38;2;5;5;132m█[38;2;0;0;120m█[38;2;39;38;47m█[38;2;250;249;255m█[38;2;255;255;253m█[38;2;253;253;251m█[38;2;253;253;253m████████████[38;2;253;254;246m█[38;2;255;255;255m█[38;2;144;145;190m█[38;2;0;0;32m█[38;2;6;6;113m█[38;2;5;5;112m█[38;2;13;15;6m██[38;2;13;13;16m██
████[38;2;5;5;132m█[38;2;0;0;122m█[38;2;34;33;45m█[38;2;246;245;255m█[38;2;255;255;253m█[38;2;253;253;251m█[38;2;253;253;253m████████████[38;2;253;253;249m█[38;2;255;255;255m█[38;2;151;153;195m█[38;2;0;0;30m█[38;2;6;6;116m█[38;2;5;5;115m█[38;2;13;15;6m██[38;2;13;13;16m██
████[38;2;5;5;132m█[38;2;0;0;123m█[38;2;30;28;42m█[38;2;243;242;255m█[38;2;255;255;253m█[38;2;253;253;251m█[38;2;253;253;253m████████████[38;2;253;253;249m█[38;2;255;255;255m█[38;2;158;160;200m█[38;2;0;0;28m█[38;2;6;6;116m█[38;2;5;5;115m█[38;2;13;15;6m██[38;2;13;13;16m██
██[38;2;13;13;13m██[38;2;5;5;130m█[38;2;0;0;122m█[38;2;23;24;38m█[38;2;237;238;252m█[38;2;255;255;254m█[38;2;253;253;251m█[38;2;253;253;253m████████████[38;2;253;253;249m█[38;2;255;255;255m█[38;2;166;168;207m█[38;2;0;0;27m█[38;2;6;6;118m█[38;2;5;5;117m█[38;2;13;15;6m██[38;2;13;13;16m██
██[38;2;13;13;13m██[38;2;5;5;130m█[38;2;0;0;122m█[38;2;18;19;34m█[38;2;232;233;249m█[38;2;255;255;254m█[38;2;253;253;251m█[38;2;253;253;253m████████████[38;2;253;253;249m█[38;2;255;255;255m█[38;2;175;174;211m█[38;2;0;0;26m█[38;2;5;5;118m██[38;2;13;15;6m██[38;2;13;13;16m██
██[38;2;13;13;11m██[38;2;5;5;130m█[38;2;0;0;123m█[38;2;13;15;32m█[38;2;230;231;249m█[38;2;255;255;255m█[38;2;253;253;251m█[38;2;253;253;253m████████████[38;2;253;253;249m█[38;2;255;255;255m█[38;2;185;183;218m█[38;2;0;0;25m█[38;2;5;5;120m██[38;2;13;15;6m██[38;2;13;13;16m██
██[38;2;13;13;9m██[38;2;5;5;129m█[38;2;3;3;126m█[38;2;0;0;22m█[38;2;195;195;222m█[38;2;255;255;255m█[38;2;253;253;251m█[38;2;253;253;253m█[38;2;254;254;254m█[38;2;255;255;255m███[38;2;253;253;253m██[38;2;254;254;254m█[38;2;255;255;255m███[38;2;253;253;253m█[38;2;253;253;249m█[38;2;255;255;255m█[38;2;153;152;192m█[38;2;0;0;26m█[38;2;6;6;119m█[38;2;5;5;118m█[38;2;13;15;6m██[38;2;13;13;16m██
██[38;2;13;15;6m██[38;2;5;5;115m█[38;2;6;6;116m█[38;2;0;0;48m█[38;2;53;53;110m█[38;2;232;233;223m█[38;2;255;255;255m███[38;2;176;176;172m█[38;2;148;148;144m█[38;2;236;236;236m█[38;2;255;255;255m██[38;2;254;254;254m█[38;2;167;167;162m█[38;2;152;152;147m█[38;2;242;242;242m█[38;2;255;255;255m██[38;2;232;233;223m█[38;2;32;33;101m█[38;2;0;0;63m█[38;2;6;8;105m█[38;2;5;6;104m█[38;2;13;15;6m██[38;2;13;13;16m██
██[38;2;13;13;9m██[38;2;9;9;70m█[38;2;10;10;72m█[38;2;4;3;141m█[38;2;0;0;122m█[38;2;24;23;10m█[38;2;120;119;107m█[38;2;144;145;133m█[38;2;73;74;62m█[38;2;0;0;16m█[38;2;0;0;9m█[38;2;32;32;27m█[38;2;125;125;120m█[38;2;140;141;131m█[38;2;62;63;53m█[38;2;0;0;13m█[38;2;0;0;10m█[38;2;41;42;34m█[38;2;131;132;124m█[38;2;127;126;111m█[38;2;31;30;15m█[38;2;0;0;123m█[38;2;5;4;143m█[38;2;10;11;65m█[38;2;9;10;63m█[38;2;13;13;9m██[38;2;13;13;16m██
████[38;2;13;13;13m██[38;2;3;2;173m██[38;2;0;0;119m█[38;2;0;0;107m█[38;2;0;0;68m█[38;2;0;0;74m█[38;2;0;0;209m█[38;2;0;0;212m█[38;2;0;0;108m█[38;2;0;0;95m█[38;2;0;0;76m█[38;2;0;0;83m█[38;2;0;0;212m█[38;2;0;0;215m█[38;2;0;0;100m█[38;2;0;0;89m█[38;2;0;0;100m█[38;2;0;0;112m█[38;2;3;3;168m██[38;2;13;13;13m██[38;2;13;13;16m████
████[38;2;13;13;11m██[38;2;11;11;38m██[38;2;2;2;181m██[38;2;2;0;200m██[38;2;9;8;98m█[38;2;8;6;97m█[38;2;3;2;176m██[38;2;2;0;196m██[38;2;9;8;96m█[38;2;8;6;95m█[38;2;2;1;183m██[38;2;2;1;189m██[38;2;11;10;42m██[38;2;13;13;9m██[38;2;13;13;16m████
██████[38;2;13;13;11m██[38;2;13;13;13m██[38;2;13;13;19m██[38;2;13;15;4m██[38;2;13;13;16m██[38;2;13;13;17m██[38;2;13;15;4m██[38;2;13;13;16m████[38;2;13;13;11m██[38;2;13;13;16m██████
████████[38;2;13;13;13m████[38;2;13;13;16m██[38;2;13;13;13m████[38;2;13;13;16m██[38;2;13;13;13m████[38;2;13;13;16m████████
████████████████████████████████