[38;2;13;13;16m████████████████████████████████
████████████[38;2;13;15;6m██[38;2;13;13;9m████[38;2;13;15;6m██[38;2;13;13;16m████████████
████████[38;2;13;13;13m██[38;2;13;13;11m██[38;2;8;6;97m█[38;2;9;8;98m█[38;2;2;2;179m██[38;2;2;2;175m██[38;2;9;9;88m█[38;2;8;8;87m█[38;2;13;13;9m██[38;2;13;13;13m██[38;2;13;13;16m████████
██████[38;2;13;13;13m██[38;2;13;13;11m██[38;2;3;4;150m█[38;2;4;5;151m█[38;2;0;0;197m█[38;2;0;0;189m█[38;2;0;0;104m█[38;2;0;0;101m█[38;2;0;0;108m█[38;2;0;0;112m█[38;2;0;0;198m█[38;2;0;0;207m█[38;2;6;6;130m█[38;2;4;4;127m█[38;2;13;15;6m██[38;2;13;13;16m████████
██████[38;2;13;15;4m██[38;2;5;5;117m█[38;2;6;6;118m█[38;2;1;1;164m█[38;2;0;0;147m█[38;2;0;0;0m█[38;2;30;30;33m█[38;2;74;73;60m█[38;2;97;96;83m█[38;2;94;93;80m█[38;2;63;62;49m█[38;2;15;16;31m█[38;2;0;0;4m█[38;2;0;0;173m█[38;2;2;1;186m█[38;2;9;8;90m█[38;2;8;6;89m█[38;2;13;15;6m██[38;2;13;13;16m██████
████[38;2;13;13;11m██[38;2;11;10;42m██[38;2;4;3;178m█[38;2;0;0;168m█[38;2;0;0;1m█[38;2;66;65;76m█[38;2;182;183;175m█[38;2;244;245;237m█[38;2;255;255;255m████[38;2;232;233;223m█[38;2;151;152;141m█[38;2;27;26;61m█[38;2;0;0;22m█[38;2;0;0;174m█[38;2;2;2;176m█[38;2;13;12;24m██[38;2;13;13;13m██[38;2;13;13;16m████
████[38;2;13;15;4m██[38;2;5;5;123m█[38;2;8;8;125m█[38;2;0;0;84m█[38;2;0;0;81m█[38;2;147;148;137m█[38;2;255;255;249m█[38;2;255;255;255m██[38;2;253;253;253m███[38;2;254;254;254m█[38;2;255;255;255m██[38;2;239;240;226m█[38;2;87;88;74m█[38;2;0;0;98m█[38;2;3;3;120m█[38;2;9;8;95m█[38;2;8;6;94m█[38;2;13;15;6m██[38;2;13;13;16m████
██[38;2;13;13;13m██[38;2;13;12;22m██[38;2;3;4;153m█[38;2;0;0;146m█[38;2;0;0;9m█[38;2;171;169;181m█[38;2;255;255;255m█[38;2;254;254;252m█[38;2;253;253;253m████████[38;2;255;255;254m█[38;2;255;255;255m█[38;2;91;90;127m█[38;2;0;0;23m█[38;2;5;4;145m█[38;2;4;3;144m█[38;2;13;13;9m██[38;2;13;13;16m████
██[38;2;13;13;9m██[38;2;9;10;60m██[38;2;6;5;129m█[38;2;0;0;103m█[38;2;127;129;118m█[38;2;255;255;255m█[38;2;253;253;253m███████████[38;2;255;255;255m█[38;2;249;249;246m█[38;2;46;46;44m█[38;2;0;0;126m█[38;2;6;5;144m█[38;2;11;11;34m██[38;2;13;13;13m██[38;2;13;13;16m██
██[38;2;13;15;6m██[38;2;8;6;95m█[38;2;9;8;96m█[38;2;0;0;73m█[38;2;31;31;108m█[38;2;247;249;238m█[38;2;255;255;247m█[38;2;255;255;255m███[38;2;253;253;253m█████████[38;2;255;255;254m█[38;2;181;182;171m█[38;2;0;0;95m█[38;2;4;4;113m█[38;2;10;11;65m█[38;2;9;10;63m█[38;2;13;13;9m██[38;2;13;13;16m██
██[38;2;13;15;6m██[38;2;5;5;117m█[38;2;6;6;118m█[38;2;0;0;32m█[38;2;131;132;178m█[38;2;255;255;255m█[38;2;254;254;250m█[38;2;240;240;240m█[38;2;180;180;180m█[38;2;240;240;240m█[38;2;255;255;255m█[38;2;254;254;254m█[38;2;253;253;253m███████[38;2;254;255;245m█[38;2;253;254;244m█[38;2;39;39;116m█[38;2;0;0;72m█[38;2;9;8;93m█[38;2;8;6;91m█[38;2;13;15;6m██[38;2;13;13;16m██
██[38;2;13;13;9m██[38;2;5;5;129m█[38;2;2;2;125m█[38;2;0;0;23m█[38;2;203;203;229m█[38;2;255;255;255m██[38;2;162;162;162m█[38;2;0;0;0m█[38;2;35;35;35m█[38;2;171;171;171m█[38;2;255;255;255m██[38;2;252;252;252m█[38;2;255;255;255m███████[38;2;107;107;164m█[38;2;0;0;44m█[38;2;6;8;108m█[38;2;5;6;107m█[38;2;13;15;6m██[38;2;13;13;16m██
██[38;2;13;13;13m██[38;2;5;5;130m█[38;2;0;0;123m█[38;2;16;17;32m█[38;2;232;233;249m█[38;2;255;255;254m██[38;2;236;236;236m█[38;2;100;100;100m█[38;2;0;0;0m██[38;2;68;68;68m█[38;2;212;212;212m█[38;2;255;255;255m█[38;2;226;226;226m█[38;2;145;145;145m█[38;2;143;143;143m███[38;2;143;143;138m█[38;2;230;230;225m█[38;2;154;157;198m█[38;2;0;0;30m█[38;2;6;6;116m█[38;2;5;5;115m█[38;2;13;15;6m██[38;2;13;13;16m██
██[38;2;13;13;13m██[38;2;5;5;130m█[38;2;0;0;120m█[38;2;26;25;39m█[38;2;240;239;253m█[38;2;255;255;254m█[38;2;252;252;250m█[38;2;255;255;255m██[38;2;126;126;126m█[38;2;0;0;0m██[38;2;88;88;88m█[38;2;255;255;255m█[38;2;134;134;134m█[38;2;0;0;0m█████[38;2;119;119;115m█[38;2;176;179;217m█[38;2;0;0;27m█[38;2;6;6;118m█[38;2;5;5;117m█[38;2;13;15;6m██[38;2;13;13;16m██
██[38;2;13;13;13m██[38;2;5;5;130m█[38;2;0;0;120m█[38;2;24;25;39m█[38;2;238;239;253m█[38;2;255;255;254m██[38;2;231;231;231m█[38;2;86;86;86m█[38;2;0;0;0m██[38;2;82;82;82m█[38;2;221;221;221m█[38;2;255;255;255m█[38;2;232;232;232m█[38;2;161;161;161m█[38;2;158;158;158m█[38;2;159;159;159m█[38;2;158;158;158m█[38;2;158;158;153m█[38;2;236;236;231m█[38;2;167;169;208m█[38;2;0;0;27m█[38;2;6;6;118m█[38;2;5;5;117m█[38;2;13;15;6m██[38;2;13;13;16m██
██[38;2;13;13;13m██[38;2;5;5;130m█[38;2;0;0;120m█[38;2;23;24;38m█[38;2;237;238;252m█[38;2;255;255;254m█[38;2;255;255;255m█[38;2;166;166;166m█[38;2;0;0;0m█[38;2;46;46;46m█[38;2;183;183;183m█[38;2;255;255;255m██[38;2;252;252;252m█[38;2;255;255;255m███████[38;2;165;167;205m█[38;2;0;0;27m█[38;2;6;6;118m█[38;2;5;5;117m█[38;2;13;15;6m██[38;2;13;13;16m██
██[38;2;13;13;13m██[38;2;5;5;130m█[38;2;0;0;122m█[38;2;22;23;38m█[38;2;237;238;253m█[38;2;255;255;254m█[38;2;254;254;252m█[38;2;245;245;245m█[38;2;193;193;193m█[38;2;246;246;246m█[38;2;255;255;255m█[38;2;254;254;254m█[38;2;253;253;253m███████[38;2;253;253;249m█[38;2;255;255;255m█[38;2;167;169;208m█[38;2;0;0;27m█[38;2;6;6;118m█[38;2;5;5;117m█[38;2;13;15;6m██[38;2;13;13;16m██
██[38;2;13;13;13m██[38;2;5;5;130m█[38;2;0;0;122m█[38;2;20;22;37m█[38;2;236;237;252m█[38;2;255;255;254m█[38;2;253;253;251m█[38;2;254;254;254m█[38;2;255;255;255m██[38;2;253;253;253m█████████[38;2;253;253;249m█[38;2;255;255;255m█[38;2;168;171;209m█[38;2;0;0;28m█[38;2;6;6;119m█[38;2;5;5;118m█[38;2;13;15;6m██[38;2;13;13;16m██
██[38;2;13;13;13m██[38;2;5;5;130m█[38;2;0;0;122m█[38;2;18;19;34m█[38;2;233;235;250m█[38;2;255;255;254m█[38;2;253;253;251m█[38;2;253;253;253m████████████[38;2;253;253;249m█[38;2;255;255;255m█[38;2;174;173;210m█[38;2;0;0;26m█[38;2;5;5;118m██[38;2;13;15;6m██[38;2;13;13;16m██
██[38;2;13;13;13m██[38;2;5;5;130m█[38;2;0;0;123m█[38;2;16;17;32m█[38;2;231;232;247m█[38;2;255;255;254m█[38;2;253;253;251m█[38;2;253;253;253m████████████[38;2;253;253;249m█[38;2;255;255;255m█[38;2;178;176;214m█[38;2;0;0;27m█[38;2;5;5;120m██[38;2;13;15;6m██[38;2;13;13;16m██
██[38;2;13;13;11m██[38;2;5;5;130m█[38;2;0;0;123m█[38;2;13;15;32m█[38;2;229;230;247m█[38;2;255;255;255m█[38;2;253;253;251m█[38;2;253;253;253m████████████[38;2;253;253;249m█[38;2;255;255;255m█[38;2;181;180;215m█[38;2;0;0;25m█[38;2;5;5;120m██[38;2;13;15;6m██[38;2;13;13;16m██
██[38;2;13;13;11m██[38;2;5;5;129m█[38;2;0;0;123m█[38;2;11;12;30m█[38;2;225;226;244m█[38;2;255;255;255m█[38;2;253;253;251m█[38;2;253;253;253m████████████[38;2;253;253;249m█[38;2;255;255;255m█[38;2;186;185;219m█[38;2;0;0;26m█[38;2;5;5;120m██[38;2;13;15;6m██[38;2;13;13;16m██
██[38;2;13;13;11m██[38;2;5;5;129m█[38;2;0;0;123m█[38;2;9;9;30m█[38;2;223;223;244m█[38;2;255;255;255m█[38;2;253;253;251m█[38;2;253;253;253m████████████[38;2;253;253;249m█[38;2;255;255;255m█[38;2;189;188;221m█[38;2;0;0;25m█[38;2;5;5;123m██[38;2;13;13;9m██[38;2;13;13;16m██
██[38;2;13;13;11m██[38;2;5;5;129m█[38;2;0;0;123m█[38;2;8;8;28m█[38;2;221;221;242m█[38;2;255;255;255m█[38;2;253;253;251m█[38;2;253;253;253m████████████[38;2;253;253;249m█[38;2;255;255;255m█[38;2;195;195;224m█[38;2;0;0;24m█[38;2;4;4;122m█[38;2;5;5;123m█[38;2;13;13;9m██[38;2;13;13;16m██
██[38;2;13;13;9m██[38;2;5;5;129m█[38;2;2;2;125m█[38;2;1;1;24m█[38;2;212;212;236m█[38;2;255;255;255m█[38;2;253;253;251m█[38;2;253;253;253m███[38;2;254;254;254m█[38;2;255;255;255m█[38;2;253;253;253m████[38;2;255;255;255m██[38;2;253;253;253m█[38;2;253;253;249m█[38;2;255;255;255m█[38;2;190;189;222m█[38;2;0;0;24m█[38;2;4;5;123m██[38;2;13;13;9m██[38;2;13;13;16m██
██[38;2;13;15;6m██[38;2;5;5;120m█[38;2;6;6;122m█[38;2;0;0;28m█[38;2;120;123;162m█[38;2;255;255;251m█[38;2;255;255;255m████[38;2;252;252;252m█[38;2;247;247;247m█[38;2;255;255;255m████[38;2;250;250;250m█[38;2;249;249;249m█[38;2;255;255;255m█[38;2;255;255;252m█[38;2;255;255;255m█[38;2;107;108;155m█[38;2;0;0;35m█[38;2;6;6;118m█[38;2;5;5;117m█[38;2;13;15;6m██[38;2;13;13;16m██
██[38;2;13;15;6m██[38;2;8;6;95m█[38;2;9;8;96m█[38;2;1;3;95m█[38;2;0;0;86m█[38;2;31;31;12m█[38;2;136;136;117m█[38;2;235;235;235m█[38;2;244;244;244m█[38;2;182;183;175m█[38;2;51;52;44m█[38;2;32;33;25m█[38;2;147;148;140m█[38;2;237;237;237m█[38;2;242;242;242m█[38;2;171;172;164m█[38;2;42;44;35m█[38;2;37;38;30m█[38;2;161;162;154m█[38;2;236;235;222m█[38;2;139;138;125m█[38;2;0;0;90m█[38;2;1;2;100m█[38;2;9;8;93m█[38;2;8;6;91m█[38;2;13;15;6m██[38;2;13;13;16m██
██[38;2;13;13;11m██[38;2;11;11;34m██[38;2;2;0;194m█[38;2;0;0;188m█[38;2;0;0;90m█[38;2;0;0;80m█[38;2;18;17;4m█[38;2;27;26;13m█[38;2;0;0;63m█[38;2;0;0;65m█[38;2;0;0;88m█[38;2;0;0;79m█[38;2;20;19;6m█[38;2;25;24;11m█[38;2;0;0;68m█[38;2;0;0;73m█[38;2;0;0;79m█[38;2;0;0;73m█[38;2;9;10;25m█[38;2;0;0;6m█[38;2;0;0;168m█[38;2;4;3;176m█[38;2;11;11;37m██[38;2;13;13;11m██[38;2;13;13;16m██
████[38;2;13;15;6m██[38;2;5;8;100m█[38;2;6;9;101m█[38;2;0;0;207m█[38;2;0;0;205m█[38;2;0;0;187m█[38;2;0;0;185m█[38;2;0;0;197m█[38;2;0;1;200m█[38;2;1;2;201m█[38;2;0;0;198m█[38;2;0;0;186m██[38;2;0;0;197m█[38;2;1;2;201m█[38;2;1;2;200m█[38;2;0;0;196m█[38;2;0;0;209m█[38;2;0;0;214m█[38;2;6;8;111m█[38;2;5;6;110m█[38;2;13;15;6m██[38;2;13;13;16m████
██████[38;2;13;15;6m██[38;2;11;11;37m██[38;2;6;8;111m██[38;2;12;11;51m█[38;2;11;10;49m█[38;2;11;11;37m██[38;2;6;8;111m██[38;2;12;11;46m█[38;2;11;10;45m█[38;2;11;10;42m█[38;2;12;11;44m█[38;2;9;9;82m█[38;2;8;8;81m█[38;2;13;13;13m██[38;2;13;13;16m██████
████████[38;2;13;13;11m██[38;2;13;15;4m██[38;2;13;13;11m████[38;2;13;15;4m██[38;2;13;13;11m████[38;2;13;15;6m██[38;2;13;13;16m████████
████████████████████████████████