[38;2;13;13;16m██████████[38;2;13;15;6m██[38;2;9;9;70m██[38;2;3;4;153m████[38;2;10;10;72m█[38;2;9;9;70m█[38;2;13;15;6m██[38;2;13;13;16m██████████
████████[38;2;13;15;6m██[38;2;5;5;118m█[38;2;6;6;119m█[38;2;0;0;217m█[38;2;0;0;212m█[38;2;0;0;151m█[38;2;0;0;147m██[38;2;0;0;151m█[38;2;0;0;212m█[38;2;0;0;217m█[38;2;6;6;119m█[38;2;5;5;118m█[38;2;13;15;6m██[38;2;13;13;16m████████
██████[38;2;13;15;6m██[38;2;8;8;87m█[38;2;9;9;88m█[38;2;0;1;196m█[38;2;0;0;186m█[38;2;0;0;22m█[38;2;1;0;34m█[38;2;35;37;23m█[38;2;58;59;45m█[38;2;59;58;45m█[38;2;37;35;23m█[38;2;1;0;34m█[38;2;0;0;22m█[38;2;0;0;186m█[38;2;0;1;196m█[38;2;9;9;88m█[38;2;8;8;87m█[38;2;13;15;6m██[38;2;13;13;16m██████
████[38;2;13;13;13m██[38;2;13;12;24m██[38;2;2;2;181m█[38;2;0;0;179m█[38;2;0;0;27m█[38;2;16;18;56m█[38;2;127;129;117m█[38;2;212;214;202m█[38;2;247;247;247m█[38;2;255;255;255m██[38;2;247;247;247m█[38;2;212;214;202m█[38;2;127;129;117m█[38;2;18;17;56m█[38;2;0;0;27m█[38;2;0;0;179m█[38;2;2;2;181m█[38;2;13;12;24m██[38;2;13;13;13m██[38;2;13;13;16m████
████[38;2;13;15;4m██[38;2;5;8;100m█[38;2;6;9;101m█[38;2;2;3;120m█[38;2;0;0;98m█[38;2;82;81;68m█[38;2;232;231;218m█[38;2;255;255;255m███[38;2;254;254;254m██[38;2;255;255;255m███[38;2;233;232;219m█[38;2;82;81;68m█[38;2;0;0;98m█[38;2;2;3;120m█[38;2;6;9;101m█[38;2;5;8;100m█[38;2;13;15;4m██[38;2;13;13;16m████
████[38;2;13;13;11m██[38;2;3;4;152m█[38;2;2;3;151m█[38;2;0;0;16m█[38;2;98;98;127m█[38;2;255;255;255m██[38;2;253;253;253m████████[38;2;255;255;255m██[38;2;98;97;130m█[38;2;0;0;18m█[38;2;2;3;151m█[38;2;3;4;152m█[38;2;13;13;11m██[38;2;13;13;16m████
██[38;2;13;13;11m██[38;2;11;11;40m██[38;2;6;5;144m█[38;2;0;0;123m█[38;2;61;61;56m█[38;2;255;255;251m█[38;2;255;255;255m█[38;2;253;253;253m██████████[38;2;255;255;255m█[38;2;254;254;250m█[38;2;61;61;56m█[38;2;0;0;123m█[38;2;6;5;144m█[38;2;11;11;40m██[38;2;13;13;11m██[38;2;13;13;16m██
██[38;2;13;15;6m██[38;2;8;9;76m█[38;2;9;10;77m█[38;2;2;3;104m█[38;2;0;0;95m█[38;2;204;205;194m█[38;2;255;255;254m█[38;2;240;240;240m█[38;2;255;255;255m██[38;2;253;253;253m█████████[38;2;255;255;252m█[38;2;204;205;194m█[38;2;0;0;95m█[38;2;2;3;104m█[38;2;9;10;77m█[38;2;8;9;76m█[38;2;13;15;6m██[38;2;13;13;16m██
██[38;2;13;15;6m██[38;2;5;6;104m█[38;2;6;8;105m█[38;2;0;0;56m█[38;2;68;69;134m█[38;2;255;255;255m█[38;2;182;183;173m█[38;2;11;11;11m█[38;2;111;111;111m█[38;2;239;239;239m█[38;2;255;255;255m█[38;2;254;254;254m█[38;2;253;253;253m██[38;2;255;255;255m█████[38;2;254;255;245m█[38;2;255;255;253m█[38;2;67;68;133m█[38;2;0;0;56m█[38;2;6;8;105m█[38;2;5;6;104m█[38;2;13;15;6m██[38;2;13;13;16m██
██[38;2;13;15;6m██[38;2;5;5;117m█[38;2;6;6;118m█[38;2;0;0;30m█[38;2;147;150;192m█[38;2;255;255;255m█[38;2;204;204;200m█[38;2;23;23;23m█[38;2;0;0;0m█[38;2;28;28;28m█[38;2;165;165;165m█[38;2;255;255;255m█[38;2;254;254;254m██[38;2;236;236;236m█[38;2;232;232;232m███[38;2;233;233;233m█[38;2;253;253;249m█[38;2;255;255;255m█[38;2;147;150;192m█[38;2;0;0;30m█[38;2;6;6;119m█[38;2;5;5;118m█[38;2;13;15;6m██[38;2;13;13;16m██
██[38;2;13;13;9m██[38;2;4;5;123m█[38;2;3;4;122m█[38;2;0;0;23m█[38;2;194;194;223m█[38;2;255;255;255m██[38;2;247;247;247m█[38;2;111;111;111m█[38;2;0;0;0m██[38;2;115;115;115m█[38;2;255;255;255m█[38;2;160;160;160m█[38;2;2;2;2m█[38;2;8;8;8m█[38;2;9;9;9m██[38;2;0;0;0m█[38;2;132;132;127m█[38;2;255;255;255m█[38;2;194;194;223m█[38;2;0;0;23m█[38;2;3;4;122m█[38;2;4;5;123m█[38;2;13;13;9m██[38;2;13;13;16m██
██[38;2;13;13;9m██[38;2;5;5;126m█[38;2;2;2;123m█[38;2;0;0;25m█[38;2;207;207;232m█[38;2;255;255;255m██[38;2;208;208;208m█[38;2;72;72;72m█[38;2;0;0;0m██[38;2;148;148;148m█[38;2;255;255;255m█[38;2;185;185;185m█[38;2;48;48;48m█[38;2;52;52;52m█[38;2;53;53;53m█[38;2;52;52;52m█[38;2;46;46;46m█[38;2;162;162;160m█[38;2;255;255;255m█[38;2;207;207;232m█[38;2;0;0;25m█[38;2;2;2;123m█[38;2;4;4;125m█[38;2;13;13;9m██[38;2;13;13;16m██
██[38;2;13;13;9m██[38;2;5;5;126m█[38;2;2;2;123m█[38;2;0;0;25m█[38;2;208;208;233m█[38;2;255;255;255m█[38;2;183;183;181m█[38;2;0;0;0m██[38;2;70;70;70m█[38;2;210;210;210m█[38;2;255;255;255m█[38;2;253;253;253m█[38;2;255;255;255m████████[38;2;208;208;233m█[38;2;0;0;25m█[38;2;2;2;123m█[38;2;4;4;125m█[38;2;13;13;9m██[38;2;13;13;16m██
██[38;2;13;13;9m██[38;2;5;5;126m█[38;2;2;2;123m█[38;2;0;0;25m█[38;2;208;208;233m█[38;2;255;255;255m█[38;2;201;201;198m█[38;2;60;60;60m█[38;2;161;161;161m█[38;2;255;255;255m██[38;2;253;253;253m███[38;2;254;254;254m█████[38;2;253;253;251m█[38;2;255;255;255m█[38;2;208;208;233m█[38;2;0;0;25m█[38;2;2;2;123m█[38;2;4;4;125m█[38;2;13;13;9m██[38;2;13;13;16m██
██[38;2;13;13;9m██[38;2;5;5;126m█[38;2;2;2;123m█[38;2;0;0;25m█[38;2;208;208;233m█[38;2;255;255;255m█[38;2;255;255;254m█[38;2;255;255;255m██[38;2;254;254;254m█[38;2;253;253;253m█████████[38;2;253;253;251m█[38;2;255;255;255m█[38;2;208;208;233m█[38;2;0;0;25m█[38;2;2;2;123m█[38;2;4;4;125m█[38;2;13;13;9m██[38;2;13;13;16m██
██[38;2;13;13;9m██[38;2;5;5;126m█[38;2;2;2;123m█[38;2;0;0;25m█[38;2;208;208;233m█[38;2;255;255;255m█[38;2;253;253;251m█[38;2;254;254;254m█[38;2;253;253;253m███████████[38;2;253;253;251m█[38;2;255;255;255m█[38;2;208;208;233m█[38;2;0;0;25m█[38;2;2;2;123m█[38;2;4;4;125m█[38;2;13;13;9m██[38;2;13;13;16m██
██[38;2;13;13;9m██[38;2;5;5;126m█[38;2;2;2;123m█[38;2;0;0;25m█[38;2;208;208;233m█[38;2;255;255;255m█[38;2;253;253;251m█[38;2;253;253;253m████████████[38;2;253;253;251m█[38;2;255;255;255m█[38;2;208;208;233m█[38;2;0;0;25m█[38;2;2;2;123m█[38;2;4;4;125m█[38;2;13;13;9m██[38;2;13;13;16m██
██[38;2;13;13;9m██[38;2;5;5;126m█[38;2;2;2;123m█[38;2;0;0;25m█[38;2;208;208;233m█[38;2;255;255;255m█[38;2;253;253;251m█[38;2;253;253;253m████████████[38;2;253;253;251m█[38;2;255;255;255m█[38;2;208;208;233m█[38;2;0;0;25m█[38;2;2;2;123m█[38;2;4;4;125m█[38;2;13;13;9m██[38;2;13;13;16m██
██[38;2;13;13;9m██[38;2;5;5;126m█[38;2;2;2;123m█[38;2;0;0;25m█[38;2;208;208;233m█[38;2;255;255;255m█[38;2;253;253;251m█[38;2;253;253;253m████████████[38;2;253;253;251m█[38;2;255;255;255m█[38;2;208;208;233m█[38;2;0;0;25m█[38;2;2;2;123m█[38;2;4;4;125m█[38;2;13;13;9m██[38;2;13;13;16m██
██[38;2;13;13;9m██[38;2;5;5;126m█[38;2;2;2;123m█[38;2;0;0;25m█[38;2;208;208;233m█[38;2;255;255;255m█[38;2;253;253;251m█[38;2;253;253;253m████████████[38;2;253;253;251m█[38;2;255;255;255m█[38;2;208;208;233m█[38;2;0;0;25m█[38;2;2;2;123m█[38;2;4;4;125m█[38;2;13;13;9m██[38;2;13;13;16m██
██[38;2;13;13;9m██[38;2;5;5;126m█[38;2;2;2;123m█[38;2;0;0;25m█[38;2;207;207;232m█[38;2;255;255;255m█[38;2;253;253;251m█[38;2;253;253;253m████████████[38;2;253;253;251m█[38;2;255;255;255m█[38;2;207;207;232m█[38;2;0;0;25m█[38;2;2;2;123m█[38;2;4;4;125m█[38;2;13;13;9m██[38;2;13;13;16m██
██[38;2;13;13;9m██[38;2;5;5;126m█[38;2;2;2;123m█[38;2;1;1;26m█[38;2;208;208;233m█[38;2;255;255;255m█[38;2;253;253;251m█[38;2;253;253;253m████████████[38;2;253;253;251m█[38;2;255;255;255m█[38;2;208;208;233m█[38;2;0;0;25m█[38;2;2;2;123m█[38;2;4;4;125m█[38;2;13;13;9m██[38;2;13;13;16m██
██[38;2;13;13;9m██[38;2;5;5;126m█[38;2;2;2;123m█[38;2;0;0;23m█[38;2;205;205;231m█[38;2;255;255;255m█[38;2;253;253;251m█[38;2;253;253;253m████████████[38;2;253;253;251m█[38;2;255;255;255m█[38;2;205;205;232m█[38;2;0;0;24m█[38;2;2;2;125m█[38;2;4;4;127m█[38;2;13;13;9m██[38;2;13;13;16m██
██[38;2;13;15;6m██[38;2;4;4;129m█[38;2;5;5;130m█[38;2;0;0;27m█[38;2;138;137;176m█[38;2;255;255;255m█[38;2;254;254;250m█[38;2;254;254;254m█[38;2;255;255;255m████[38;2;254;254;254m██[38;2;255;255;255m████[38;2;254;254;254m█[38;2;254;254;250m█[38;2;255;255;255m█[38;2;138;137;176m█[38;2;0;0;26m█[38;2;5;5;130m█[38;2;4;4;129m█[38;2;13;15;6m██[38;2;13;13;16m██
██[38;2;13;15;4m██[38;2;5;5;117m█[38;2;8;8;119m█[38;2;0;0;83m█[38;2;5;4;89m█[38;2;176;178;166m█[38;2;255;255;246m█[38;2;255;255;255m█[38;2;205;205;205m█[38;2;79;80;69m█[38;2;70;72;61m█[38;2;194;194;192m█[38;2;255;255;255m██[38;2;194;194;192m█[38;2;70;72;61m█[38;2;77;79;68m█[38;2;204;204;204m█[38;2;255;255;255m█[38;2;255;255;246m█[38;2;176;178;166m█[38;2;5;4;89m█[38;2;0;0;83m█[38;2;6;6;118m█[38;2;5;5;117m█[38;2;13;15;4m██[38;2;13;13;16m██
██[38;2;13;13;9m██[38;2;9;9;66m██[38;2;3;3;180m█[38;2;0;0;167m█[38;2;0;0;0m█[38;2;46;46;44m█[38;2;54;54;52m█[38;2;5;5;3m█[38;2;0;0;70m█[38;2;0;0;72m█[38;2;2;2;4m█[38;2;51;51;53m██[38;2;2;2;4m█[38;2;0;0;72m█[38;2;0;0;70m█[38;2;5;5;3m█[38;2;54;54;52m█[38;2;46;46;44m█[38;2;0;0;0m█[38;2;0;0;165m█[38;2;3;3;178m█[38;2;9;9;66m██[38;2;13;13;9m██[38;2;13;13;16m██
████[38;2;13;13;13m██[38;2;2;2;179m█[38;2;3;3;180m█[38;2;0;0;182m█[38;2;0;0;172m█[38;2;0;0;155m█[38;2;0;0;165m█[38;2;0;0;244m██[38;2;0;0;171m█[38;2;0;0;161m██[38;2;0;0;171m█[38;2;0;0;244m██[38;2;0;0;165m█[38;2;0;0;155m█[38;2;0;0;173m█[38;2;0;0;183m█[38;2;3;3;180m█[38;2;2;2;179m█[38;2;13;13;13m██[38;2;13;13;16m████
████[38;2;13;13;9m██[38;2;11;10;45m██[38;2;2;0;194m██[38;2;1;2;200m█[38;2;0;1;198m█[38;2;9;8;98m█[38;2;8;6;97m█[38;2;2;1;192m█[38;2;3;2;193m█[38;2;1;3;193m█[38;2;0;2;192m█[38;2;5;8;97m█[38;2;6;9;98m█[38;2;0;1;198m█[38;2;1;2;200m█[38;2;1;2;195m█[38;2;0;1;194m█[38;2;11;10;47m██[38;2;13;13;9m██[38;2;13;13;16m████
██████[38;2;13;13;11m██[38;2;13;13;17m██[38;2;13;13;19m██[38;2;13;15;4m██[38;2;13;13;19m████[38;2;13;15;4m██[38;2;13;13;19m██[38;2;13;13;17m██[38;2;13;13;11m██[38;2;13;13;16m██████
████████[38;2;13;13;13m████[38;2;13;13;16m██[38;2;13;13;13m████[38;2;13;13;16m██[38;2;13;13;13m████[38;2;13;13;16m████████
████████████████████████████████
████████████████████████████████