[38;2;13;13;16m████████████[38;2;13;15;6m████████[38;2;13;13;16m████████████
████████[38;2;13;13;13m██[38;2;13;13;9m██[38;2;9;9;74m██[38;2;4;2;151m█[38;2;5;3;152m███[38;2;9;9;73m██[38;2;13;13;9m██[38;2;13;13;13m██[38;2;13;13;16m████████
████████[38;2;13;15;6m██[38;2;5;5;118m█[38;2;6;6;119m█[38;2;0;0;243m█[38;2;0;0;244m█[38;2;0;0;240m████[38;2;0;0;244m█[38;2;0;0;243m█[38;2;6;6;118m█[38;2;5;5;117m█[38;2;13;15;6m██[38;2;13;13;16m████████
██████[38;2;13;15;6m██[38;2;8;8;84m█[38;2;9;9;86m█[38;2;0;0;242m█[38;2;0;0;240m█[38;2;0;0;138m█[38;2;0;0;125m█[38;2;0;0;32m█[38;2;0;0;33m██[38;2;0;0;32m█[38;2;0;0;125m█[38;2;0;0;137m█[38;2;0;0;240m█[38;2;0;0;242m█[38;2;9;9;86m█[38;2;8;8;84m█[38;2;13;15;6m██[38;2;13;13;16m██████
████[38;2;13;13;13m██[38;2;13;12;24m██[38;2;0;0;207m█[38;2;1;1;208m█[38;2;0;0;120m█[38;2;0;0;102m█[38;2;15;13;1m█[38;2;83;82;69m█[38;2;140;141;131m█[38;2;168;169;159m██[38;2;140;141;131m█[38;2;83;82;69m█[38;2;15;13;1m█[38;2;0;0;102m█[38;2;0;0;120m█[38;2;1;1;208m█[38;2;0;0;207m█[38;2;13;12;24m██[38;2;13;13;13m██[38;2;13;13;16m████
████[38;2;13;15;4m██[38;2;8;6;100m█[38;2;9;8;101m█[38;2;3;2;187m█[38;2;0;0;173m█[38;2;0;0;0m█[38;2;113;113;109m█[38;2;228;228;225m█[38;2;255;255;255m██████[38;2;228;228;225m█[38;2;113;113;109m█[38;2;0;0;0m█[38;2;0;0;173m█[38;2;3;2;187m█[38;2;6;9;101m█[38;2;5;8;100m█[38;2;13;15;4m██[38;2;13;13;16m████
████[38;2;13;13;11m██[38;2;1;1;172m█[38;2;3;3;174m█[38;2;0;0;66m█[38;2;6;6;77m█[38;2;183;185;174m█[38;2;255;255;255m██[38;2;253;253;253m██████[38;2;255;255;255m██[38;2;183;185;174m█[38;2;6;6;77m█[38;2;0;0;66m█[38;2;3;3;174m█[38;2;1;1;172m█[38;2;13;13;11m██[38;2;13;13;16m████
██[38;2;13;13;11m██[38;2;11;11;38m██[38;2;3;3;178m█[38;2;0;0;168m█[38;2;2;2;5m█[38;2;189;189;193m█[38;2;255;255;255m█[38;2;253;253;251m█[38;2;253;253;253m████████[38;2;253;253;251m█[38;2;255;255;255m█[38;2;189;189;193m█[38;2;2;2;5m█[38;2;0;0;168m█[38;2;3;3;178m█[38;2;11;11;38m██[38;2;13;13;11m██[38;2;13;13;16m██
██[38;2;13;15;6m██[38;2;8;8;79m██[38;2;5;4;137m█[38;2;0;0;111m█[38;2;130;131;119m█[38;2;255;255;255m█[38;2;253;253;253m████████████[38;2;255;255;255m█[38;2;130;131;119m█[38;2;0;0;111m█[38;2;5;4;137m█[38;2;8;8;79m██[38;2;13;15;6m██[38;2;13;13;16m██
██[38;2;13;15;4m██[38;2;5;6;108m█[38;2;6;8;109m█[38;2;0;0;84m█[38;2;23;22;109m█[38;2;242;243;232m█[38;2;255;255;252m█[38;2;255;255;255m██[38;2;253;253;253m██████████[38;2;255;255;247m█[38;2;242;243;232m█[38;2;23;22;109m█[38;2;0;0;83m█[38;2;6;8;109m█[38;2;5;6;108m█[38;2;13;15;4m██[38;2;13;13;16m██
██[38;2;13;15;6m██[38;2;5;4;125m█[38;2;6;5;126m█[38;2;0;0;41m█[38;2;108;109;162m█[38;2;255;255;255m█[38;2;217;218;210m█[38;2;103;103;103m█[38;2;193;193;193m█[38;2;255;255;255m██[38;2;253;253;253m████████[38;2;253;254;246m█[38;2;255;255;255m█[38;2;108;109;162m█[38;2;0;0;41m█[38;2;5;5;126m█[38;2;4;4;125m█[38;2;13;15;6m██[38;2;13;13;16m██
██[38;2;13;13;9m██[38;2;4;4;129m██[38;2;0;0;26m█[38;2;174;173;210m█[38;2;255;255;255m█[38;2;172;172;167m█[38;2;0;0;0m██[38;2;98;98;98m█[38;2;226;226;226m█[38;2;255;255;255m█[38;2;252;252;252m█[38;2;255;255;255m████████[38;2;174;173;210m█[38;2;0;0;26m█[38;2;4;4;127m██[38;2;13;13;9m██[38;2;13;13;16m██
██[38;2;13;13;9m██[38;2;5;5;129m█[38;2;3;3;126m█[38;2;0;0;24m█[38;2;203;203;230m█[38;2;255;255;255m█[38;2;254;254;250m█[38;2;178;178;178m█[38;2;46;46;46m█[38;2;0;0;0m█[38;2;11;11;11m█[38;2;161;161;161m█[38;2;255;255;255m█[38;2;194;194;194m█[38;2;67;67;67m██[38;2;68;68;68m██[38;2;63;63;63m█[38;2;173;173;171m█[38;2;255;255;255m█[38;2;203;203;230m█[38;2;0;0;24m█[38;2;3;3;126m█[38;2;4;4;127m█[38;2;13;13;9m██[38;2;13;13;16m██
██[38;2;13;13;9m██[38;2;5;5;126m█[38;2;2;2;123m█[38;2;0;0;25m█[38;2;208;208;233m█[38;2;255;255;255m██[38;2;250;250;250m█[38;2;107;107;107m█[38;2;0;0;0m██[38;2;105;105;105m█[38;2;255;255;255m█[38;2;153;153;153m█[38;2;0;0;0m█████[38;2;124;124;122m█[38;2;255;255;255m█[38;2;208;208;233m█[38;2;0;0;25m█[38;2;2;2;123m█[38;2;4;4;125m█[38;2;13;13;9m██[38;2;13;13;16m██
██[38;2;13;13;9m██[38;2;5;5;126m█[38;2;2;2;123m█[38;2;0;0;25m█[38;2;208;208;233m█[38;2;255;255;255m█[38;2;203;203;201m█[38;2;20;20;20m█[38;2;0;0;0m█[38;2;25;25;25m█[38;2;153;153;153m█[38;2;251;251;251m█[38;2;255;255;255m█[38;2;252;252;252m█[38;2;224;224;224m█[38;2;221;221;221m███[38;2;222;222;222m█[38;2;250;250;247m█[38;2;255;255;255m█[38;2;208;208;233m█[38;2;0;0;25m█[38;2;2;2;123m█[38;2;4;4;125m█[38;2;13;13;9m██[38;2;13;13;16m██
██[38;2;13;13;9m██[38;2;5;5;126m█[38;2;2;2;123m█[38;2;0;0;25m█[38;2;208;208;233m█[38;2;255;255;255m█[38;2;183;183;181m█[38;2;16;16;16m█[38;2;112;112;112m█[38;2;236;236;236m█[38;2;255;255;255m██[38;2;253;253;253m█[38;2;254;254;254m█[38;2;255;255;255m█████[38;2;254;254;252m█[38;2;255;255;255m█[38;2;208;208;233m█[38;2;0;0;25m█[38;2;2;2;123m█[38;2;4;4;125m█[38;2;13;13;9m██[38;2;13;13;16m██
██[38;2;13;13;9m██[38;2;5;5;126m█[38;2;2;2;123m█[38;2;0;0;25m█[38;2;208;208;233m█[38;2;255;255;255m█[38;2;255;255;253m█[38;2;244;244;244m█[38;2;255;255;255m██[38;2;253;253;253m█████████[38;2;253;253;251m█[38;2;255;255;255m█[38;2;208;208;233m█[38;2;0;0;25m█[38;2;2;2;123m█[38;2;4;4;125m█[38;2;13;13;9m██[38;2;13;13;16m██
██[38;2;13;13;9m██[38;2;5;5;126m█[38;2;2;2;123m█[38;2;0;0;25m█[38;2;208;208;233m█[38;2;255;255;255m█[38;2;253;253;251m█[38;2;255;255;255m█[38;2;253;253;253m███████████[38;2;253;253;251m█[38;2;255;255;255m█[38;2;208;208;233m█[38;2;0;0;25m█[38;2;2;2;123m█[38;2;4;4;125m█[38;2;13;13;9m██[38;2;13;13;16m██
██[38;2;13;13;9m██[38;2;5;5;126m█[38;2;2;2;123m█[38;2;0;0;25m█[38;2;208;208;233m█[38;2;255;255;255m█[38;2;253;253;251m█[38;2;253;253;253m████████████[38;2;253;253;251m█[38;2;255;255;255m█[38;2;208;208;233m█[38;2;0;0;25m█[38;2;2;2;123m█[38;2;4;4;125m█[38;2;13;13;9m██[38;2;13;13;16m██
██[38;2;13;13;9m██[38;2;5;5;126m█[38;2;2;2;123m█[38;2;0;0;25m█[38;2;208;208;233m█[38;2;255;255;255m█[38;2;253;253;251m█[38;2;253;253;253m████████████[38;2;253;253;251m█[38;2;255;255;255m█[38;2;208;208;233m█[38;2;0;0;25m█[38;2;2;2;123m█[38;2;4;4;125m█[38;2;13;13;9m██[38;2;13;13;16m██
██[38;2;13;13;9m██[38;2;5;5;126m█[38;2;2;2;123m█[38;2;0;0;25m█[38;2;208;208;233m█[38;2;255;255;255m█[38;2;253;253;251m█[38;2;253;253;253m████████████[38;2;253;253;251m█[38;2;255;255;255m█[38;2;208;208;233m█[38;2;0;0;25m█[38;2;2;2;123m█[38;2;4;4;125m█[38;2;13;13;9m██[38;2;13;13;16m██
██[38;2;13;13;9m██[38;2;5;5;126m█[38;2;2;2;123m█[38;2;0;0;25m█[38;2;208;208;233m█[38;2;255;255;255m█[38;2;253;253;251m█[38;2;253;253;253m████████████[38;2;253;253;251m█[38;2;255;255;255m█[38;2;208;208;233m█[38;2;0;0;25m█[38;2;2;2;123m█[38;2;4;4;125m█[38;2;13;13;9m██[38;2;13;13;16m██
██[38;2;13;13;9m██[38;2;5;5;126m█[38;2;2;2;123m█[38;2;0;0;24m█[38;2;207;207;232m█[38;2;255;255;255m█[38;2;253;253;251m█[38;2;253;253;253m████████████[38;2;253;253;251m█[38;2;255;255;255m█[38;2;208;208;233m█[38;2;0;0;24m█[38;2;2;2;123m█[38;2;4;4;125m█[38;2;13;13;9m██[38;2;13;13;16m██
██[38;2;13;15;6m██[38;2;5;5;120m██[38;2;0;0;25m█[38;2;151;150;187m█[38;2;255;255;255m█[38;2;253;253;249m█[38;2;253;253;253m█[38;2;255;255;255m████[38;2;253;253;253m██[38;2;255;255;255m████[38;2;253;253;253m█[38;2;253;253;249m█[38;2;255;255;255m█[38;2;153;152;189m█[38;2;0;0;25m█[38;2;5;5;120m██[38;2;13;15;6m██[38;2;13;13;16m██
██[38;2;13;15;6m██[38;2;5;6;104m█[38;2;6;8;105m█[38;2;0;0;74m█[38;2;15;15;91m█[38;2;198;200;188m█[38;2;255;255;253m█[38;2;255;255;255m█[38;2;224;224;224m█[38;2;107;108;100m█[38;2;98;100;91m█[38;2;215;215;215m█[38;2;255;255;255m██[38;2;216;216;216m█[38;2;98;100;91m█[38;2;105;107;98m█[38;2;224;224;224m█[38;2;255;255;255m█[38;2;255;255;254m█[38;2;202;203;192m█[38;2;17;17;93m█[38;2;0;0;73m█[38;2;6;8;105m█[38;2;5;6;104m█[38;2;13;15;6m██[38;2;13;13;16m██
██[38;2;13;13;11m██[38;2;9;11;53m██[38;2;4;4;161m█[38;2;0;0;145m█[38;2;5;6;0m█[38;2;70;72;63m█[38;2;80;81;73m█[38;2;18;19;11m█[38;2;0;0;48m█[38;2;0;0;49m█[38;2;12;12;8m█[38;2;76;76;72m██[38;2;12;12;8m█[38;2;0;0;49m█[38;2;0;0;48m█[38;2;18;19;11m█[38;2;81;82;74m█[38;2;72;73;62m█[38;2;6;8;0m█[38;2;0;0;143m█[38;2;3;4;158m█[38;2;9;10;55m██[38;2;13;13;11m██[38;2;13;13;16m██
████[38;2;13;13;9m██[38;2;2;4;146m█[38;2;4;6;148m█[38;2;0;0;162m█[38;2;0;0;151m█[38;2;0;0;133m█[38;2;0;0;144m█[38;2;0;0;222m█[38;2;0;0;223m█[38;2;0;0;151m█[38;2;0;0;139m█[38;2;0;0;137m█[38;2;0;0;148m█[38;2;0;0;223m█[38;2;0;0;222m█[38;2;0;0;144m█[38;2;0;0;132m█[38;2;0;0;151m█[38;2;0;0;162m█[38;2;4;5;151m█[38;2;2;3;148m█[38;2;13;13;9m██[38;2;13;13;16m████
████[38;2;13;13;13m██[38;2;13;12;24m██[38;2;3;5;145m██[38;2;3;4;152m██[38;2;9;11;51m██[38;2;3;5;147m████[38;2;11;10;51m██[38;2;3;4;153m█[38;2;4;5;154m█[38;2;5;4;147m██[38;2;13;12;26m██[38;2;13;13;13m██[38;2;13;13;16m████
██████[38;2;13;13;13m██[38;2;13;15;6m████[38;2;13;13;9m██[38;2;13;15;6m████[38;2;13;13;9m██[38;2;13;15;6m████[38;2;13;13;13m██[38;2;13;13;16m██████
████████████████████████████████
████████████████████████████████
████████████████████████████████