[38;2;13;13;16m████████████████████████████████
████████████[38;2;13;13;9m██[38;2;13;15;4m████[38;2;13;13;9m██[38;2;13;13;16m████████████
██████████[38;2;13;15;6m██[38;2;9;10;63m██[38;2;5;4;145m████[38;2;10;11;65m█[38;2;9;10;63m█[38;2;13;15;6m██[38;2;13;13;16m██████████
████████[38;2;13;15;6m██[38;2;5;5;112m█[38;2;6;6;113m█[38;2;0;0;229m█[38;2;0;0;226m█[38;2;0;0;183m█[38;2;0;0;180m██[38;2;0;0;183m█[38;2;0;0;226m█[38;2;0;0;229m█[38;2;6;6;113m█[38;2;5;5;112m█[38;2;13;15;6m██[38;2;13;13;16m████████
██████[38;2;13;15;6m██[38;2;8;8;83m█[38;2;9;9;84m█[38;2;1;1;211m█[38;2;0;0;204m█[38;2;0;0;47m█[38;2;0;0;48m█[38;2;13;15;6m█[38;2;30;31;23m██[38;2;13;15;6m█[38;2;0;0;48m█[38;2;0;0;47m█[38;2;0;0;204m█[38;2;1;1;211m█[38;2;9;9;84m█[38;2;8;8;83m█[38;2;13;15;6m██[38;2;13;13;16m██████
████[38;2;13;13;13m██[38;2;13;12;22m██[38;2;2;1;187m██[38;2;0;0;47m█[38;2;0;0;55m█[38;2;93;91;79m█[38;2;183;182;169m█[38;2;228;228;228m█[38;2;244;244;244m██[38;2;228;228;228m█[38;2;183;182;169m█[38;2;93;91;79m█[38;2;0;0;55m█[38;2;0;0;47m█[38;2;2;1;187m██[38;2;13;12;22m██[38;2;13;13;13m██[38;2;13;13;16m████
████[38;2;13;15;6m██[38;2;8;6;97m█[38;2;9;8;98m█[38;2;4;3;138m█[38;2;0;0;115m█[38;2;53;52;39m█[38;2;208;207;194m█[38;2;255;255;255m████████[38;2;207;208;194m█[38;2;52;53;39m█[38;2;0;0;115m█[38;2;4;3;138m█[38;2;9;8;98m█[38;2;8;6;97m█[38;2;13;15;6m██[38;2;13;13;16m████
████[38;2;13;13;11m██[38;2;3;4;155m██[38;2;0;0;26m█[38;2;70;69;109m█[38;2;247;249;240m█[38;2;255;255;255m█[38;2;253;253;253m████████[38;2;255;255;255m█[38;2;247;249;240m█[38;2;70;69;109m█[38;2;0;0;26m█[38;2;3;4;155m██[38;2;13;13;11m██[38;2;13;13;16m████
██[38;2;13;13;11m██[38;2;11;11;40m██[38;2;4;5;153m█[38;2;0;0;136m█[38;2;41;41;37m█[38;2;244;244;239m█[38;2;255;255;255m█[38;2;253;253;253m██████████[38;2;255;255;255m█[38;2;244;244;239m█[38;2;41;41;37m█[38;2;0;0;136m█[38;2;6;4;153m█[38;2;11;11;40m██[38;2;13;13;11m██[38;2;13;13;16m██
██[38;2;13;13;9m██[38;2;9;9;76m█[38;2;10;10;77m█[38;2;3;3;112m█[38;2;0;0;97m█[38;2;187;188;176m█[38;2;255;255;255m██[38;2;253;253;253m███████████[38;2;255;255;254m█[38;2;187;188;176m█[38;2;0;0;97m█[38;2;3;3;112m█[38;2;10;10;77m█[38;2;9;9;76m█[38;2;13;13;9m██[38;2;13;13;16m██
██[38;2;13;15;6m██[38;2;5;6;104m█[38;2;6;8;105m█[38;2;0;0;62m█[38;2;55;55;126m█[38;2;255;255;250m█[38;2;255;255;246m█[38;2;237;237;237m█[38;2;255;255;255m██[38;2;253;253;253m█████████[38;2;254;255;245m█[38;2;255;255;250m█[38;2;55;55;126m█[38;2;0;0;62m█[38;2;6;8;105m█[38;2;5;6;104m█[38;2;13;15;6m██[38;2;13;13;16m██
██[38;2;13;15;6m██[38;2;5;5;118m█[38;2;6;6;119m█[38;2;0;0;32m█[38;2;138;139;185m█[38;2;255;255;255m█[38;2;180;180;175m█[38;2;6;6;6m█[38;2;101;101;101m█[38;2;229;229;229m█[38;2;255;255;255m██[38;2;253;253;253m█[38;2;254;254;254m█[38;2;255;255;255m█████[38;2;254;254;250m█[38;2;255;255;255m█[38;2;138;139;185m█[38;2;0;0;32m█[38;2;6;6;119m█[38;2;5;5;118m█[38;2;13;15;6m██[38;2;13;13;16m██
██[38;2;13;13;9m██[38;2;5;4;125m██[38;2;0;0;25m█[38;2;189;188;221m█[38;2;255;255;255m█[38;2;208;208;203m█[38;2;30;30;30m█[38;2;0;0;0m█[38;2;17;17;17m█[38;2;140;140;140m█[38;2;247;247;247m█[38;2;255;255;255m█[38;2;250;250;250m█[38;2;215;215;215m█[38;2;211;211;211m█[38;2;212;212;212m█[38;2;211;211;211m█[38;2;212;212;212m█[38;2;246;246;242m█[38;2;255;255;255m█[38;2;189;188;221m█[38;2;0;0;25m█[38;2;4;4;125m██[38;2;13;13;9m██[38;2;13;13;16m██
██[38;2;13;13;9m██[38;2;4;4;125m█[38;2;2;2;123m█[38;2;0;0;25m█[38;2;207;207;232m█[38;2;255;255;255m███[38;2;112;112;112m█[38;2;0;0;0m██[38;2;100;100;100m█[38;2;255;255;255m█[38;2;148;148;148m█[38;2;0;0;0m█████[38;2;119;119;117m█[38;2;255;255;255m█[38;2;207;207;232m█[38;2;0;0;25m█[38;2;2;2;123m█[38;2;4;4;125m█[38;2;13;13;9m██[38;2;13;13;16m██
██[38;2;13;13;9m██[38;2;4;4;125m█[38;2;2;2;123m█[38;2;0;0;25m█[38;2;208;208;233m█[38;2;255;255;255m█[38;2;252;252;250m█[38;2;165;165;165m█[38;2;38;38;38m█[38;2;0;0;0m█[38;2;19;19;19m█[38;2;171;171;171m█[38;2;255;255;255m█[38;2;200;200;200m█[38;2;80;80;80m██[38;2;81;81;81m█[38;2;80;80;80m█[38;2;76;76;76m█[38;2;181;181;179m█[38;2;255;255;255m█[38;2;208;208;233m█[38;2;0;0;25m█[38;2;2;2;123m█[38;2;4;4;125m█[38;2;13;13;9m██[38;2;13;13;16m██
██[38;2;13;13;9m██[38;2;4;4;125m█[38;2;2;2;123m█[38;2;0;0;25m█[38;2;208;208;233m█[38;2;255;255;255m█[38;2;169;169;167m█[38;2;0;0;0m██[38;2;110;110;110m█[38;2;235;235;235m█[38;2;255;255;255m█[38;2;252;252;252m█[38;2;255;255;255m████████[38;2;208;208;233m█[38;2;0;0;25m█[38;2;2;2;123m█[38;2;4;4;125m█[38;2;13;13;9m██[38;2;13;13;16m██
██[38;2;13;13;9m██[38;2;4;4;125m█[38;2;2;2;123m█[38;2;0;0;25m█[38;2;208;208;233m█[38;2;255;255;255m█[38;2;222;222;219m█[38;2;117;117;117m█[38;2;203;203;203m█[38;2;255;255;255m██[38;2;253;253;253m████████[38;2;253;253;251m█[38;2;255;255;255m█[38;2;208;208;233m█[38;2;0;0;25m█[38;2;2;2;123m█[38;2;4;4;125m█[38;2;13;13;9m██[38;2;13;13;16m██
██[38;2;13;13;9m██[38;2;4;4;125m█[38;2;2;2;123m█[38;2;0;0;25m█[38;2;208;208;233m█[38;2;255;255;255m█[38;2;255;255;254m█[38;2;255;255;255m██[38;2;253;253;253m██████████[38;2;253;253;251m█[38;2;255;255;255m█[38;2;208;208;233m█[38;2;0;0;25m█[38;2;2;2;123m█[38;2;4;4;125m█[38;2;13;13;9m██[38;2;13;13;16m██
██[38;2;13;13;9m██[38;2;4;4;125m█[38;2;2;2;123m█[38;2;0;0;25m█[38;2;208;208;233m█[38;2;255;255;255m█[38;2;253;253;251m█[38;2;253;253;253m████████████[38;2;253;253;251m█[38;2;255;255;255m█[38;2;208;208;233m█[38;2;0;0;25m█[38;2;2;2;123m█[38;2;4;4;125m█[38;2;13;13;9m██[38;2;13;13;16m██
██[38;2;13;13;9m██[38;2;4;4;125m█[38;2;2;2;123m█[38;2;0;0;25m█[38;2;208;208;233m█[38;2;255;255;255m█[38;2;253;253;251m█[38;2;253;253;253m████████████[38;2;253;253;251m█[38;2;255;255;255m█[38;2;208;208;233m█[38;2;0;0;25m█[38;2;2;2;123m█[38;2;4;4;125m█[38;2;13;13;9m██[38;2;13;13;16m██
██[38;2;13;13;9m██[38;2;4;4;125m█[38;2;2;2;123m█[38;2;0;0;25m█[38;2;208;208;233m█[38;2;255;255;255m█[38;2;253;253;251m█[38;2;253;253;253m████████████[38;2;253;253;251m█[38;2;255;255;255m█[38;2;208;208;233m█[38;2;0;0;25m█[38;2;2;2;123m█[38;2;4;4;125m█[38;2;13;13;9m██[38;2;13;13;16m██
██[38;2;13;13;9m██[38;2;4;4;125m█[38;2;2;2;123m█[38;2;0;0;25m█[38;2;208;208;233m█[38;2;255;255;255m█[38;2;253;253;251m█[38;2;253;253;253m████████████[38;2;253;253;251m█[38;2;255;255;255m█[38;2;208;208;233m█[38;2;0;0;25m█[38;2;2;2;123m█[38;2;4;4;125m█[38;2;13;13;9m██[38;2;13;13;16m██
██[38;2;13;13;9m██[38;2;4;4;125m█[38;2;2;2;123m█[38;2;0;0;25m█[38;2;208;208;233m█[38;2;255;255;255m█[38;2;253;253;251m█[38;2;253;253;253m████████████[38;2;253;253;251m█[38;2;255;255;255m█[38;2;208;208;233m█[38;2;0;0;25m█[38;2;2;2;123m█[38;2;4;4;125m█[38;2;13;13;9m██[38;2;13;13;16m██
██[38;2;13;13;9m██[38;2;4;4;125m█[38;2;2;2;123m█[38;2;0;0;25m█[38;2;208;208;233m█[38;2;255;255;255m█[38;2;253;253;251m█[38;2;253;253;253m████████████[38;2;253;253;251m█[38;2;255;255;255m█[38;2;209;209;235m█[38;2;0;0;25m█[38;2;2;2;123m█[38;2;4;4;125m█[38;2;13;13;9m██[38;2;13;13;16m██
██[38;2;13;15;6m██[38;2;5;5;123m██[38;2;0;0;23m█[38;2;164;162;197m█[38;2;255;255;255m█[38;2;253;253;249m█[38;2;253;253;253m█[38;2;255;255;255m████[38;2;253;253;253m██[38;2;255;255;255m████[38;2;253;253;253m█[38;2;253;253;249m█[38;2;255;255;255m█[38;2;166;165;200m█[38;2;0;0;23m█[38;2;5;5;123m██[38;2;13;15;6m██[38;2;13;13;16m██
██[38;2;13;15;6m██[38;2;5;6;107m█[38;2;8;9;109m█[38;2;0;0;66m█[38;2;27;27;98m█[38;2;221;222;211m█[38;2;255;255;255m██[38;2;240;240;240m█[38;2;137;138;130m█[38;2;130;131;123m█[38;2;233;233;233m█[38;2;255;255;255m██[38;2;233;233;233m█[38;2;129;130;122m█[38;2;136;137;129m█[38;2;240;240;240m█[38;2;255;255;255m██[38;2;224;225;215m█[38;2;31;31;98m█[38;2;0;0;63m█[38;2;6;8;109m█[38;2;5;6;108m█[38;2;13;15;6m██[38;2;13;13;16m██
██[38;2;13;13;9m██[38;2;9;10;60m██[38;2;5;3;152m█[38;2;0;0;134m█[38;2;18;17;4m█[38;2;101;100;87m█[38;2;110;111;101m█[38;2;37;38;27m█[38;2;0;0;25m█[38;2;0;0;24m█[38;2;28;30;22m█[38;2;105;107;98m█[38;2;107;108;100m█[38;2;28;30;22m█[38;2;0;0;24m█[38;2;0;0;25m█[38;2;37;38;27m█[38;2;110;111;101m█[38;2;102;101;88m█[38;2;20;19;6m█[38;2;0;0;131m█[38;2;5;3;150m█[38;2;9;10;61m██[38;2;13;13;9m██[38;2;13;13;16m██
████[38;2;13;13;11m██[38;2;3;3;160m██[38;2;0;0;136m█[38;2;0;0;123m█[38;2;0;0;105m█[38;2;0;0;116m█[38;2;0;0;222m██[38;2;0;0;122m█[38;2;0;0;110m██[38;2;0;0;120m█[38;2;0;0;222m██[38;2;0;0;113m█[38;2;0;0;103m█[38;2;0;0;120m█[38;2;0;0;133m█[38;2;3;3;162m██[38;2;13;13;11m██[38;2;13;13;16m████
████[38;2;13;13;11m██[38;2;11;11;32m██[38;2;2;3;168m█[38;2;3;4;169m█[38;2;2;2;175m██[38;2;9;9;73m██[38;2;2;3;171m████[38;2;9;9;74m██[38;2;3;2;176m██[38;2;3;3;171m██[38;2;11;11;34m██[38;2;13;13;11m██[38;2;13;13;16m████
██████[38;2;13;13;11m██[38;2;13;13;9m██[38;2;13;13;11m██[38;2;13;15;6m██[38;2;13;13;11m████[38;2;13;15;6m██[38;2;13;13;11m██[38;2;13;13;9m██[38;2;13;13;11m██[38;2;13;13;16m██████
████████████████████████████████
████████████████████████████████