[38;2;13;13;16m██████████[38;2;13;13;9m██[38;2;13;13;16m██[38;2;9;10;55m████[38;2;13;13;16m██[38;2;13;13;9m██[38;2;13;13;16m██████████
████████[38;2;13;13;9m██[38;2;11;10;45m██[38;2;2;1;183m██[38;2;0;0;216m█[38;2;0;0;215m██[38;2;0;0;216m█[38;2;2;1;183m██[38;2;11;10;45m██[38;2;13;13;9m██[38;2;13;13;16m████████
██████[38;2;13;13;11m██[38;2;11;11;37m██[38;2;0;1;198m█[38;2;0;0;197m█[38;2;0;0;111m█[38;2;0;0;101m█[38;2;0;0;13m█[38;2;0;0;20m██[38;2;0;0;13m█[38;2;0;0;101m█[38;2;0;0;111m█[38;2;0;0;197m█[38;2;0;1;198m█[38;2;11;11;34m██[38;2;13;13;11m██[38;2;13;13;16m██████
██████[38;2;13;13;9m██[38;2;2;3;154m█[38;2;3;4;155m█[38;2;0;0;97m█[38;2;0;0;83m█[38;2;38;37;22m█[38;2;120;119;104m█[38;2;178;178;173m█[38;2;203;203;198m██[38;2;178;178;173m█[38;2;120;119;104m█[38;2;38;37;22m█[38;2;0;0;84m█[38;2;0;0;98m█[38;2;4;5;157m█[38;2;2;3;154m█[38;2;13;13;9m██[38;2;13;13;16m██████
████[38;2;13;13;9m██[38;2;9;10;63m██[38;2;3;4;158m█[38;2;0;0;139m█[38;2;13;15;6m█[38;2;150;151;143m█[38;2;249;249;249m█[38;2;255;255;255m██████[38;2;249;249;246m█[38;2;151;152;144m█[38;2;13;15;6m█[38;2;0;0;139m█[38;2;3;4;158m█[38;2;10;11;65m█[38;2;9;10;63m█[38;2;13;13;9m██[38;2;13;13;16m████
████[38;2;13;15;6m██[38;2;4;4;133m█[38;2;5;5;134m█[38;2;0;0;51m█[38;2;26;26;86m█[38;2;212;214;203m█[38;2;255;255;255m██[38;2;253;253;253m██████[38;2;255;255;255m██[38;2;212;214;203m█[38;2;26;26;88m█[38;2;0;0;53m█[38;2;6;5;138m█[38;2;4;3;136m█[38;2;13;15;6m██[38;2;13;13;16m████
██[38;2;13;13;13m██[38;2;13;12;26m██[38;2;4;5;151m█[38;2;0;0;139m█[38;2;13;13;17m█[38;2;214;214;217m█[38;2;255;255;255m█[38;2;253;253;253m██████████[38;2;255;255;255m█[38;2;214;214;217m█[38;2;13;13;17m█[38;2;0;0;141m█[38;2;3;4;152m█[38;2;11;12;26m██[38;2;13;13;13m██[38;2;13;13;16m██
██[38;2;13;13;9m██[38;2;9;10;61m██[38;2;5;5;120m█[38;2;0;0;97m█[38;2;153;154;143m█[38;2;255;255;255m█[38;2;253;253;253m████████████[38;2;255;255;255m█[38;2;153;154;143m█[38;2;0;0;97m█[38;2;5;5;120m█[38;2;9;10;61m██[38;2;13;13;9m██[38;2;13;13;16m██
██[38;2;13;15;6m██[38;2;8;6;94m█[38;2;9;8;95m█[38;2;0;0;75m█[38;2;34;34;113m█[38;2;250;251;240m█[38;2;255;255;247m█[38;2;254;254;254m█[38;2;253;253;253m███████████[38;2;255;255;246m█[38;2;250;251;240m█[38;2;33;33;112m█[38;2;0;0;75m█[38;2;9;8;95m█[38;2;8;6;94m█[38;2;13;15;6m██[38;2;13;13;16m██
██[38;2;13;15;6m██[38;2;5;5;112m█[38;2;6;6;113m█[38;2;0;0;37m█[38;2;119;120;171m█[38;2;255;255;255m█[38;2;255;255;251m█[38;2;253;253;253m█[38;2;255;255;255m████[38;2;253;253;253m█[38;2;255;255;255m██████[38;2;255;255;251m█[38;2;255;255;255m█[38;2;119;120;171m█[38;2;0;0;37m█[38;2;6;6;113m█[38;2;5;5;112m█[38;2;13;15;6m██[38;2;13;13;16m██
██[38;2;13;15;6m██[38;2;5;5;120m██[38;2;0;0;25m█[38;2;180;179;214m█[38;2;255;255;255m█[38;2;130;130;125m█[38;2;40;40;40m█[38;2;74;74;74m█[38;2;103;103;103m█[38;2;131;131;131m█[38;2;185;185;185m█[38;2;255;255;255m█[38;2;232;232;232m█[38;2;158;158;158m█[38;2;154;154;154m█[38;2;155;155;155m█[38;2;154;154;154m██[38;2;222;222;217m█[38;2;255;255;255m█[38;2;180;179;214m█[38;2;0;0;25m█[38;2;5;5;120m██[38;2;13;15;6m██[38;2;13;13;16m██
██[38;2;13;13;9m██[38;2;4;4;125m█[38;2;2;2;123m█[38;2;0;0;25m█[38;2;205;205;232m█[38;2;255;255;255m█[38;2;58;58;55m█[38;2;0;0;0m████[38;2;5;5;5m█[38;2;246;246;246m█[38;2;141;141;141m█[38;2;0;0;0m█████[38;2;105;105;103m█[38;2;255;255;255m█[38;2;204;204;231m█[38;2;0;0;25m█[38;2;2;2;123m█[38;2;4;4;125m█[38;2;13;13;9m██[38;2;13;13;16m██
██[38;2;13;13;9m██[38;2;4;4;125m█[38;2;2;2;123m█[38;2;0;0;25m█[38;2;208;208;233m█[38;2;255;255;255m█[38;2;124;124;122m█[38;2;33;33;33m█[38;2;66;66;66m█[38;2;95;95;95m█[38;2;123;123;123m█[38;2;176;176;176m█[38;2;255;255;255m█[38;2;229;229;229m█[38;2;150;150;150m█[38;2;146;146;146m█[38;2;147;147;147m█[38;2;146;146;146m██[38;2;218;218;216m█[38;2;255;255;255m█[38;2;208;208;233m█[38;2;0;0;25m█[38;2;2;2;123m█[38;2;4;4;125m█[38;2;13;13;9m██[38;2;13;13;16m██
██[38;2;13;13;9m██[38;2;5;5;126m█[38;2;2;2;123m█[38;2;0;0;25m█[38;2;208;208;233m█[38;2;255;255;255m█[38;2;255;255;254m█[38;2;251;251;251m█[38;2;255;255;255m████[38;2;253;253;253m█[38;2;255;255;255m████████[38;2;208;208;233m█[38;2;0;0;25m█[38;2;2;2;123m█[38;2;4;4;125m█[38;2;13;13;9m██[38;2;13;13;16m██
██[38;2;13;13;9m██[38;2;5;5;126m█[38;2;2;2;123m█[38;2;0;0;25m█[38;2;208;208;233m█[38;2;255;255;255m█[38;2;254;254;252m█[38;2;255;255;255m█[38;2;254;254;254m█[38;2;253;253;253m██████████[38;2;253;253;251m█[38;2;255;255;255m█[38;2;208;208;233m█[38;2;0;0;25m█[38;2;2;2;123m█[38;2;5;5;126m█[38;2;13;13;9m██[38;2;13;13;16m██
██[38;2;13;13;9m██[38;2;5;5;126m█[38;2;2;2;123m█[38;2;0;0;25m█[38;2;208;208;233m█[38;2;255;255;255m█[38;2;253;253;251m█[38;2;253;253;253m████████████[38;2;253;253;251m█[38;2;255;255;255m█[38;2;208;208;233m█[38;2;0;0;25m█[38;2;2;2;123m█[38;2;4;4;125m█[38;2;13;13;9m██[38;2;13;13;16m██
██[38;2;13;13;9m██[38;2;5;5;126m█[38;2;2;2;123m█[38;2;0;0;25m█[38;2;207;207;232m█[38;2;255;255;255m█[38;2;253;253;251m█[38;2;253;253;253m████████████[38;2;253;253;251m█[38;2;255;255;255m█[38;2;208;208;233m█[38;2;0;0;25m█[38;2;2;2;123m█[38;2;4;4;125m█[38;2;13;13;9m██[38;2;13;13;16m██
██[38;2;13;13;9m██[38;2;5;5;126m█[38;2;2;2;123m█[38;2;0;0;25m█[38;2;207;207;232m█[38;2;255;255;255m█[38;2;253;253;251m█[38;2;253;253;253m████████████[38;2;253;253;251m█[38;2;255;255;255m█[38;2;208;208;233m█[38;2;0;0;25m█[38;2;2;2;123m█[38;2;4;4;125m█[38;2;13;13;9m██[38;2;13;13;16m██
██[38;2;13;13;9m██[38;2;5;5;126m█[38;2;2;2;123m█[38;2;0;0;25m█[38;2;207;207;232m█[38;2;255;255;255m█[38;2;253;253;251m█[38;2;253;253;253m████████████[38;2;253;253;251m█[38;2;255;255;255m█[38;2;208;208;233m█[38;2;0;0;25m█[38;2;2;2;123m█[38;2;4;4;125m█[38;2;13;13;9m██[38;2;13;13;16m██
██[38;2;13;13;9m██[38;2;5;5;126m█[38;2;2;2;123m█[38;2;0;0;25m█[38;2;207;207;232m█[38;2;255;255;255m█[38;2;253;253;251m█[38;2;253;253;253m████████████[38;2;253;253;251m█[38;2;255;255;255m█[38;2;208;208;233m█[38;2;0;0;25m█[38;2;2;2;123m█[38;2;4;4;125m█[38;2;13;13;9m██[38;2;13;13;16m██
██[38;2;13;13;9m██[38;2;5;5;126m█[38;2;2;2;123m█[38;2;0;0;25m█[38;2;208;208;233m█[38;2;255;255;255m█[38;2;253;253;251m█[38;2;253;253;253m████████████[38;2;253;253;251m█[38;2;255;255;255m█[38;2;207;207;232m█[38;2;0;0;25m█[38;2;2;2;123m█[38;2;4;4;125m█[38;2;13;13;9m██[38;2;13;13;16m██
██[38;2;13;13;9m██[38;2;5;5;126m█[38;2;2;2;123m█[38;2;0;0;25m█[38;2;208;208;233m█[38;2;255;255;255m█[38;2;253;253;251m█[38;2;253;253;253m████████████[38;2;253;253;251m█[38;2;255;255;255m█[38;2;207;207;232m█[38;2;0;0;25m█[38;2;2;2;123m█[38;2;4;4;125m█[38;2;13;13;9m██[38;2;13;13;16m██
██[38;2;13;13;9m██[38;2;5;5;126m█[38;2;2;2;123m█[38;2;0;0;25m█[38;2;209;209;235m█[38;2;255;255;255m█[38;2;253;253;251m█[38;2;253;253;253m████████████[38;2;253;253;251m█[38;2;255;255;255m█[38;2;209;209;235m█[38;2;0;0;25m█[38;2;2;2;123m█[38;2;4;4;125m█[38;2;13;13;9m██[38;2;13;13;16m██
██[38;2;13;13;9m██[38;2;4;4;129m█[38;2;3;3;127m█[38;2;0;0;20m█[38;2;185;185;214m█[38;2;255;255;255m█[38;2;253;253;249m█[38;2;253;253;253m█[38;2;254;254;254m█[38;2;255;255;255m██[38;2;254;254;254m█[38;2;253;253;253m██[38;2;254;254;254m█[38;2;255;255;255m██[38;2;254;254;254m█[38;2;253;253;253m█[38;2;253;253;249m█[38;2;255;255;255m█[38;2;185;185;214m█[38;2;0;0;20m█[38;2;4;4;129m██[38;2;13;13;9m██[38;2;13;13;16m██
██[38;2;13;15;6m██[38;2;4;4;131m█[38;2;5;5;132m█[38;2;0;0;48m█[38;2;62;62;119m█[38;2;254;255;247m█[38;2;255;255;255m███[38;2;195;195;193m█[38;2;189;189;187m█[38;2;255;255;255m████[38;2;189;189;187m█[38;2;194;194;192m█[38;2;255;255;255m███[38;2;254;255;247m█[38;2;63;63;120m█[38;2;0;0;48m█[38;2;5;5;132m█[38;2;4;4;131m█[38;2;13;15;6m██[38;2;13;13;16m██
██[38;2;13;15;4m██[38;2;5;6;108m█[38;2;6;8;109m█[38;2;4;3;136m█[38;2;0;0;115m█[38;2;60;60;41m█[38;2;165;165;146m█[38;2;174;175;167m█[38;2;87;88;80m█[38;2;0;0;3m█[38;2;0;0;1m█[38;2;75;76;68m█[38;2;169;171;162m██[38;2;75;76;68m█[38;2;0;0;1m█[38;2;0;0;3m█[38;2;87;88;80m█[38;2;173;174;166m█[38;2;165;165;146m█[38;2;61;61;42m█[38;2;0;0;112m█[38;2;4;4;133m█[38;2;6;8;109m█[38;2;5;6;108m█[38;2;13;15;4m██[38;2;13;13;16m██
██[38;2;13;13;11m██[38;2;9;11;47m██[38;2;0;0;215m█[38;2;0;0;214m█[38;2;0;0;65m█[38;2;0;0;58m█[38;2;0;0;48m█[38;2;0;0;51m█[38;2;0;0;188m█[38;2;0;0;189m█[38;2;0;0;58m█[38;2;0;0;54m██[38;2;0;0;58m█[38;2;0;0;189m█[38;2;0;0;188m█[38;2;0;0;51m█[38;2;0;0;48m█[38;2;0;0;60m█[38;2;0;0;67m█[38;2;0;0;211m█[38;2;0;0;212m█[38;2;11;10;47m██[38;2;13;13;11m██[38;2;13;13;16m██
████[38;2;13;15;6m██[38;2;2;4;146m█[38;2;3;5;147m█[38;2;0;0;247m█[38;2;0;0;246m█[38;2;0;0;238m█[38;2;0;0;239m█[38;2;0;0;228m██[38;2;0;0;239m█[38;2;0;0;238m██[38;2;0;0;239m█[38;2;0;0;228m██[38;2;0;0;239m█[38;2;0;0;238m█[38;2;0;0;246m█[38;2;0;0;247m█[38;2;3;5;147m█[38;2;2;4;146m█[38;2;13;15;6m██[38;2;13;13;16m████
████[38;2;13;13;13m██[38;2;13;12;24m██[38;2;5;4;137m██[38;2;3;5;145m██[38;2;9;11;51m██[38;2;4;3;138m█[38;2;5;4;139m███[38;2;9;11;51m██[38;2;4;3;141m█[38;2;5;4;143m█[38;2;5;4;137m█[38;2;4;3;136m█[38;2;13;12;24m██[38;2;13;13;13m██[38;2;13;13;16m████
██████[38;2;13;13;13m██[38;2;13;15;6m████[38;2;13;13;9m██[38;2;13;15;6m████[38;2;13;13;9m██[38;2;13;15;6m████[38;2;13;13;13m██[38;2;13;13;16m██████
████████████████████████████████
████████████████████████████████