[38;2;13;13;16m████████████[38;2;13;15;6m████████[38;2;13;13;16m████████████
████████[38;2;13;13;13m██[38;2;13;13;9m██[38;2;9;9;76m██[38;2;2;3;152m█[38;2;3;4;153m███[38;2;8;9;76m██[38;2;13;13;9m██[38;2;13;13;13m██[38;2;13;13;16m████████
████████[38;2;13;15;6m██[38;2;5;5;120m█[38;2;6;6;122m█[38;2;0;0;244m█[38;2;0;0;245m█[38;2;0;0;238m████[38;2;0;0;245m█[38;2;0;0;244m█[38;2;6;6;122m█[38;2;5;5;120m█[38;2;13;15;6m██[38;2;13;13;16m████████
██████[38;2;13;15;4m██[38;2;8;8;87m█[38;2;9;9;88m█[38;2;0;0;242m█[38;2;0;0;240m█[38;2;0;0;134m█[38;2;0;0;123m█[38;2;0;0;30m█[38;2;0;0;31m██[38;2;0;0;30m█[38;2;0;0;123m█[38;2;0;0;134m█[38;2;0;0;240m█[38;2;0;0;242m█[38;2;9;9;88m█[38;2;8;8;87m█[38;2;13;15;6m██[38;2;13;13;16m██████
████[38;2;13;13;13m██[38;2;13;12;24m██[38;2;0;0;207m█[38;2;1;1;208m█[38;2;0;0;117m█[38;2;0;0;100m█[38;2;16;17;3m█[38;2;86;87;73m█[38;2;144;145;134m█[38;2;172;173;162m██[38;2;144;145;134m█[38;2;87;86;73m█[38;2;17;16;3m█[38;2;0;0;100m█[38;2;0;0;117m█[38;2;1;1;208m█[38;2;0;0;207m█[38;2;13;12;24m██[38;2;13;13;13m██[38;2;13;13;16m████
████[38;2;13;15;4m██[38;2;5;6;102m█[38;2;6;8;103m█[38;2;3;2;185m█[38;2;0;0;169m█[38;2;0;0;0m█[38;2;117;117;112m█[38;2;230;230;228m█[38;2;255;255;255m██████[38;2;230;230;228m█[38;2;116;116;111m█[38;2;0;0;0m█[38;2;0;0;169m█[38;2;3;2;185m█[38;2;6;8;103m█[38;2;5;6;102m█[38;2;13;15;4m██[38;2;13;13;16m████
████[38;2;13;13;11m██[38;2;1;1;172m█[38;2;3;3;174m█[38;2;0;0;66m█[38;2;8;8;79m█[38;2;186;187;176m█[38;2;255;255;255m██[38;2;253;253;253m██████[38;2;255;255;255m██[38;2;186;187;176m█[38;2;8;9;76m█[38;2;0;0;63m█[38;2;3;3;174m█[38;2;1;1;172m█[38;2;13;13;11m██[38;2;13;13;16m████
██[38;2;13;13;11m██[38;2;11;11;40m██[38;2;3;3;178m█[38;2;0;0;168m█[38;2;3;3;6m█[38;2;192;192;195m█[38;2;255;255;255m█[38;2;253;253;251m█[38;2;253;253;253m████████[38;2;253;253;251m█[38;2;255;255;255m█[38;2;192;192;195m█[38;2;3;3;6m█[38;2;0;0;168m█[38;2;2;2;176m█[38;2;11;11;40m██[38;2;13;13;11m██[38;2;13;13;16m██
██[38;2;13;15;6m██[38;2;8;8;79m█[38;2;9;9;80m█[38;2;5;4;137m█[38;2;0;0;111m█[38;2;132;133;122m█[38;2;255;255;255m█[38;2;253;253;253m████████████[38;2;255;255;255m█[38;2;132;133;122m█[38;2;0;0;111m█[38;2;5;4;137m█[38;2;8;8;79m██[38;2;13;15;6m██[38;2;13;13;16m██
██[38;2;13;15;4m██[38;2;5;6;108m█[38;2;6;8;109m█[38;2;0;0;83m█[38;2;24;23;110m█[38;2;243;244;233m█[38;2;255;255;252m█[38;2;255;255;255m██[38;2;254;254;254m█[38;2;253;253;253m█████████[38;2;255;255;247m█[38;2;243;244;233m█[38;2;23;22;109m█[38;2;0;0;83m█[38;2;6;8;109m█[38;2;5;6;108m█[38;2;13;15;4m██[38;2;13;13;16m██
██[38;2;13;15;6m██[38;2;4;4;125m█[38;2;5;5;126m█[38;2;0;0;41m█[38;2;109;110;164m█[38;2;255;255;255m█[38;2;211;212;204m█[38;2;88;88;88m█[38;2;181;181;181m█[38;2;255;255;255m██[38;2;253;253;253m███[38;2;254;254;254m█████[38;2;253;254;246m█[38;2;255;255;255m█[38;2;109;110;164m█[38;2;0;0;41m█[38;2;5;5;126m█[38;2;4;4;125m█[38;2;13;15;6m██[38;2;13;13;16m██
██[38;2;13;13;9m██[38;2;4;4;129m██[38;2;0;0;24m█[38;2;174;173;208m█[38;2;255;255;255m█[38;2;176;176;172m█[38;2;0;0;0m██[38;2;84;84;84m█[38;2;217;217;217m█[38;2;255;255;255m█[38;2;253;253;253m█[38;2;255;255;255m██████[38;2;255;255;254m█[38;2;255;255;255m█[38;2;174;173;210m█[38;2;0;0;26m█[38;2;4;4;129m██[38;2;13;13;9m██[38;2;13;13;16m██
██[38;2;13;13;9m██[38;2;5;5;129m█[38;2;3;3;126m█[38;2;0;0;24m█[38;2;203;203;230m█[38;2;255;255;255m█[38;2;255;255;252m█[38;2;192;192;192m█[38;2;56;56;56m█[38;2;0;0;0m█[38;2;3;3;3m█[38;2;151;151;151m█[38;2;255;255;255m█[38;2;187;187;187m█[38;2;52;52;52m█[38;2;54;54;54m█[38;2;55;55;55m█[38;2;54;54;54m█[38;2;49;49;49m█[38;2;165;165;162m█[38;2;255;255;255m█[38;2;203;203;230m█[38;2;0;0;24m█[38;2;3;3;126m█[38;2;4;4;127m█[38;2;13;13;9m██[38;2;13;13;16m██
██[38;2;13;13;9m██[38;2;5;5;126m█[38;2;2;2;123m█[38;2;0;0;25m█[38;2;208;208;233m█[38;2;255;255;255m██[38;2;240;240;240m█[38;2;98;98;98m█[38;2;0;0;0m██[38;2;112;112;112m█[38;2;255;255;255m█[38;2;159;159;159m█[38;2;0;0;0m█[38;2;6;6;6m███[38;2;0;0;0m█[38;2;131;131;129m█[38;2;255;255;255m█[38;2;208;208;233m█[38;2;0;0;25m█[38;2;2;2;123m█[38;2;4;4;125m█[38;2;13;13;9m██[38;2;13;13;16m██
██[38;2;13;13;9m██[38;2;5;5;126m█[38;2;2;2;123m█[38;2;0;0;25m█[38;2;208;208;233m█[38;2;255;255;255m█[38;2;197;197;195m█[38;2;10;10;10m█[38;2;0;0;0m█[38;2;34;34;34m█[38;2;167;167;167m█[38;2;254;254;254m███[38;2;233;233;233m█[38;2;230;230;230m███[38;2;231;231;231m█[38;2;253;253;251m█[38;2;255;255;255m█[38;2;208;208;233m█[38;2;0;0;25m█[38;2;2;2;123m█[38;2;4;4;125m█[38;2;13;13;9m██[38;2;13;13;16m██
██[38;2;13;13;9m██[38;2;5;5;126m█[38;2;2;2;123m█[38;2;0;0;25m█[38;2;208;208;233m█[38;2;255;255;255m█[38;2;189;189;187m█[38;2;27;27;27m█[38;2;126;126;126m█[38;2;243;243;243m█[38;2;255;255;255m█[38;2;254;254;254m█[38;2;253;253;253m██[38;2;255;255;255m█████[38;2;254;254;252m█[38;2;255;255;255m█[38;2;208;208;233m█[38;2;0;0;25m█[38;2;2;2;123m█[38;2;4;4;125m█[38;2;13;13;9m██[38;2;13;13;16m██
██[38;2;13;13;9m██[38;2;5;5;126m█[38;2;2;2;123m█[38;2;0;0;25m█[38;2;208;208;233m█[38;2;255;255;255m█[38;2;255;255;254m█[38;2;250;250;250m█[38;2;255;255;255m██[38;2;253;253;253m█████████[38;2;253;253;251m█[38;2;255;255;255m█[38;2;208;208;233m█[38;2;0;0;25m█[38;2;2;2;123m█[38;2;4;4;125m█[38;2;13;13;9m██[38;2;13;13;16m██
██[38;2;13;13;9m██[38;2;5;5;126m█[38;2;2;2;123m█[38;2;0;0;25m█[38;2;208;208;233m█[38;2;255;255;255m█[38;2;253;253;251m█[38;2;255;255;255m█[38;2;253;253;253m███████████[38;2;253;253;251m█[38;2;255;255;255m█[38;2;208;208;233m█[38;2;0;0;25m█[38;2;2;2;123m█[38;2;4;4;125m█[38;2;13;13;9m██[38;2;13;13;16m██
██[38;2;13;13;9m██[38;2;5;5;126m█[38;2;2;2;123m█[38;2;0;0;25m█[38;2;208;208;233m█[38;2;255;255;255m█[38;2;253;253;251m█[38;2;253;253;253m████████████[38;2;253;253;251m█[38;2;255;255;255m█[38;2;208;208;233m█[38;2;0;0;25m█[38;2;2;2;123m█[38;2;4;4;125m█[38;2;13;13;9m██[38;2;13;13;16m██
██[38;2;13;13;9m██[38;2;5;5;126m█[38;2;2;2;123m█[38;2;0;0;25m█[38;2;208;208;233m█[38;2;255;255;255m█[38;2;253;253;251m█[38;2;253;253;253m████████████[38;2;253;253;251m█[38;2;255;255;255m█[38;2;208;208;233m█[38;2;0;0;25m█[38;2;2;2;123m█[38;2;4;4;125m█[38;2;13;13;9m██[38;2;13;13;16m██
██[38;2;13;13;9m██[38;2;5;5;126m█[38;2;2;2;123m█[38;2;0;0;25m█[38;2;208;208;233m█[38;2;255;255;255m█[38;2;253;253;251m█[38;2;253;253;253m████████████[38;2;253;253;251m█[38;2;255;255;255m█[38;2;208;208;233m█[38;2;0;0;25m█[38;2;2;2;123m█[38;2;4;4;125m█[38;2;13;13;9m██[38;2;13;13;16m██
██[38;2;13;13;9m██[38;2;5;5;126m█[38;2;2;2;123m█[38;2;0;0;25m█[38;2;208;208;233m█[38;2;255;255;255m█[38;2;253;253;251m█[38;2;253;253;253m████████████[38;2;253;253;251m█[38;2;255;255;255m█[38;2;208;208;233m█[38;2;0;0;25m█[38;2;2;2;123m█[38;2;4;4;125m█[38;2;13;13;9m██[38;2;13;13;16m██
██[38;2;13;13;9m██[38;2;5;5;126m█[38;2;2;2;123m█[38;2;0;0;24m█[38;2;208;208;233m█[38;2;255;255;255m█[38;2;253;253;251m█[38;2;253;253;253m████████████[38;2;253;253;251m█[38;2;255;255;255m█[38;2;207;207;232m█[38;2;0;0;24m█[38;2;2;2;123m█[38;2;4;4;125m█[38;2;13;13;9m██[38;2;13;13;16m██
██[38;2;13;15;6m██[38;2;5;5;123m██[38;2;0;0;25m█[38;2;152;151;188m█[38;2;255;255;255m█[38;2;253;253;249m█[38;2;253;253;253m█[38;2;255;255;255m████[38;2;253;253;253m██[38;2;255;255;255m████[38;2;253;253;253m█[38;2;253;253;249m█[38;2;255;255;255m█[38;2;152;151;188m█[38;2;0;0;25m█[38;2;5;5;123m██[38;2;13;15;6m██[38;2;13;13;16m██
██[38;2;13;15;6m██[38;2;5;6;104m█[38;2;6;8;105m█[38;2;0;0;74m█[38;2;16;16;93m█[38;2;201;202;190m█[38;2;255;255;254m█[38;2;255;255;255m█[38;2;225;225;225m█[38;2;107;108;100m█[38;2;98;100;91m█[38;2;216;216;216m█[38;2;255;255;255m██[38;2;215;215;215m█[38;2;98;100;91m█[38;2;105;107;98m█[38;2;224;224;224m█[38;2;255;255;255m█[38;2;255;255;254m█[38;2;201;202;190m█[38;2;16;16;93m█[38;2;0;0;74m█[38;2;6;8;105m█[38;2;5;6;104m█[38;2;13;15;6m██[38;2;13;13;16m██
██[38;2;13;13;11m██[38;2;9;11;53m██[38;2;4;4;161m█[38;2;0;0;145m█[38;2;5;6;0m█[38;2;72;73;65m█[38;2;81;82;74m█[38;2;18;19;11m█[38;2;0;0;48m█[38;2;0;0;49m█[38;2;12;12;8m█[38;2;76;76;72m██[38;2;12;12;8m█[38;2;0;0;49m█[38;2;0;0;48m█[38;2;18;19;11m█[38;2;80;81;73m█[38;2;70;72;63m█[38;2;5;6;0m█[38;2;0;0;143m█[38;2;3;4;158m█[38;2;9;11;53m██[38;2;13;13;11m██[38;2;13;13;16m██
████[38;2;13;13;9m██[38;2;4;3;146m█[38;2;6;5;148m█[38;2;0;0;162m█[38;2;0;0;151m█[38;2;0;0;132m█[38;2;0;0;143m█[38;2;0;0;222m██[38;2;0;0;148m█[38;2;0;0;137m██[38;2;0;0;148m█[38;2;0;0;223m█[38;2;0;0;222m█[38;2;0;0;145m█[38;2;0;0;134m█[38;2;0;0;153m█[38;2;0;0;165m█[38;2;3;4;150m█[38;2;2;3;148m█[38;2;13;13;9m██[38;2;13;13;16m████
████[38;2;13;13;13m██[38;2;13;12;24m██[38;2;5;4;145m██[38;2;3;4;153m██[38;2;9;11;51m██[38;2;3;5;147m████[38;2;11;10;51m██[38;2;3;4;152m██[38;2;5;4;145m██[38;2;13;12;24m██[38;2;13;13;13m██[38;2;13;13;16m████
██████[38;2;13;13;13m██[38;2;13;15;6m████[38;2;13;13;9m██[38;2;13;15;6m████[38;2;13;13;9m██[38;2;13;15;6m████[38;2;13;13;13m██[38;2;13;13;16m██████
████████████████████████████████
████████████████████████████████
████████████████████████████████