[38;2;13;13;16m██████████[38;2;13;15;6m██[38;2;11;12;30m██[38;2;9;9;76m██[38;2;9;9;66m██[38;2;13;13;16m██[38;2;13;13;11m██[38;2;13;13;16m██████████
████████[38;2;13;15;6m██[38;2;8;8;84m██[38;2;0;0;217m█[38;2;1;0;218m█[38;2;0;0;240m██[38;2;0;0;243m█[38;2;0;0;244m█[38;2;2;2;181m██[38;2;11;11;34m██[38;2;13;13;9m██[38;2;13;13;16m████████
██████[38;2;13;15;6m██[38;2;8;8;79m██[38;2;0;0;231m█[38;2;0;0;229m█[38;2;0;0;131m█[38;2;0;0;120m█[38;2;0;0;42m██[38;2;0;0;61m█[38;2;0;0;65m█[38;2;0;0;188m█[38;2;0;0;197m█[38;2;3;2;188m█[38;2;2;1;187m█[38;2;13;13;17m██[38;2;13;13;13m██[38;2;13;13;16m██████
████[38;2;13;13;11m██[38;2;11;11;32m██[38;2;0;0;207m██[38;2;0;0;80m█[38;2;0;0;73m█[38;2;34;33;20m█[38;2;96;95;82m█[38;2;137;138;127m█[38;2;151;152;141m█[38;2;136;137;123m█[38;2;90;91;77m█[38;2;26;25;34m█[38;2;0;0;0m█[38;2;0;0;180m█[38;2;3;2;193m█[38;2;6;6;118m█[38;2;5;5;117m█[38;2;13;15;4m██[38;2;13;13;16m██████
████[38;2;13;15;4m██[38;2;4;4;131m█[38;2;5;5;132m█[38;2;2;1;136m█[38;2;0;0;115m█[38;2;42;41;28m█[38;2;172;171;158m█[38;2;246;246;246m█[38;2;255;255;255m█████[38;2;242;243;232m█[38;2;148;150;139m█[38;2;12;15;56m█[38;2;0;0;33m█[38;2;0;1;194m██[38;2;13;12;24m██[38;2;13;13;13m██[38;2;13;13;16m████
██[38;2;13;13;13m██[38;2;13;12;27m██[38;2;2;2;181m█[38;2;0;0;178m█[38;2;0;0;6m█[38;2;98;100;117m█[38;2;247;247;243m█[38;2;255;255;255m██[38;2;253;253;253m█████[38;2;255;255;255m██[38;2;219;221;209m█[38;2;41;42;31m█[38;2;0;0;132m█[38;2;3;4;153m█[38;2;9;9;86m█[38;2;8;8;84m█[38;2;13;15;6m██[38;2;13;13;16m████
██[38;2;13;15;6m██[38;2;8;8;84m█[38;2;9;9;86m█[38;2;4;4;133m█[38;2;0;0;109m█[38;2;110;111;100m█[38;2;255;255;253m█[38;2;255;255;255m█[38;2;253;253;253m█████████[38;2;255;255;254m█[38;2;226;228;217m█[38;2;19;19;90m█[38;2;0;0;66m█[38;2;6;5;140m█[38;2;4;3;138m█[38;2;13;15;4m██[38;2;13;13;16m████
██[38;2;13;15;4m██[38;2;4;4;131m█[38;2;6;6;133m█[38;2;0;0;53m█[38;2;55;55;117m█[38;2;255;255;249m█[38;2;255;255;250m█[38;2;253;253;253m██████████[38;2;253;253;251m█[38;2;255;255;255m█[38;2;173;173;194m█[38;2;0;0;11m█[38;2;0;1;152m█[38;2;3;4;155m█[38;2;13;13;16m██████
██[38;2;13;13;13m██[38;2;5;4;147m█[38;2;2;1;144m█[38;2;0;0;17m█[38;2;196;196;217m█[38;2;255;255;255m█[38;2;253;253;251m█[38;2;253;253;253m███████████[38;2;254;254;254m█[38;2;255;255;255m█[38;2;61;61;59m█[38;2;0;0;130m█[38;2;6;5;148m█[38;2;11;11;34m██[38;2;13;13;13m██[38;2;13;13;16m██
[38;2;13;13;13m██[38;2;13;12;27m██[38;2;5;4;143m█[38;2;0;0;126m█[38;2;60;60;62m█[38;2;255;255;255m█[38;2;254;254;254m█[38;2;253;253;253m█████████████[38;2;255;255;255m█[38;2;153;154;144m█[38;2;0;0;104m█[38;2;5;5;129m█[38;2;9;11;53m██[38;2;13;13;11m██[38;2;13;13;16m██
[38;2;13;13;13m██[38;2;11;11;38m██[38;2;5;5;132m█[38;2;0;0;108m█[38;2;134;136;127m█[38;2;255;255;255m████[38;2;253;253;253m███████████[38;2;255;255;251m█[38;2;210;211;201m█[38;2;0;0;101m█[38;2;3;3;110m█[38;2;9;9;66m██[38;2;13;13;9m██[38;2;13;13;16m██
[38;2;13;13;11m██[38;2;11;10;45m██[38;2;6;6;124m█[38;2;0;0;107m█[38;2;56;58;49m█[38;2;95;96;88m█[38;2;90;90;90m█[38;2;86;86;86m█[38;2;134;134;134m█[38;2;253;253;253m█[38;2;254;254;254m█[38;2;253;253;253m█████████[38;2;255;255;247m█[38;2;233;235;224m█[38;2;10;11;107m█[38;2;0;1;96m█[38;2;10;10;72m█[38;2;9;9;70m█[38;2;13;13;9m██[38;2;13;13;16m██
[38;2;13;13;11m██[38;2;11;10;45m██[38;2;6;6;122m█[38;2;0;0;109m█[38;2;0;0;0m████[38;2;33;33;33m█[38;2;245;245;245m█[38;2;255;255;255m█[38;2;253;253;253m█████████[38;2;255;255;247m█[38;2;238;239;229m█[38;2;15;17;109m█[38;2;0;1;93m█[38;2;10;10;72m█[38;2;9;9;70m█[38;2;13;13;9m██[38;2;13;13;16m██
[38;2;13;13;11m██[38;2;11;10;45m██[38;2;6;6;122m█[38;2;0;0;101m█[38;2;139;140;130m█[38;2;214;215;204m█[38;2;205;205;205m█[38;2;203;203;203m█[38;2;228;228;228m█[38;2;255;255;255m█[38;2;253;253;253m██████████[38;2;255;255;247m█[38;2;238;239;229m█[38;2;16;18;110m█[38;2;0;1;93m█[38;2;10;10;74m█[38;2;9;9;73m█[38;2;13;13;9m██[38;2;13;13;16m██
[38;2;13;13;11m██[38;2;11;10;45m██[38;2;6;6;122m█[38;2;0;0;98m█[38;2;173;174;166m█[38;2;255;255;255m████[38;2;253;253;253m███████████[38;2;255;255;247m█[38;2;240;242;231m█[38;2;19;18;109m█[38;2;0;0;89m█[38;2;10;10;74m█[38;2;9;9;73m█[38;2;13;13;9m██[38;2;13;13;16m██
[38;2;13;13;11m██[38;2;11;10;42m██[38;2;5;6;122m█[38;2;0;0;98m█[38;2;164;165;157m█[38;2;255;255;255m█[38;2;253;253;253m██████████████[38;2;255;255;246m█[38;2;243;244;233m█[38;2;23;22;110m█[38;2;0;0;87m█[38;2;10;10;75m█[38;2;9;9;74m█[38;2;13;13;9m██[38;2;13;13;16m██
[38;2;13;13;11m██[38;2;11;11;40m██[38;2;5;6;124m█[38;2;0;0;100m█[38;2;157;158;150m█[38;2;255;255;255m█[38;2;253;253;253m██████████████[38;2;255;255;246m█[38;2;246;247;237m█[38;2;28;27;115m█[38;2;0;0;84m█[38;2;10;10;77m█[38;2;9;9;76m█[38;2;13;13;9m██[38;2;13;13;16m██
[38;2;13;13;13m██[38;2;11;11;38m██[38;2;5;5;126m█[38;2;0;0;102m█[38;2;146;147;139m█[38;2;255;255;255m█[38;2;253;253;253m██████████████[38;2;254;255;245m█[38;2;251;252;242m█[38;2;35;34;119m█[38;2;0;0;80m█[38;2;9;9;80m█[38;2;8;8;79m█[38;2;13;15;6m██[38;2;13;13;16m██
[38;2;13;13;13m██[38;2;11;11;37m██[38;2;5;5;129m█[38;2;0;0;104m█[38;2;133;133;129m█[38;2;255;255;255m█[38;2;253;253;253m██████████████[38;2;254;255;245m█[38;2;255;255;246m█[38;2;46;46;125m█[38;2;0;0;74m█[38;2;9;9;86m█[38;2;8;8;84m█[38;2;13;15;6m██[38;2;13;13;16m██
[38;2;13;13;13m██[38;2;11;11;32m██[38;2;5;5;130m█[38;2;0;0;107m█[38;2;117;117;112m█[38;2;255;255;255m█[38;2;253;253;253m██████████████[38;2;254;255;245m█[38;2;255;255;250m█[38;2;60;60;136m█[38;2;0;0;68m█[38;2;9;8;90m█[38;2;8;6;89m█[38;2;13;15;6m██[38;2;13;13;16m██
[38;2;13;13;13m██[38;2;11;12;27m██[38;2;5;5;130m█[38;2;0;0;109m█[38;2;98;98;96m█[38;2;255;255;255m█[38;2;253;253;253m██████████████[38;2;253;254;244m█[38;2;255;255;253m█[38;2;76;77;145m█[38;2;0;0;58m█[38;2;9;8;95m█[38;2;8;6;94m█[38;2;13;15;6m██[38;2;13;13;16m██
[38;2;13;13;13m██[38;2;13;12;24m██[38;2;5;5;132m█[38;2;0;0;113m█[38;2;80;80;82m█[38;2;255;255;255m█[38;2;253;253;253m██████████████[38;2;253;254;246m█[38;2;255;255;255m█[38;2;98;98;160m█[38;2;0;0;49m█[38;2;6;9;101m█[38;2;5;8;100m█[38;2;13;15;6m██[38;2;13;13;16m██
██[38;2;13;13;19m██[38;2;5;5;134m█[38;2;0;0;120m█[38;2;53;53;56m█[38;2;255;255;255m█[38;2;254;254;254m███[38;2;253;253;253m████[38;2;255;255;255m█[38;2;254;254;254m█[38;2;253;253;253m████[38;2;255;255;255m█[38;2;254;255;247m█[38;2;255;255;255m█[38;2;110;110;167m█[38;2;0;0;44m█[38;2;6;8;105m█[38;2;5;6;104m█[38;2;13;15;6m██[38;2;13;13;16m██
██[38;2;13;13;11m██[38;2;4;3;136m█[38;2;2;1;133m█[38;2;0;0;19m█[38;2;189;189;210m█[38;2;255;255;255m█[38;2;251;251;249m█[38;2;253;253;253m█[38;2;255;255;255m████[38;2;250;250;250m█[38;2;255;255;255m█████[38;2;249;249;249m█[38;2;255;255;250m█[38;2;255;255;252m█[38;2;51;52;119m█[38;2;0;0;61m█[38;2;6;8;103m█[38;2;5;6;102m█[38;2;13;15;6m██[38;2;13;13;16m██
██[38;2;13;15;4m██[38;2;5;5;117m█[38;2;8;8;119m█[38;2;0;0;68m█[38;2;24;24;97m█[38;2;140;139;124m█[38;2;47;46;31m█[38;2;51;52;44m█[38;2;179;180;172m█[38;2;246;246;246m█[38;2;244;244;244m█[38;2;153;154;146m█[38;2;35;37;28m█[38;2;61;62;54m█[38;2;190;192;183m█[38;2;247;247;247m█[38;2;239;239;239m█[38;2;140;141;133m█[38;2;31;32;24m█[38;2;80;80;61m█[38;2;104;104;86m█[38;2;0;0;98m█[38;2;4;4;116m█[38;2;9;9;80m█[38;2;8;8;79m█[38;2;13;15;6m██[38;2;13;13;16m██
██[38;2;13;13;9m██[38;2;9;10;55m██[38;2;4;4;167m█[38;2;0;0;153m█[38;2;0;0;65m█[38;2;0;0;75m█[38;2;0;0;68m█[38;2;0;0;66m█[38;2;31;30;15m█[38;2;27;26;11m█[38;2;0;0;66m█[38;2;0;0;73m█[38;2;0;0;61m█[38;2;0;0;63m█[38;2;32;31;16m█[38;2;23;22;6m█[38;2;0;0;69m█[38;2;0;0;79m█[38;2;0;0;76m█[38;2;0;0;72m█[38;2;0;0;168m█[38;2;3;2;173m█[38;2;11;11;32m██[38;2;13;13;13m██[38;2;13;13;16m██
████[38;2;13;15;6m██[38;2;4;3;136m█[38;2;5;4;137m█[38;2;0;0;224m█[38;2;0;0;225m█[38;2;0;0;207m█[38;2;0;0;204m█[38;2;0;0;176m██[38;2;0;0;208m█[38;2;0;0;210m█[38;2;0;0;207m█[38;2;0;0;203m█[38;2;0;0;176m█[38;2;0;0;179m█[38;2;0;0;209m█[38;2;0;0;210m█[38;2;0;0;225m██[38;2;6;6;116m█[38;2;5;5;115m█[38;2;13;15;6m██[38;2;13;13;16m████
████[38;2;13;13;13m██[38;2;13;12;22m██[38;2;11;10;47m██[38;2;9;10;55m█[38;2;10;11;56m█[38;2;5;4;137m██[38;2;9;10;58m███[38;2;10;11;59m█[38;2;5;5;134m██[38;2;9;11;53m██[38;2;11;10;45m██[38;2;13;13;19m██[38;2;13;13;13m██[38;2;13;13;16m████
██████[38;2;13;13;13m██[38;2;13;13;11m██[38;2;13;13;9m██[38;2;13;15;4m██[38;2;13;13;9m████[38;2;13;15;4m██[38;2;13;13;11m████[38;2;13;13;13m██[38;2;13;13;16m██████
████████████████████████████████
████████████████████████████████
████████████████████████████████