[38;2;13;13;16m██████████[38;2;13;13;11m██[38;2;13;13;13m██[38;2;9;9;76m██[38;2;6;8;108m██[38;2;9;10;58m██[38;2;13;13;9m██[38;2;13;13;13m██[38;2;13;13;16m████████
████████[38;2;13;13;13m██[38;2;13;12;22m██[38;2;2;2;165m█[38;2;3;3;166m█[38;2;0;0;214m█[38;2;0;0;210m█[38;2;0;0;181m██[38;2;0;0;205m█[38;2;0;0;209m█[38;2;5;4;145m██[38;2;13;13;16m██[38;2;13;13;13m██[38;2;13;13;16m██████
████████[38;2;13;15;6m██[38;2;4;3;146m█[38;2;5;4;147m█[38;2;1;1;164m█[38;2;0;0;148m█[38;2;0;0;3m█[38;2;1;2;17m█[38;2;20;22;13m█[38;2;22;23;15m█[38;2;8;8;28m█[38;2;0;0;12m█[38;2;0;0;133m█[38;2;0;0;148m█[38;2;3;4;152m██[38;2;13;13;11m██[38;2;13;13;16m██████
██████[38;2;13;13;9m██[38;2;9;10;60m██[38;2;3;3;182m█[38;2;0;0;172m█[38;2;0;0;0m█[38;2;52;52;54m█[38;2;154;155;147m█[38;2;214;215;207m█[38;2;236;236;236m█[38;2;237;237;237m█[38;2;223;223;218m█[38;2;181;181;176m█[38;2;102;103;93m█[38;2;17;18;8m█[38;2;0;0;129m█[38;2;0;1;148m█[38;2;6;8;103m█[38;2;5;6;102m█[38;2;13;15;4m██[38;2;13;13;16m████
██████[38;2;13;15;4m██[38;2;4;3;136m█[38;2;6;5;138m█[38;2;0;0;74m█[38;2;0;0;67m█[38;2;139;140;129m█[38;2;255;255;245m█[38;2;255;255;255m███████[38;2;230;230;225m█[38;2;104;103;115m█[38;2;0;0;6m█[38;2;0;0;157m█[38;2;3;3;166m█[38;2;11;11;32m██[38;2;13;13;13m██[38;2;13;13;16m██
████[38;2;13;13;13m██[38;2;13;12;24m██[38;2;3;4;158m█[38;2;0;0;152m█[38;2;0;0;2m█[38;2;158;157;166m█[38;2;255;255;255m█[38;2;255;255;253m█[38;2;253;253;253m███████[38;2;255;255;255m██[38;2;169;171;159m█[38;2;0;0;89m█[38;2;0;0;88m█[38;2;6;8;109m█[38;2;5;6;108m█[38;2;13;15;4m██[38;2;13;13;16m██
████[38;2;13;13;11m██[38;2;9;10;55m██[38;2;5;5;132m█[38;2;0;0;107m█[38;2;103;104;94m█[38;2;255;255;255m█[38;2;254;254;254m█[38;2;253;253;253m█████████[38;2;253;253;251m█[38;2;255;255;255m█[38;2;174;175;190m█[38;2;0;0;12m█[38;2;0;0;141m█[38;2;5;4;147m█[38;2;13;13;17m██[38;2;13;13;16m██
████[38;2;13;15;6m██[38;2;8;8;87m█[38;2;9;9;88m█[38;2;1;0;88m█[38;2;9;8;96m█[38;2;229;230;219m█[38;2;255;255;250m█[38;2;253;253;253m█████████[38;2;255;255;255m█[38;2;254;254;254m█[38;2;253;253;253m█[38;2;255;255;255m█[38;2;122;123;112m█[38;2;0;0;105m█[38;2;5;5;130m█[38;2;11;10;49m██[38;2;13;13;11m██
[38;2;13;13;16m████[38;2;13;15;6m██[38;2;5;6;110m█[38;2;6;8;111m█[38;2;0;0;45m█[38;2;90;90;147m█[38;2;255;255;255m█[38;2;253;254;246m█[38;2;253;253;253m████████[38;2;255;255;255m█[38;2;245;245;245m█[38;2;255;255;255m██[38;2;255;255;249m█[38;2;239;240;230m█[38;2;19;18;105m█[38;2;0;0;84m█[38;2;9;9;86m█[38;2;8;8;84m█[38;2;13;15;6m██
[38;2;13;13;16m████[38;2;13;15;6m██[38;2;5;5;120m██[38;2;0;0;25m█[38;2;165;164;201m█[38;2;255;255;255m█[38;2;253;253;249m█[38;2;253;253;253m███████[38;2;255;255;255m█[38;2;223;223;223m█[38;2;30;30;30m█[38;2;83;83;83m█[38;2;216;216;216m█[38;2;255;255;255m██[38;2;103;103;160m█[38;2;0;0;44m█[38;2;6;8;108m█[38;2;5;6;107m█[38;2;13;15;6m██
[38;2;13;13;16m████[38;2;13;13;9m██[38;2;4;4;127m█[38;2;2;2;125m█[38;2;0;0;24m█[38;2;204;204;230m█[38;2;255;255;255m█[38;2;253;253;251m█[38;2;253;253;253m███████[38;2;255;255;255m█[38;2;236;236;236m█[38;2;54;54;54m█[38;2;0;0;0m█[38;2;5;5;5m█[38;2;120;120;116m█[38;2;249;249;244m█[38;2;172;171;210m█[38;2;0;0;27m█[38;2;5;5;118m██[38;2;13;15;6m██
[38;2;13;13;16m████[38;2;13;13;11m██[38;2;5;5;129m█[38;2;1;1;124m█[38;2;5;5;26m█[38;2;218;218;239m█[38;2;255;255;255m█[38;2;253;253;251m█[38;2;253;253;253m████████[38;2;255;255;255m██[38;2;153;153;153m█[38;2;2;2;2m█[38;2;0;0;0m█[38;2;56;56;52m█[38;2;189;188;221m█[38;2;0;0;27m█[38;2;3;4;122m█[38;2;4;5;123m█[38;2;13;13;9m██
[38;2;13;13;16m████[38;2;13;13;11m██[38;2;5;5;129m█[38;2;1;1;124m█[38;2;6;6;27m█[38;2;219;219;240m█[38;2;255;255;255m█[38;2;253;253;251m█[38;2;253;253;253m████████[38;2;255;255;255m█[38;2;208;208;208m█[38;2;80;80;80m█[38;2;0;0;0m██[38;2;120;120;116m█[38;2;196;196;225m█[38;2;0;0;25m█[38;2;3;4;122m█[38;2;4;5;123m█[38;2;13;13;9m██
[38;2;13;13;16m████[38;2;13;13;11m██[38;2;5;5;129m█[38;2;0;0;123m█[38;2;8;8;28m█[38;2;222;222;243m█[38;2;255;255;255m█[38;2;253;253;251m█[38;2;253;253;253m███████[38;2;255;255;255m█[38;2;222;222;222m█[38;2;0;0;0m██[38;2;65;65;65m█[38;2;200;200;195m█[38;2;255;255;255m█[38;2;193;192;224m█[38;2;0;0;25m█[38;2;3;4;119m█[38;2;4;5;120m█[38;2;13;13;9m██
[38;2;13;13;16m████[38;2;13;13;11m██[38;2;5;5;130m█[38;2;0;0;123m█[38;2;12;13;31m█[38;2;226;228;245m█[38;2;255;255;255m█[38;2;253;253;251m█[38;2;253;253;253m███████[38;2;255;255;255m█[38;2;240;240;240m█[38;2;111;111;111m█[38;2;164;164;164m█[38;2;255;255;255m███[38;2;185;183;218m█[38;2;0;0;26m█[38;2;4;5;120m██[38;2;13;15;6m██
[38;2;13;13;16m████[38;2;13;13;13m██[38;2;5;5;130m█[38;2;0;0;122m█[38;2;18;19;34m█[38;2;233;235;250m█[38;2;255;255;254m█[38;2;253;253;251m█[38;2;253;253;253m████████[38;2;254;254;254m█[38;2;255;255;255m██[38;2;254;254;254m█[38;2;253;253;249m█[38;2;255;255;255m█[38;2;173;172;209m█[38;2;0;0;26m█[38;2;5;5;118m██[38;2;13;15;6m██
[38;2;13;13;16m██████[38;2;5;5;132m█[38;2;0;0;122m█[38;2;32;31;42m█[38;2;245;244;255m█[38;2;255;255;253m█[38;2;253;253;251m█[38;2;253;253;253m████████████[38;2;253;253;249m█[38;2;255;255;255m█[38;2;154;157;198m█[38;2;0;0;31m█[38;2;6;6;116m█[38;2;5;5;115m█[38;2;13;15;6m██
[38;2;13;13;16m████[38;2;13;13;17m██[38;2;5;5;132m█[38;2;0;0;118m█[38;2;49;49;55m█[38;2;254;254;255m█[38;2;254;254;254m█[38;2;253;253;253m█████████████[38;2;253;254;246m█[38;2;255;255;255m█[38;2;131;132;182m█[38;2;0;0;37m█[38;2;6;8;109m█[38;2;5;6;108m█[38;2;13;15;6m██
[38;2;13;13;16m██[38;2;13;13;13m██[38;2;13;12;24m██[38;2;5;5;132m█[38;2;0;0;113m█[38;2;76;76;79m█[38;2;255;255;255m█[38;2;253;253;253m██████████████[38;2;253;254;246m█[38;2;255;255;255m█[38;2;101;101;162m█[38;2;0;0;49m█[38;2;6;9;101m█[38;2;5;8;100m█[38;2;13;15;6m██
[38;2;13;13;16m██[38;2;13;13;13m██[38;2;11;12;30m██[38;2;5;5;130m█[38;2;0;0;107m█[38;2;112;112;110m█[38;2;255;255;255m█[38;2;253;253;253m██████████████[38;2;253;254;244m█[38;2;255;255;251m█[38;2;63;63;137m█[38;2;0;0;65m█[38;2;9;8;90m█[38;2;8;6;89m█[38;2;13;15;6m██
[38;2;13;13;16m██[38;2;13;13;11m██[38;2;11;11;40m██[38;2;5;6;124m█[38;2;0;0;100m█[38;2;157;158;150m█[38;2;255;255;255m█[38;2;253;253;253m██████████████[38;2;255;255;246m█[38;2;246;247;237m█[38;2;28;27;115m█[38;2;0;0;84m█[38;2;9;10;77m█[38;2;8;9;76m█[38;2;13;15;6m██
[38;2;13;13;16m██[38;2;13;13;11m██[38;2;9;11;53m██[38;2;4;4;113m█[38;2;0;0;98m█[38;2;198;200;189m█[38;2;255;255;252m█[38;2;253;253;253m██████████████[38;2;255;255;250m█[38;2;221;222;211m█[38;2;0;1;101m█[38;2;2;3;103m█[38;2;10;11;62m█[38;2;9;10;61m█[38;2;13;13;9m██
[38;2;13;13;16m██[38;2;13;13;9m██[38;2;9;9;68m█[38;2;10;10;69m█[38;2;0;1;96m█[38;2;10;11;107m█[38;2;232;233;223m█[38;2;255;255;247m█[38;2;253;253;253m██████████████[38;2;255;255;254m█[38;2;185;186;175m█[38;2;0;0;97m█[38;2;5;5;117m█[38;2;11;10;49m██[38;2;13;13;11m██
[38;2;13;13;16m██[38;2;13;15;6m██[38;2;8;8;83m█[38;2;9;9;84m█[38;2;0;0;87m█[38;2;22;20;109m█[38;2;245;246;236m█[38;2;255;255;246m█[38;2;254;254;254m█[38;2;255;255;255m██[38;2;254;254;254m█[38;2;253;253;253m██[38;2;254;254;254m█[38;2;255;255;255m██[38;2;253;253;253m███[38;2;255;255;255m███[38;2;108;108;103m█[38;2;0;0;112m█[38;2;5;5;134m█[38;2;11;11;37m██[38;2;13;13;13m██
[38;2;13;13;16m██[38;2;13;15;6m██[38;2;8;6;89m█[38;2;9;8;90m█[38;2;3;3;110m█[38;2;0;0;95m█[38;2;176;178;166m█[38;2;255;255;255m██[38;2;194;194;192m█[38;2;190;190;188m█[38;2;255;255;255m███[38;2;255;255;253m█[38;2;188;188;186m█[38;2;195;195;193m█[38;2;255;255;255m███[38;2;251;251;246m█[38;2;192;192;187m█[38;2;154;153;167m█[38;2;6;5;19m█[38;2;0;0;150m█[38;2;3;4;155m█[38;2;13;13;19m██[38;2;13;13;16m██
██[38;2;13;13;9m██[38;2;9;9;70m██[38;2;4;4;167m█[38;2;0;0;153m█[38;2;16;15;2m█[38;2;131;130;117m█[38;2;82;82;84m█[38;2;0;0;0m██[38;2;84;84;84m█[38;2;174;175;165m█[38;2;164;165;154m█[38;2;67;67;70m█[38;2;0;0;0m██[38;2;96;96;96m█[38;2;179;180;169m█[38;2;159;160;150m█[38;2;56;56;52m█[38;2;0;0;0m█[38;2;0;0;79m█[38;2;1;0;95m█[38;2;6;5;146m█[38;2;4;3;144m█[38;2;13;15;4m██[38;2;13;13;16m██
██[38;2;13;13;13m██[38;2;11;12;27m██[38;2;0;0;207m██[38;2;0;0;95m█[38;2;0;0;80m█[38;2;0;0;137m█[38;2;1;2;153m█[38;2;1;0;134m█[38;2;0;0;118m█[38;2;0;0;23m██[38;2;0;0;148m█[38;2;1;1;164m█[38;2;0;0;124m█[38;2;0;0;108m█[38;2;0;0;23m█[38;2;0;0;22m█[38;2;0;0;150m█[38;2;1;1;164m█[38;2;0;0;228m█[38;2;0;0;230m█[38;2;9;9;70m██[38;2;13;15;6m██[38;2;13;13;16m██
████[38;2;13;15;6m██[38;2;4;4;127m█[38;2;5;5;129m█[38;2;0;0;254m█[38;2;0;0;253m█[38;2;0;0;231m█[38;2;0;0;230m█[38;2;0;0;236m██[38;2;0;0;237m█[38;2;0;0;238m█[38;2;0;0;231m█[38;2;0;0;230m█[38;2;0;0;237m█[38;2;0;0;236m█[38;2;0;0;237m█[38;2;0;0;238m█[38;2;0;0;237m█[38;2;0;0;236m█[38;2;3;3;160m█[38;2;2;2;159m█[38;2;13;13;13m██[38;2;13;13;16m████
████[38;2;13;13;13m██[38;2;13;12;22m██[38;2;5;4;125m█[38;2;6;5;126m█[38;2;9;10;72m█[38;2;8;9;70m█[38;2;5;8;100m█[38;2;6;9;101m█[38;2;3;3;162m██[38;2;10;11;62m█[38;2;9;10;61m█[38;2;5;6;108m█[38;2;6;8;109m█[38;2;3;3;162m██[38;2;9;10;63m██[38;2;13;13;19m██[38;2;13;13;13m██[38;2;13;13;16m████
██████[38;2;13;13;13m██[38;2;13;15;4m██[38;2;13;13;9m██[38;2;13;15;6m████[38;2;13;13;9m██[38;2;13;15;6m████[38;2;13;13;9m██[38;2;13;13;13m██[38;2;13;13;16m██████
████████████████████████████████
████████████████████████████████