[38;2;13;13;16m██████████[38;2;13;13;13m██[38;2;13;15;6m██[38;2;13;13;16m██[38;2;13;13;17m██[38;2;13;15;6m██[38;2;13;13;13m██[38;2;13;13;16m██████████
████████[38;2;13;13;11m██[38;2;13;13;16m██[38;2;5;5;117m█[38;2;6;6;118m█[38;2;2;0;196m██[38;2;0;1;196m██[38;2;6;6;116m█[38;2;5;5;115m█[38;2;13;13;16m██[38;2;13;13;11m██[38;2;13;13;16m████████
██████[38;2;13;13;13m████[38;2;3;4;158m██[38;2;0;0;250m█[38;2;0;0;249m█[38;2;0;0;210m█[38;2;0;0;208m██[38;2;0;0;210m█[38;2;0;0;249m█[38;2;0;0;250m█[38;2;3;4;158m█[38;2;2;3;157m█[38;2;13;13;13m████[38;2;13;13;16m██████
██████[38;2;13;15;4m██[38;2;5;5;115m█[38;2;6;6;116m█[38;2;0;0;235m█[38;2;0;0;231m█[38;2;0;0;83m█[38;2;0;0;74m█[38;2;0;0;6m█[38;2;5;4;16m██[38;2;0;0;6m█[38;2;0;0;76m█[38;2;0;0;86m█[38;2;0;0;231m█[38;2;0;0;235m█[38;2;6;6;116m█[38;2;5;5;115m█[38;2;13;15;4m██[38;2;13;13;16m██████
████[38;2;13;13;11m██[38;2;11;11;37m██[38;2;0;0;217m█[38;2;1;0;218m█[38;2;0;0;75m█[38;2;0;0;65m█[38;2;52;51;35m█[38;2;139;138;123m█[38;2;194;194;192m█[38;2;216;216;214m██[38;2;194;194;192m█[38;2;139;138;123m█[38;2;52;51;35m█[38;2;0;0;65m█[38;2;0;0;75m█[38;2;1;1;216m█[38;2;0;0;215m█[38;2;11;11;37m██[38;2;13;13;11m██[38;2;13;13;16m████
████[38;2;13;15;4m██[38;2;5;5;120m█[38;2;6;6;122m█[38;2;3;3;162m█[38;2;0;0;141m█[38;2;23;24;12m█[38;2;167;168;157m█[38;2;255;255;255m████████[38;2;167;168;157m█[38;2;23;24;12m█[38;2;0;0;141m█[38;2;3;3;162m█[38;2;6;6;122m█[38;2;5;5;120m█[38;2;13;15;4m██[38;2;13;13;16m████
██████[38;2;2;2;179m█[38;2;3;3;180m█[38;2;0;0;41m█[38;2;37;38;88m█[38;2;224;225;217m█[38;2;255;255;255m█[38;2;254;254;254m█[38;2;253;253;253m██████[38;2;254;254;254m█[38;2;255;255;255m█[38;2;224;225;217m█[38;2;37;38;88m█[38;2;0;0;41m█[38;2;3;3;180m█[38;2;2;2;179m█[38;2;13;13;16m██████
██[38;2;13;13;11m██[38;2;11;10;47m██[38;2;4;4;169m█[38;2;0;0;155m█[38;2;20;20;18m█[38;2;223;223;221m█[38;2;255;255;255m█[38;2;253;253;253m██████████[38;2;255;255;255m█[38;2;223;223;221m█[38;2;20;20;18m█[38;2;0;0;158m█[38;2;4;4;172m█[38;2;11;10;47m██[38;2;13;13;11m██[38;2;13;13;16m██
██[38;2;13;15;6m██[38;2;8;8;87m█[38;2;9;9;88m█[38;2;4;4;127m█[38;2;0;0;105m█[38;2;164;165;153m█[38;2;255;255;255m██[38;2;253;253;253m███████████[38;2;255;255;255m█[38;2;164;165;153m█[38;2;0;0;105m█[38;2;3;3;126m█[38;2;9;9;88m█[38;2;8;8;87m█[38;2;13;15;6m██[38;2;13;13;16m██
██[38;2;13;15;4m██[38;2;5;5;115m█[38;2;8;8;117m█[38;2;0;0;72m█[38;2;40;40;117m█[38;2;253;254;244m█[38;2;255;255;249m█[38;2;245;245;245m█[38;2;255;255;255m██[38;2;253;253;253m█████████[38;2;255;255;246m█[38;2;253;254;244m█[38;2;40;40;117m█[38;2;0;0;72m█[38;2;8;8;115m█[38;2;5;5;112m█[38;2;13;15;4m██[38;2;13;13;16m██
██[38;2;13;15;6m██[38;2;5;4;125m█[38;2;6;5;126m█[38;2;0;0;34m█[38;2;125;126;174m█[38;2;255;255;255m█[38;2;185;186;178m█[38;2;18;18;18m█[38;2;115;115;115m█[38;2;237;237;237m█[38;2;255;255;255m█[38;2;254;254;254m█[38;2;253;253;253m█[38;2;254;254;254m█[38;2;255;255;255m█████[38;2;254;255;247m█[38;2;255;255;255m█[38;2;125;126;174m█[38;2;0;0;34m█[38;2;5;5;126m█[38;2;4;4;125m█[38;2;13;15;6m██[38;2;13;13;16m██
██[38;2;13;13;9m██[38;2;4;4;129m██[38;2;0;0;23m█[38;2;183;182;215m█[38;2;255;255;255m█[38;2;202;202;197m█[38;2;18;18;18m█[38;2;0;0;0m█[38;2;26;26;26m█[38;2;155;155;155m█[38;2;251;251;251m█[38;2;255;255;255m█[38;2;252;252;252m█[38;2;225;225;225m█[38;2;222;222;222m███[38;2;223;223;223m█[38;2;250;250;245m█[38;2;255;255;255m█[38;2;183;182;215m█[38;2;0;0;23m█[38;2;4;4;127m██[38;2;13;13;9m██[38;2;13;13;16m██
██[38;2;13;13;9m██[38;2;5;5;126m█[38;2;2;2;123m█[38;2;0;0;25m█[38;2;205;205;232m█[38;2;255;255;255m██[38;2;249;249;249m█[38;2;105;105;105m█[38;2;0;0;0m██[38;2;107;107;107m█[38;2;255;255;255m█[38;2;154;154;154m█[38;2;0;0;0m█████[38;2;125;125;123m█[38;2;255;255;255m█[38;2;205;205;232m█[38;2;0;0;25m█[38;2;2;2;123m█[38;2;4;4;125m█[38;2;13;13;9m██[38;2;13;13;16m██
██[38;2;13;13;9m██[38;2;5;5;126m█[38;2;2;2;123m█[38;2;0;0;25m█[38;2;208;208;233m█[38;2;255;255;255m█[38;2;254;254;252m█[38;2;180;180;180m█[38;2;48;48;48m█[38;2;0;0;0m█[38;2;10;10;10m█[38;2;160;160;160m█[38;2;255;255;255m█[38;2;193;193;193m█[38;2;65;65;65m█[38;2;66;66;66m█[38;2;67;67;67m█[38;2;66;66;66m█[38;2;61;61;61m█[38;2;172;172;169m█[38;2;255;255;255m█[38;2;208;208;233m█[38;2;0;0;25m█[38;2;2;2;123m█[38;2;4;4;125m█[38;2;13;13;9m██[38;2;13;13;16m██
██[38;2;13;13;9m██[38;2;5;5;126m█[38;2;2;2;123m█[38;2;0;0;25m█[38;2;208;208;233m█[38;2;255;255;255m█[38;2;173;173;171m█[38;2;0;0;0m██[38;2;96;96;96m█[38;2;225;225;225m█[38;2;255;255;255m█[38;2;252;252;252m█[38;2;255;255;255m████████[38;2;208;208;233m█[38;2;0;0;25m█[38;2;2;2;123m█[38;2;4;4;125m█[38;2;13;13;9m██[38;2;13;13;16m██
██[38;2;13;13;9m██[38;2;5;5;126m█[38;2;2;2;123m█[38;2;0;0;25m█[38;2;208;208;233m█[38;2;255;255;255m█[38;2;216;216;214m█[38;2;101;101;101m█[38;2;192;192;192m█[38;2;255;255;255m██[38;2;253;253;253m████████[38;2;253;253;251m█[38;2;255;255;255m█[38;2;208;208;233m█[38;2;0;0;25m█[38;2;2;2;123m█[38;2;4;4;125m█[38;2;13;13;9m██[38;2;13;13;16m██
██[38;2;13;13;9m██[38;2;5;5;126m█[38;2;2;2;123m█[38;2;0;0;25m█[38;2;208;208;233m█[38;2;255;255;255m█[38;2;255;255;254m█[38;2;255;255;255m██[38;2;253;253;253m██████████[38;2;253;253;251m█[38;2;255;255;255m█[38;2;208;208;233m█[38;2;0;0;25m█[38;2;2;2;123m█[38;2;4;4;125m█[38;2;13;13;9m██[38;2;13;13;16m██
██[38;2;13;13;9m██[38;2;5;5;126m█[38;2;2;2;123m█[38;2;0;0;25m█[38;2;208;208;233m█[38;2;255;255;255m█[38;2;253;253;251m█[38;2;253;253;253m████████████[38;2;253;253;251m█[38;2;255;255;255m█[38;2;208;208;233m█[38;2;0;0;25m█[38;2;2;2;123m█[38;2;4;4;125m█[38;2;13;13;9m██[38;2;13;13;16m██
██[38;2;13;13;9m██[38;2;5;5;126m█[38;2;2;2;123m█[38;2;0;0;25m█[38;2;208;208;233m█[38;2;255;255;255m█[38;2;253;253;251m█[38;2;253;253;253m████████████[38;2;253;253;251m█[38;2;255;255;255m█[38;2;208;208;233m█[38;2;0;0;25m█[38;2;2;2;123m█[38;2;4;4;125m█[38;2;13;13;9m██[38;2;13;13;16m██
██[38;2;13;13;9m██[38;2;5;5;126m█[38;2;2;2;123m█[38;2;0;0;25m█[38;2;208;208;233m█[38;2;255;255;255m█[38;2;253;253;251m█[38;2;253;253;253m████████████[38;2;253;253;251m█[38;2;255;255;255m█[38;2;208;208;233m█[38;2;0;0;25m█[38;2;2;2;123m█[38;2;4;4;125m█[38;2;13;13;9m██[38;2;13;13;16m██
██[38;2;13;13;9m██[38;2;5;5;126m█[38;2;2;2;123m█[38;2;0;0;25m█[38;2;208;208;233m█[38;2;255;255;255m█[38;2;253;253;251m█[38;2;253;253;253m████████████[38;2;253;253;251m█[38;2;255;255;255m█[38;2;208;208;233m█[38;2;0;0;25m█[38;2;2;2;123m█[38;2;4;4;125m█[38;2;13;13;9m██[38;2;13;13;16m██
██[38;2;13;13;9m██[38;2;5;5;126m█[38;2;2;2;123m█[38;2;1;1;26m█[38;2;208;208;233m█[38;2;255;255;255m█[38;2;253;253;251m█[38;2;253;253;253m████████████[38;2;253;253;251m█[38;2;255;255;255m█[38;2;208;208;233m█[38;2;1;1;26m█[38;2;2;2;123m█[38;2;4;4;125m█[38;2;13;13;9m██[38;2;13;13;16m██
██[38;2;13;13;9m██[38;2;5;5;126m█[38;2;2;2;123m█[38;2;0;0;25m█[38;2;207;207;233m█[38;2;255;255;255m█[38;2;253;253;251m█[38;2;253;253;253m████████████[38;2;253;253;251m█[38;2;255;255;255m█[38;2;205;205;232m█[38;2;0;0;24m█[38;2;2;2;123m█[38;2;4;4;125m█[38;2;13;13;9m██[38;2;13;13;16m██
██[38;2;13;15;6m██[38;2;5;5;120m█[38;2;6;6;122m█[38;2;0;0;27m█[38;2;141;140;180m█[38;2;255;255;255m█[38;2;254;254;250m█[38;2;253;253;253m█[38;2;255;255;255m████[38;2;254;254;254m██[38;2;255;255;255m████[38;2;254;254;254m█[38;2;254;254;250m█[38;2;255;255;255m█[38;2;141;140;180m█[38;2;0;0;27m█[38;2;6;6;122m█[38;2;5;5;120m█[38;2;13;15;6m██[38;2;13;13;16m██
██[38;2;13;15;6m██[38;2;5;8;100m█[38;2;6;9;101m█[38;2;0;0;81m█[38;2;6;5;88m█[38;2;182;183;172m█[38;2;255;255;249m█[38;2;255;255;255m█[38;2;210;210;210m█[38;2;84;86;75m█[38;2;76;77;67m█[38;2;198;198;196m█[38;2;255;255;255m██[38;2;198;198;196m█[38;2;76;77;67m█[38;2;83;84;74m█[38;2;209;209;209m█[38;2;255;255;255m█[38;2;255;255;247m█[38;2;182;183;172m█[38;2;8;6;89m█[38;2;0;0;81m█[38;2;6;9;101m█[38;2;5;8;100m█[38;2;13;15;6m██[38;2;13;13;16m██
██[38;2;13;13;11m██[38;2;11;10;49m██[38;2;4;4;166m█[38;2;0;0;152m█[38;2;0;0;0m█[38;2;52;52;49m█[38;2;60;60;55m█[38;2;8;8;3m█[38;2;0;0;67m█[38;2;0;0;68m█[38;2;3;3;3m█[38;2;56;56;56m██[38;2;3;3;3m█[38;2;0;0;68m██[38;2;8;8;3m█[38;2;59;59;54m█[38;2;51;51;48m█[38;2;0;0;0m█[38;2;0;0;153m█[38;2;4;4;167m█[38;2;11;10;49m██[38;2;13;13;11m██[38;2;13;13;16m██
████[38;2;13;15;6m██[38;2;4;3;136m█[38;2;6;5;138m█[38;2;0;0;182m█[38;2;0;0;172m█[38;2;0;0;154m█[38;2;0;0;165m█[38;2;0;0;217m█[38;2;1;0;218m█[38;2;0;0;168m█[38;2;0;0;158m██[38;2;0;0;168m█[38;2;1;0;218m█[38;2;0;0;217m█[38;2;0;0;165m█[38;2;0;0;155m█[38;2;0;0;172m█[38;2;0;0;182m█[38;2;6;5;140m█[38;2;4;3;138m█[38;2;13;15;6m██[38;2;13;13;16m████
████[38;2;13;13;13m██[38;2;13;13;19m██[38;2;5;5;126m██[38;2;5;5;134m██[38;2;11;11;38m██[38;2;5;5;129m████[38;2;11;11;38m██[38;2;5;5;132m██[38;2;5;5;126m██[38;2;13;13;19m██[38;2;13;13;13m██[38;2;13;13;16m████
██████[38;2;13;13;13m██[38;2;13;15;4m████[38;2;13;13;11m██[38;2;13;15;6m████[38;2;13;13;11m██[38;2;13;15;4m████[38;2;13;13;13m██[38;2;13;13;16m██████
████████████████████████████████
████████████████████████████████
████████████████████████████████