[38;2;13;13;16m████████████████████████████████
████████████[38;2;13;13;9m██[38;2;13;15;4m████[38;2;13;13;9m██[38;2;13;13;16m████████████
██████████[38;2;13;15;6m██[38;2;9;10;63m██[38;2;5;4;145m████[38;2;10;11;65m█[38;2;9;10;63m█[38;2;13;15;6m██[38;2;13;13;16m██████████
████████[38;2;13;15;6m██[38;2;5;5;112m█[38;2;6;6;113m█[38;2;0;0;229m█[38;2;0;0;226m█[38;2;0;0;183m█[38;2;0;0;179m█[38;2;0;0;180m█[38;2;0;0;183m█[38;2;0;0;226m█[38;2;0;0;229m█[38;2;6;6;113m█[38;2;5;5;112m█[38;2;13;15;6m██[38;2;13;13;16m████████
██████[38;2;13;15;6m██[38;2;8;8;83m█[38;2;9;9;84m█[38;2;1;1;211m█[38;2;0;0;204m█[38;2;0;0;47m█[38;2;0;0;48m█[38;2;13;15;6m█[38;2;30;31;23m██[38;2;13;15;6m█[38;2;0;0;48m█[38;2;0;0;47m█[38;2;0;0;204m█[38;2;1;1;211m█[38;2;9;9;84m█[38;2;8;8;83m█[38;2;13;15;6m██[38;2;13;13;16m██████
████[38;2;13;13;13m██[38;2;13;12;22m██[38;2;2;1;189m██[38;2;0;0;48m█[38;2;0;0;55m█[38;2;93;91;79m█[38;2;183;182;169m█[38;2;228;228;228m█[38;2;244;244;244m██[38;2;228;228;228m█[38;2;183;182;169m█[38;2;93;91;79m█[38;2;0;0;55m█[38;2;0;0;47m█[38;2;2;1;189m██[38;2;13;12;22m██[38;2;13;13;13m██[38;2;13;13;16m████
████[38;2;13;15;6m██[38;2;8;6;97m█[38;2;9;8;98m█[38;2;4;3;140m█[38;2;0;0;117m█[38;2;52;53;39m█[38;2;207;208;194m█[38;2;255;255;255m████████[38;2;207;208;194m█[38;2;52;53;39m█[38;2;0;0;115m█[38;2;4;3;138m█[38;2;9;8;98m█[38;2;8;6;97m█[38;2;13;15;6m██[38;2;13;13;16m████
████[38;2;13;13;11m██[38;2;2;3;154m█[38;2;3;4;155m█[38;2;0;0;26m█[38;2;69;68;108m█[38;2;247;249;240m█[38;2;255;255;255m█[38;2;253;253;253m████████[38;2;255;255;255m█[38;2;247;249;240m█[38;2;70;69;109m█[38;2;0;0;26m█[38;2;3;4;155m██[38;2;13;13;11m██[38;2;13;13;16m████
██[38;2;13;13;11m██[38;2;11;11;40m██[38;2;4;5;153m█[38;2;0;0;136m█[38;2;41;41;37m█[38;2;244;244;239m█[38;2;255;255;255m█[38;2;253;253;253m██████████[38;2;255;255;255m█[38;2;244;244;239m█[38;2;41;41;37m█[38;2;0;0;136m█[38;2;4;5;153m█[38;2;11;11;40m██[38;2;13;13;11m██[38;2;13;13;16m██
██[38;2;13;13;9m██[38;2;8;9;76m█[38;2;9;10;77m█[38;2;3;3;112m█[38;2;0;0;97m█[38;2;187;188;176m█[38;2;255;255;254m█[38;2;253;253;253m████████████[38;2;255;255;254m█[38;2;187;188;176m█[38;2;0;0;97m█[38;2;3;3;112m█[38;2;9;10;77m█[38;2;8;9;76m█[38;2;13;13;9m██[38;2;13;13;16m██
██[38;2;13;15;6m██[38;2;5;6;104m█[38;2;6;8;105m█[38;2;0;0;62m█[38;2;55;55;126m█[38;2;255;255;250m█[38;2;254;255;245m█[38;2;255;255;255m█████[38;2;253;253;253m██[38;2;255;255;255m█████[38;2;254;255;245m█[38;2;255;255;250m█[38;2;55;55;126m█[38;2;0;0;62m█[38;2;6;8;105m█[38;2;5;6;104m█[38;2;13;15;6m██[38;2;13;13;16m██
██[38;2;13;15;6m██[38;2;5;5;118m█[38;2;6;6;119m█[38;2;0;0;32m█[38;2;138;139;185m█[38;2;255;255;255m██[38;2;189;189;189m█[38;2;86;86;86m█[38;2;69;69;69m█[38;2;108;108;108m█[38;2;228;228;228m█[38;2;255;255;255m██[38;2;242;242;242m█[38;2;123;123;123m█[38;2;72;72;72m█[38;2;79;79;79m█[38;2;168;168;168m█[38;2;255;255;254m█[38;2;255;255;255m█[38;2;138;139;185m█[38;2;0;0;32m█[38;2;6;6;119m█[38;2;5;5;118m█[38;2;13;15;6m██[38;2;13;13;16m██
██[38;2;13;13;9m██[38;2;5;4;125m█[38;2;4;3;124m█[38;2;0;0;25m█[38;2;189;188;221m█[38;2;255;255;255m█[38;2;183;183;179m█[38;2;28;28;28m█[38;2;117;117;117m█[38;2;158;158;158m█[38;2;72;72;72m█[38;2;48;48;48m█[38;2;245;245;245m█[38;2;255;255;255m█[38;2;70;70;70m██[38;2;146;146;146m█[38;2;133;133;133m█[38;2;19;19;19m█[38;2;159;159;154m█[38;2;255;255;255m█[38;2;189;188;221m█[38;2;0;0;24m█[38;2;3;3;124m█[38;2;4;4;125m█[38;2;13;13;9m██[38;2;13;13;16m██
██[38;2;13;13;9m██[38;2;4;4;125m█[38;2;2;2;123m█[38;2;0;0;25m█[38;2;207;207;232m█[38;2;255;255;255m█[38;2;74;74;72m█[38;2;101;101;101m█[38;2;38;38;38m█[38;2;34;34;34m█[38;2;67;67;67m█[38;2;52;52;52m█[38;2;185;185;185m█[38;2;198;198;198m█[38;2;47;47;47m█[38;2;90;90;90m█[38;2;31;31;31m█[38;2;27;27;27m█[38;2;95;95;95m█[38;2;65;65;62m█[38;2;255;255;255m█[38;2;207;207;232m█[38;2;0;0;25m█[38;2;2;2;123m█[38;2;4;4;125m█[38;2;13;13;9m██[38;2;13;13;16m██
██[38;2;13;13;9m██[38;2;4;4;125m█[38;2;2;2;123m█[38;2;0;0;25m█[38;2;209;209;235m█[38;2;255;255;255m█[38;2;61;61;59m█[38;2;100;100;100m█[38;2;23;23;23m█[38;2;87;87;87m█[38;2;33;33;33m█[38;2;51;51;51m█[38;2;187;187;187m█[38;2;174;174;174m█[38;2;67;67;67m█[38;2;44;44;44m█[38;2;90;90;90m█[38;2;18;18;18m█[38;2;77;77;77m█[38;2;68;68;66m█[38;2;255;255;255m█[38;2;208;208;233m█[38;2;0;0;25m█[38;2;2;2;123m█[38;2;4;4;125m█[38;2;13;13;9m██[38;2;13;13;16m██
██[38;2;13;13;9m██[38;2;4;4;125m█[38;2;2;2;123m█[38;2;0;0;25m█[38;2;208;208;233m█[38;2;255;255;255m█[38;2;102;102;100m█[38;2;73;73;73m█[38;2;74;74;74m█[38;2;80;80;80m█[38;2;54;54;54m█[38;2;89;89;89m█[38;2;252;252;252m█[38;2;216;216;216m█[38;2;33;33;33m█[38;2;105;105;105m█[38;2;58;58;58m█[38;2;83;83;83m█[38;2;41;41;41m█[38;2;182;182;180m█[38;2;255;255;255m█[38;2;208;208;233m█[38;2;0;0;25m█[38;2;2;2;123m█[38;2;4;4;125m█[38;2;13;13;9m██[38;2;13;13;16m██
██[38;2;13;13;9m██[38;2;4;4;125m█[38;2;2;2;123m█[38;2;0;0;25m█[38;2;208;208;233m█[38;2;255;255;255m█[38;2;231;231;229m█[38;2;56;56;56m█[38;2;60;60;60m█[38;2;100;100;100m█[38;2;178;178;178m█[38;2;255;255;255m███[38;2;139;139;139m█[38;2;35;35;35m█[38;2;87;87;87m█[38;2;124;124;124m█[38;2;240;240;240m█[38;2;255;255;255m██[38;2;208;208;233m█[38;2;0;0;25m█[38;2;2;2;123m█[38;2;4;4;125m█[38;2;13;13;9m██[38;2;13;13;16m██
██[38;2;13;13;9m██[38;2;4;4;125m█[38;2;2;2;123m█[38;2;0;0;25m█[38;2;208;208;233m█[38;2;255;255;255m██[38;2;247;247;247m█[38;2;175;175;175m█[38;2;143;143;143m█[38;2;209;209;209m█[38;2;255;255;255m█[38;2;253;253;253m██[38;2;255;255;255m█[38;2;211;211;211m█[38;2;151;151;151m█[38;2;164;164;164m█[38;2;250;250;250m█[38;2;254;254;252m█[38;2;255;255;255m█[38;2;208;208;233m█[38;2;0;0;25m█[38;2;2;2;123m█[38;2;4;4;125m█[38;2;13;13;9m██[38;2;13;13;16m██
██[38;2;13;13;9m██[38;2;4;4;125m█[38;2;2;2;123m█[38;2;0;0;25m█[38;2;208;208;233m█[38;2;255;255;255m█[38;2;253;253;251m█[38;2;255;255;255m████[38;2;253;253;253m████[38;2;255;255;255m███[38;2;254;254;254m█[38;2;253;253;251m█[38;2;255;255;255m█[38;2;208;208;233m█[38;2;0;0;25m█[38;2;2;2;123m█[38;2;4;4;125m█[38;2;13;13;9m██[38;2;13;13;16m██
██[38;2;13;13;9m██[38;2;4;4;125m█[38;2;2;2;123m█[38;2;0;0;25m█[38;2;208;208;233m█[38;2;255;255;255m█[38;2;253;253;251m█[38;2;253;253;253m████████████[38;2;253;253;251m█[38;2;255;255;255m█[38;2;208;208;233m█[38;2;0;0;25m█[38;2;2;2;123m█[38;2;4;4;125m█[38;2;13;13;9m██[38;2;13;13;16m██
██[38;2;13;13;9m██[38;2;4;4;125m█[38;2;2;2;123m█[38;2;0;0;25m█[38;2;208;208;233m█[38;2;255;255;255m█[38;2;253;253;251m█[38;2;253;253;253m████████████[38;2;253;253;251m█[38;2;255;255;255m█[38;2;208;208;233m█[38;2;0;0;25m█[38;2;2;2;123m█[38;2;4;4;125m█[38;2;13;13;9m██[38;2;13;13;16m██
██[38;2;13;13;9m██[38;2;4;4;125m█[38;2;2;2;123m█[38;2;0;0;25m█[38;2;208;208;233m█[38;2;255;255;255m█[38;2;253;253;251m█[38;2;253;253;253m████████████[38;2;253;253;251m█[38;2;255;255;255m█[38;2;208;208;233m█[38;2;0;0;25m█[38;2;2;2;123m█[38;2;4;4;125m█[38;2;13;13;9m██[38;2;13;13;16m██
██[38;2;13;13;9m██[38;2;4;4;125m█[38;2;2;2;123m█[38;2;0;0;25m█[38;2;208;208;233m█[38;2;255;255;255m█[38;2;253;253;251m█[38;2;253;253;253m████████████[38;2;253;253;251m█[38;2;255;255;255m█[38;2;208;208;233m█[38;2;0;0;25m█[38;2;2;2;123m█[38;2;5;5;126m█[38;2;13;13;9m██[38;2;13;13;16m██
██[38;2;13;13;9m██[38;2;5;4;125m█[38;2;3;2;123m█[38;2;0;0;25m█[38;2;208;208;233m█[38;2;255;255;255m█[38;2;253;253;251m█[38;2;253;253;253m████████████[38;2;253;253;251m█[38;2;255;255;255m█[38;2;209;209;235m█[38;2;0;0;25m█[38;2;2;2;123m█[38;2;5;5;126m█[38;2;13;13;9m██[38;2;13;13;16m██
██[38;2;13;15;6m██[38;2;5;5;123m██[38;2;0;0;23m█[38;2;164;162;197m█[38;2;255;255;255m█[38;2;253;253;249m█[38;2;253;253;253m█[38;2;255;255;255m████[38;2;253;253;253m██[38;2;255;255;255m████[38;2;253;253;253m█[38;2;253;253;249m█[38;2;255;255;255m█[38;2;166;165;200m█[38;2;0;0;23m█[38;2;5;5;123m██[38;2;13;15;6m██[38;2;13;13;16m██
██[38;2;13;15;6m██[38;2;5;6;107m█[38;2;8;9;109m█[38;2;0;0;66m█[38;2;27;27;98m█[38;2;221;222;211m█[38;2;255;255;255m██[38;2;240;240;240m█[38;2;137;138;130m█[38;2;130;131;123m█[38;2;233;233;233m█[38;2;255;255;255m██[38;2;233;233;233m█[38;2;129;130;122m█[38;2;136;137;129m█[38;2;240;240;240m█[38;2;255;255;255m██[38;2;223;224;214m█[38;2;30;31;98m█[38;2;0;0;62m█[38;2;6;8;109m█[38;2;5;6;108m█[38;2;13;15;6m██[38;2;13;13;16m██
██[38;2;13;13;9m██[38;2;9;10;60m█[38;2;10;11;61m█[38;2;5;3;152m█[38;2;0;0;134m█[38;2;19;18;5m█[38;2;101;100;87m█[38;2;110;111;101m█[38;2;37;38;27m█[38;2;0;0;25m█[38;2;0;0;24m█[38;2;28;30;22m█[38;2;105;107;98m██[38;2;28;30;22m█[38;2;0;0;26m█[38;2;0;0;27m█[38;2;37;38;27m█[38;2;110;111;101m█[38;2;102;101;88m█[38;2;20;19;6m█[38;2;0;0;131m█[38;2;5;3;150m█[38;2;9;10;61m██[38;2;13;13;9m██[38;2;13;13;16m██
████[38;2;13;13;11m██[38;2;3;3;160m██[38;2;0;0;136m█[38;2;0;0;123m█[38;2;0;0;103m█[38;2;0;0;113m█[38;2;0;0;222m██[38;2;0;0;120m█[38;2;0;0;110m██[38;2;0;0;122m█[38;2;0;0;222m██[38;2;0;0;113m█[38;2;0;0;103m█[38;2;0;0;120m█[38;2;0;0;133m█[38;2;3;3;162m██[38;2;13;13;11m██[38;2;13;13;16m████
████[38;2;13;13;11m██[38;2;11;11;34m██[38;2;3;3;168m██[38;2;2;2;176m██[38;2;9;9;74m██[38;2;3;3;171m████[38;2;9;9;73m██[38;2;2;2;175m██[38;2;3;3;171m██[38;2;11;11;34m██[38;2;13;13;11m██[38;2;13;13;16m████
██████[38;2;13;13;11m██[38;2;13;13;9m██[38;2;13;13;11m██[38;2;13;15;6m██[38;2;13;13;11m████[38;2;13;15;6m██[38;2;13;13;11m██[38;2;13;13;9m██[38;2;13;13;11m██[38;2;13;13;16m██████
████████████████████████████████
████████████████████████████████