[38;2;13;13;16m████████████[38;2;13;13;11m██[38;2;13;15;4m████[38;2;13;13;11m██[38;2;13;13;16m████████████
██████████[38;2;13;15;6m██[38;2;11;10;45m█[38;2;12;11;46m█[38;2;6;6;118m████[38;2;12;11;46m█[38;2;11;10;45m█[38;2;13;15;6m██[38;2;13;13;16m██████████
████████[38;2;13;15;4m██[38;2;8;6;91m█[38;2;9;8;93m█[38;2;0;0;212m█[38;2;0;0;210m█[38;2;0;0;176m█[38;2;0;0;172m██[38;2;0;0;176m█[38;2;0;0;210m█[38;2;1;1;214m█[38;2;9;8;90m█[38;2;8;6;89m█[38;2;13;15;4m██[38;2;13;13;16m████████
██████[38;2;13;15;6m██[38;2;9;9;68m█[38;2;10;10;69m█[38;2;1;2;201m█[38;2;0;0;193m█[38;2;0;0;41m█[38;2;0;0;45m█[38;2;18;19;9m█[38;2;37;38;27m██[38;2;18;19;9m█[38;2;0;0;45m█[38;2;0;0;41m█[38;2;0;0;193m█[38;2;3;1;201m█[38;2;10;10;69m█[38;2;9;9;68m█[38;2;13;15;6m██[38;2;13;13;16m██████
████[38;2;13;13;13m██[38;2;13;13;17m██[38;2;3;2;175m█[38;2;2;1;174m█[38;2;0;0;41m█[38;2;3;4;55m█[38;2;101;102;88m█[38;2;190;192;178m█[38;2;233;233;233m█[38;2;249;249;249m██[38;2;233;233;233m█[38;2;190;192;178m█[38;2;101;102;88m█[38;2;3;4;58m█[38;2;0;0;44m█[38;2;2;1;174m█[38;2;3;2;175m█[38;2;13;13;17m██[38;2;13;13;13m██[38;2;13;13;16m████
████[38;2;13;15;6m██[38;2;8;8;87m█[38;2;9;9;88m█[38;2;4;4;133m█[38;2;0;0;109m█[38;2;59;60;46m█[38;2;214;215;201m█[38;2;255;255;255m████████[38;2;214;215;201m█[38;2;60;61;47m█[38;2;0;0;107m█[38;2;4;4;131m█[38;2;9;9;88m█[38;2;8;8;87m█[38;2;13;15;6m██[38;2;13;13;16m████
████[38;2;13;13;9m██[38;2;5;4;145m██[38;2;0;0;26m█[38;2;77;76;116m█[38;2;251;251;246m█[38;2;255;255;255m█[38;2;253;253;253m████████[38;2;255;255;255m█[38;2;252;252;247m█[38;2;77;76;116m█[38;2;0;0;26m█[38;2;5;4;147m██[38;2;13;13;9m██[38;2;13;13;16m████
██[38;2;13;13;13m██[38;2;11;11;37m██[38;2;6;5;146m█[38;2;0;0;127m█[38;2;46;46;44m█[38;2;247;247;245m█[38;2;255;255;255m█[38;2;253;253;253m██████████[38;2;255;255;255m█[38;2;247;247;245m█[38;2;46;46;44m█[38;2;0;0;127m█[38;2;6;5;146m█[38;2;11;11;37m██[38;2;13;13;13m██[38;2;13;13;16m██
██[38;2;13;13;9m██[38;2;9;9;73m█[38;2;10;10;74m█[38;2;3;4;108m█[38;2;0;0;94m█[38;2;192;193;181m█[38;2;255;255;254m█[38;2;253;253;253m█[38;2;254;254;254m█[38;2;255;255;255m█[38;2;253;253;253m██████[38;2;255;255;255m█[38;2;254;254;254m█[38;2;253;253;253m█[38;2;255;255;254m█[38;2;192;193;181m█[38;2;0;0;94m█[38;2;3;4;108m█[38;2;10;10;74m█[38;2;9;9;73m█[38;2;13;13;9m██[38;2;13;13;16m██
██[38;2;13;15;6m██[38;2;8;6;100m█[38;2;9;8;101m█[38;2;0;0;60m█[38;2;60;60;127m█[38;2;255;255;251m█[38;2;254;255;245m█[38;2;255;255;255m█[38;2;254;254;254m█[38;2;245;245;245m█[38;2;255;255;255m██[38;2;253;253;253m██[38;2;255;255;255m██[38;2;246;246;246m█[38;2;251;251;251m█[38;2;255;255;255m█[38;2;255;255;246m█[38;2;255;255;251m█[38;2;59;60;127m█[38;2;0;0;60m█[38;2;9;8;101m█[38;2;8;6;100m█[38;2;13;15;6m██[38;2;13;13;16m██
██[38;2;13;15;6m██[38;2;5;5;117m█[38;2;6;6;118m█[38;2;0;0;32m█[38;2;140;141;187m█[38;2;255;255;255m██[38;2;157;157;157m█[38;2;65;65;65m█[38;2;61;61;61m█[38;2;79;79;79m█[38;2;207;207;207m█[38;2;255;255;255m██[38;2;225;225;225m█[38;2;90;90;90m█[38;2;61;61;61m██[38;2;136;136;136m█[38;2;254;254;250m█[38;2;255;255;255m█[38;2;140;141;187m█[38;2;0;0;32m█[38;2;6;6;118m█[38;2;5;5;117m█[38;2;13;15;6m██[38;2;13;13;16m██
██[38;2;13;13;9m██[38;2;5;5;123m█[38;2;4;4;122m█[38;2;0;0;25m█[38;2;190;189;222m█[38;2;255;255;255m█[38;2;162;162;158m█[38;2;33;33;33m█[38;2;125;125;125m█[38;2;154;154;154m█[38;2;84;84;84m█[38;2;34;34;34m█[38;2;236;236;236m█[38;2;250;250;250m█[38;2;53;53;53m█[38;2;88;88;88m█[38;2;143;143;143m█[38;2;137;137;137m█[38;2;25;25;25m█[38;2;138;138;133m█[38;2;255;255;255m█[38;2;190;189;222m█[38;2;0;0;25m█[38;2;4;4;122m█[38;2;5;5;123m█[38;2;13;13;9m██[38;2;13;13;16m██
██[38;2;13;13;9m██[38;2;5;4;125m█[38;2;3;2;123m█[38;2;0;0;25m█[38;2;208;208;233m█[38;2;255;255;255m█[38;2;68;68;66m█[38;2;103;103;103m█[38;2;25;25;25m█[38;2;35;35;35m█[38;2;60;60;60m██[38;2;179;179;179m█[38;2;190;190;190m█[38;2;53;53;53m█[38;2;76;76;76m█[38;2;34;34;34m█[38;2;16;16;16m█[38;2;102;102;102m█[38;2;61;61;59m█[38;2;255;255;255m█[38;2;208;208;233m█[38;2;0;0;25m█[38;2;2;2;123m█[38;2;5;5;126m█[38;2;13;13;9m██[38;2;13;13;16m██
██[38;2;13;13;9m██[38;2;4;4;125m█[38;2;2;2;123m█[38;2;0;0;25m█[38;2;208;208;233m█[38;2;255;255;255m█[38;2;62;62;60m█[38;2;102;102;102m█[38;2;23;23;23m█[38;2;75;75;75m█[38;2;23;23;23m█[38;2;41;41;41m█[38;2;196;196;196m█[38;2;176;176;176m█[38;2;65;65;65m█[38;2;49;49;49m█[38;2;77;77;77m█[38;2;15;15;15m█[38;2;58;58;58m█[38;2;76;76;74m█[38;2;255;255;255m█[38;2;208;208;233m█[38;2;0;0;25m█[38;2;2;2;123m█[38;2;4;4;125m█[38;2;13;13;9m██[38;2;13;13;16m██
██[38;2;13;13;9m██[38;2;4;4;125m█[38;2;2;2;123m█[38;2;0;0;25m█[38;2;208;208;233m█[38;2;255;255;255m█[38;2;119;119;117m█[38;2;56;56;56m█[38;2;91;91;91m█[38;2;105;105;105m█[38;2;86;86;86m█[38;2;122;122;122m█[38;2;255;255;255m█[38;2;226;226;226m█[38;2;33;33;33m█[38;2;103;103;103m█[38;2;80;80;80m█[38;2;115;115;115m█[38;2;73;73;73m█[38;2;205;205;203m█[38;2;255;255;255m█[38;2;208;208;233m█[38;2;0;0;25m█[38;2;2;2;123m█[38;2;4;4;125m█[38;2;13;13;9m██[38;2;13;13;16m██
██[38;2;13;13;9m██[38;2;4;4;125m█[38;2;2;2;123m█[38;2;0;0;25m█[38;2;208;208;233m█[38;2;255;255;255m█[38;2;245;245;243m█[38;2;88;88;88m█[38;2;51;51;51m█[38;2;74;74;74m█[38;2;174;174;174m█[38;2;255;255;255m█[38;2;254;254;254m█[38;2;255;255;255m█[38;2;173;173;173m█[38;2;42;42;42m█[38;2;68;68;68m█[38;2;102;102;102m█[38;2;250;250;250m█[38;2;255;255;255m██[38;2;208;208;233m█[38;2;0;0;25m█[38;2;2;2;123m█[38;2;4;4;125m█[38;2;13;13;9m██[38;2;13;13;16m██
██[38;2;13;13;9m██[38;2;4;4;125m█[38;2;2;2;123m█[38;2;0;0;25m█[38;2;208;208;233m█[38;2;255;255;255m█[38;2;255;255;254m█[38;2;255;255;255m█[38;2;212;212;212m█[38;2;186;186;186m█[38;2;228;228;228m█[38;2;255;255;255m█[38;2;253;253;253m██[38;2;255;255;255m█[38;2;238;238;238m█[38;2;192;192;192m█[38;2;200;200;200m█[38;2;251;251;251m█[38;2;254;254;252m█[38;2;255;255;255m█[38;2;208;208;233m█[38;2;0;0;25m█[38;2;2;2;123m█[38;2;4;4;125m█[38;2;13;13;9m██[38;2;13;13;16m██
██[38;2;13;13;9m██[38;2;4;4;125m█[38;2;2;2;123m█[38;2;0;0;25m█[38;2;208;208;233m█[38;2;255;255;255m█[38;2;253;253;251m█[38;2;254;254;254m█[38;2;255;255;255m███[38;2;253;253;253m████[38;2;255;255;255m███[38;2;253;253;253m█[38;2;253;253;251m█[38;2;255;255;255m█[38;2;208;208;233m█[38;2;0;0;25m█[38;2;2;2;123m█[38;2;4;4;125m█[38;2;13;13;9m██[38;2;13;13;16m██
██[38;2;13;13;9m██[38;2;4;4;125m█[38;2;2;2;123m█[38;2;0;0;25m█[38;2;208;208;233m█[38;2;255;255;255m█[38;2;253;253;251m█[38;2;253;253;253m████████████[38;2;253;253;251m█[38;2;255;255;255m█[38;2;208;208;233m█[38;2;0;0;25m█[38;2;2;2;123m█[38;2;4;4;125m█[38;2;13;13;9m██[38;2;13;13;16m██
██[38;2;13;13;9m██[38;2;4;4;125m█[38;2;2;2;123m█[38;2;0;0;25m█[38;2;208;208;233m█[38;2;255;255;255m█[38;2;253;253;251m█[38;2;253;253;253m████████████[38;2;253;253;251m█[38;2;255;255;255m█[38;2;208;208;233m█[38;2;0;0;25m█[38;2;2;2;123m█[38;2;4;4;125m█[38;2;13;13;9m██[38;2;13;13;16m██
██[38;2;13;13;9m██[38;2;4;4;125m█[38;2;2;2;123m█[38;2;0;0;25m█[38;2;208;208;233m█[38;2;255;255;255m█[38;2;253;253;251m█[38;2;253;253;253m████████████[38;2;253;253;251m█[38;2;255;255;255m█[38;2;208;208;233m█[38;2;0;0;25m█[38;2;2;2;123m█[38;2;4;4;125m█[38;2;13;13;9m██[38;2;13;13;16m██
██[38;2;13;13;9m██[38;2;4;4;125m█[38;2;2;2;123m█[38;2;0;0;25m█[38;2;208;208;233m█[38;2;255;255;255m█[38;2;253;253;251m█[38;2;253;253;253m████████████[38;2;253;253;251m█[38;2;255;255;255m█[38;2;208;208;233m█[38;2;0;0;25m█[38;2;2;2;123m█[38;2;4;4;125m█[38;2;13;13;9m██[38;2;13;13;16m██
██[38;2;13;13;9m██[38;2;5;4;125m█[38;2;3;2;123m█[38;2;0;0;25m█[38;2;208;208;233m█[38;2;255;255;255m█[38;2;253;253;251m█[38;2;253;253;253m████████████[38;2;253;253;251m█[38;2;255;255;255m█[38;2;208;208;233m█[38;2;0;0;25m█[38;2;2;2;123m█[38;2;5;5;126m█[38;2;13;13;9m██[38;2;13;13;16m██
██[38;2;13;13;9m██[38;2;4;4;125m█[38;2;2;2;123m█[38;2;1;1;26m█[38;2;209;209;235m█[38;2;255;255;255m█[38;2;253;253;251m█[38;2;253;253;253m████████████[38;2;253;253;251m█[38;2;255;255;255m█[38;2;209;209;235m█[38;2;1;1;26m█[38;2;2;2;123m█[38;2;5;5;126m█[38;2;13;13;9m██[38;2;13;13;16m██
██[38;2;13;13;9m██[38;2;4;4;125m█[38;2;3;3;124m█[38;2;0;0;22m█[38;2;197;197;224m█[38;2;255;255;255m█[38;2;253;253;249m█[38;2;253;253;253m██[38;2;255;255;255m██[38;2;253;253;253m████[38;2;255;255;255m██[38;2;253;253;253m██[38;2;253;253;249m█[38;2;255;255;255m█[38;2;198;198;225m█[38;2;0;0;22m█[38;2;3;3;124m█[38;2;4;4;125m█[38;2;13;13;9m██[38;2;13;13;16m██
██[38;2;13;15;6m██[38;2;5;5;120m█[38;2;6;6;122m█[38;2;0;0;37m█[38;2;98;100;147m█[38;2;255;255;255m█[38;2;255;255;253m█[38;2;255;255;255m██[38;2;239;239;239m█[38;2;236;236;236m█[38;2;255;255;255m████[38;2;236;236;236m█[38;2;238;238;238m█[38;2;255;255;255m██[38;2;255;255;253m█[38;2;255;255;255m█[38;2;102;103;151m█[38;2;0;0;37m█[38;2;6;6;122m█[38;2;5;5;120m█[38;2;13;15;6m██[38;2;13;13;16m██
██[38;2;13;15;6m██[38;2;8;6;94m█[38;2;9;8;95m█[38;2;2;3;107m█[38;2;0;0;93m█[38;2;115;113;98m█[38;2;221;219;204m█[38;2;226;226;222m█[38;2;147;147;143m█[38;2;25;26;18m█[38;2;19;20;12m█[38;2;134;134;130m█[38;2;224;224;219m██[38;2;134;134;130m█[38;2;19;20;12m█[38;2;24;25;17m█[38;2;147;147;143m█[38;2;228;228;223m█[38;2;222;221;208m█[38;2;118;117;104m█[38;2;0;0;90m█[38;2;2;3;104m█[38;2;9;8;95m█[38;2;8;6;94m█[38;2;13;15;6m██[38;2;13;13;16m██
██[38;2;13;13;11m██[38;2;11;11;34m██[38;2;3;2;185m█[38;2;0;0;179m█[38;2;0;0;20m█[38;2;3;2;34m█[38;2;8;8;28m█[38;2;0;0;10m█[38;2;0;0;138m█[38;2;0;0;139m█[38;2;0;0;16m█[38;2;6;6;33m██[38;2;0;0;16m█[38;2;0;0;141m█[38;2;0;0;140m█[38;2;0;0;10m█[38;2;8;8;28m█[38;2;4;3;35m█[38;2;0;0;20m█[38;2;0;0;178m█[38;2;3;2;185m█[38;2;11;11;37m██[38;2;13;13;11m██[38;2;13;13;16m██
████[38;2;13;15;6m██[38;2;5;6;108m█[38;2;6;8;109m█[38;2;0;0;222m█[38;2;0;0;217m█[38;2;0;0;207m█[38;2;0;0;211m█[38;2;0;1;198m██[38;2;0;0;212m█[38;2;0;0;208m██[38;2;0;0;212m█[38;2;0;1;198m██[38;2;0;0;211m█[38;2;0;0;207m█[38;2;0;0;217m█[38;2;0;0;222m█[38;2;6;6;113m█[38;2;5;5;112m█[38;2;13;15;6m██[38;2;13;13;16m████
██████[38;2;13;13;11m██[38;2;8;8;83m█[38;2;9;9;84m█[38;2;9;8;93m█[38;2;8;6;91m█[38;2;13;13;19m██[38;2;8;8;87m█[38;2;9;9;88m██[38;2;8;8;87m█[38;2;13;13;17m██[38;2;8;6;91m█[38;2;9;8;93m█[38;2;9;9;86m█[38;2;8;8;84m█[38;2;13;13;11m██[38;2;13;13;16m██████
████████[38;2;13;15;6m████[38;2;13;13;13m██[38;2;13;15;6m████[38;2;13;13;13m██[38;2;13;15;6m████[38;2;13;13;16m████████
████████████████████████████████