[38;2;13;13;16m████████████████████████████████
████████████[38;2;13;15;6m████████[38;2;13;13;16m████████████
████████[38;2;13;13;13m██[38;2;13;13;9m██[38;2;8;8;79m█[38;2;9;9;80m█[38;2;3;3;162m████[38;2;9;9;80m█[38;2;8;8;79m█[38;2;13;13;9m██[38;2;13;13;13m██[38;2;13;13;16m████████
████████[38;2;13;15;6m██[38;2;4;4;125m█[38;2;5;5;126m█[38;2;0;0;210m█[38;2;0;0;203m█[38;2;0;0;129m█[38;2;0;0;124m██[38;2;0;0;129m█[38;2;0;0;203m█[38;2;0;0;210m█[38;2;5;5;126m█[38;2;4;4;125m█[38;2;13;15;6m██[38;2;13;13;16m████████
██████[38;2;13;15;4m██[38;2;8;6;91m█[38;2;9;8;93m█[38;2;2;1;186m█[38;2;0;0;173m█[38;2;0;0;9m█[38;2;10;10;31m█[38;2;53;52;39m█[38;2;77;76;63m██[38;2;53;52;39m█[38;2;10;10;31m█[38;2;0;0;9m█[38;2;0;0;172m█[38;2;2;1;186m█[38;2;9;8;93m█[38;2;8;6;91m█[38;2;13;15;4m██[38;2;13;13;16m██████
████[38;2;13;13;13m██[38;2;13;12;27m██[38;2;2;2;179m█[38;2;0;0;175m█[38;2;0;0;17m█[38;2;31;31;60m█[38;2;150;151;140m█[38;2;228;229;218m█[38;2;255;255;255m████[38;2;228;229;218m█[38;2;150;151;140m█[38;2;31;31;60m█[38;2;0;0;17m█[38;2;0;0;175m█[38;2;2;2;179m█[38;2;13;12;27m██[38;2;13;13;13m██[38;2;13;13;16m████
████[38;2;13;15;4m██[38;2;5;6;102m█[38;2;6;8;103m█[38;2;2;2;111m█[38;2;0;0;91m█[38;2;101;102;88m█[38;2;244;245;231m█[38;2;255;255;255m██[38;2;254;254;254m█[38;2;253;253;253m██[38;2;254;254;254m█[38;2;255;255;255m██[38;2;244;245;231m█[38;2;101;102;88m█[38;2;0;0;91m█[38;2;2;2;111m█[38;2;6;8;103m█[38;2;5;6;102m█[38;2;13;15;4m██[38;2;13;13;16m████
████[38;2;13;13;13m██[38;2;3;4;150m█[38;2;1;2;147m█[38;2;0;0;12m█[38;2;115;115;140m█[38;2;255;255;255m█[38;2;255;255;253m█[38;2;253;253;253m████████[38;2;255;255;253m█[38;2;255;255;255m█[38;2;115;115;140m█[38;2;0;0;12m█[38;2;1;2;147m█[38;2;3;4;150m█[38;2;13;13;13m██[38;2;13;13;16m████
██[38;2;13;13;11m██[38;2;11;10;42m██[38;2;6;5;140m█[38;2;0;0;117m█[38;2;73;74;66m█[38;2;255;255;253m█[38;2;255;255;255m█[38;2;253;253;253m██████████[38;2;255;255;255m█[38;2;255;255;253m█[38;2;73;74;66m█[38;2;0;0;118m█[38;2;6;5;140m█[38;2;11;10;42m██[38;2;13;13;11m██[38;2;13;13;16m██
██[38;2;13;15;6m██[38;2;8;8;79m█[38;2;9;9;80m█[38;2;1;2;100m█[38;2;0;0;96m█[38;2;212;214;202m█[38;2;255;255;251m█[38;2;253;253;253m█[38;2;255;255;255m███[38;2;253;253;253m████[38;2;255;255;255m███[38;2;254;254;254m█[38;2;255;255;251m█[38;2;212;214;202m█[38;2;0;0;96m█[38;2;1;2;100m█[38;2;9;9;80m█[38;2;8;8;79m█[38;2;13;15;6m██[38;2;13;13;16m██
██[38;2;13;15;6m██[38;2;5;6;104m█[38;2;6;8;105m█[38;2;0;0;54m█[38;2;76;76;140m█[38;2;255;255;255m█[38;2;255;255;250m█[38;2;255;255;255m█[38;2;215;215;215m█[38;2;192;192;192m█[38;2;230;230;230m█[38;2;255;255;255m█[38;2;253;253;253m██[38;2;255;255;255m█[38;2;240;240;240m█[38;2;195;195;195m█[38;2;205;205;205m█[38;2;254;254;254m█[38;2;255;255;251m█[38;2;255;255;255m█[38;2;76;76;140m█[38;2;0;0;54m█[38;2;8;9;107m█[38;2;5;6;104m█[38;2;13;15;6m██[38;2;13;13;16m██
██[38;2;13;15;6m██[38;2;5;5;118m█[38;2;6;6;119m█[38;2;0;0;27m█[38;2;152;154;194m█[38;2;255;255;255m█[38;2;246;246;242m█[38;2;91;91;91m█[38;2;55;55;55m█[38;2;80;80;80m█[38;2;45;45;45m█[38;2;150;150;150m█[38;2;255;255;255m██[38;2;176;176;176m█[38;2;46;46;46m█[38;2;76;76;76m█[38;2;62;62;62m█[38;2;70;70;70m█[38;2;233;233;229m█[38;2;255;255;255m█[38;2;154;153;194m█[38;2;0;0;27m█[38;2;6;6;118m█[38;2;5;5;117m█[38;2;13;15;6m██[38;2;13;13;16m██
██[38;2;13;13;9m██[38;2;5;5;123m█[38;2;4;4;122m█[38;2;0;0;24m█[38;2;196;196;225m█[38;2;255;255;255m█[38;2;123;123;118m█[38;2;58;58;58m█[38;2;112;112;112m█[38;2;116;116;116m█[38;2;94;94;94m█[38;2;26;26;26m█[38;2;217;217;217m█[38;2;233;233;233m█[38;2;33;33;33m█[38;2;112;112;112m█[38;2;105;105;105m█[38;2;115;115;115m█[38;2;47;47;47m█[38;2;101;101;96m█[38;2;255;255;255m█[38;2;196;196;225m█[38;2;0;0;24m█[38;2;3;4;122m█[38;2;4;5;123m█[38;2;13;13;9m██[38;2;13;13;16m██
██[38;2;13;13;9m██[38;2;4;4;125m█[38;2;2;2;123m█[38;2;0;0;25m█[38;2;209;209;235m█[38;2;255;255;255m█[38;2;62;62;60m█[38;2;103;103;103m█[38;2;19;19;19m█[38;2;61;61;61m█[38;2;52;52;52m█[38;2;68;68;68m█[38;2;173;173;173m█[38;2;179;179;179m█[38;2;63;63;63m█[38;2;53;53;53m█[38;2;63;63;63m█[38;2;12;12;12m█[38;2;109;109;109m█[38;2;59;59;56m█[38;2;255;255;255m█[38;2;208;208;233m█[38;2;0;0;25m█[38;2;2;2;123m█[38;2;4;4;125m█[38;2;13;13;9m██[38;2;13;13;16m██
██[38;2;13;13;9m██[38;2;4;4;125m█[38;2;2;2;123m█[38;2;0;0;25m█[38;2;208;208;233m█[38;2;255;255;255m█[38;2;68;68;66m█[38;2;102;102;102m█[38;2;25;25;25m█[38;2;51;51;51m█[38;2;10;10;10m█[38;2;33;33;33m█[38;2;217;217;217m█[38;2;186;186;186m█[38;2;54;54;54m█[38;2;70;70;70m█[38;2;45;45;45m█[38;2;15;15;15m█[38;2;24;24;24m█[38;2;103;103;101m█[38;2;255;255;255m█[38;2;208;208;233m█[38;2;0;0;25m█[38;2;2;2;123m█[38;2;4;4;125m█[38;2;13;13;9m██[38;2;13;13;16m██
██[38;2;13;13;9m██[38;2;4;4;125m█[38;2;2;2;123m█[38;2;0;0;25m█[38;2;208;208;233m█[38;2;255;255;255m█[38;2;159;159;157m█[38;2;32;32;32m█[38;2;103;103;103m█[38;2;140;140;140m██[38;2;187;187;187m█[38;2;255;255;255m█[38;2;245;245;245m█[38;2;51;51;51m█[38;2;80;80;80m█[38;2;115;115;115m█[38;2;154;154;154m█[38;2;144;144;144m█[38;2;239;239;237m█[38;2;255;255;255m█[38;2;208;208;233m█[38;2;0;0;25m█[38;2;2;2;123m█[38;2;4;4;125m█[38;2;13;13;9m██[38;2;13;13;16m██
██[38;2;13;13;9m██[38;2;4;4;125m█[38;2;2;2;123m█[38;2;0;0;25m█[38;2;208;208;233m█[38;2;255;255;255m██[38;2;153;153;153m█[38;2;62;62;62m█[38;2;54;54;54m█[38;2;171;171;171m█[38;2;255;255;255m█[38;2;253;253;253m█[38;2;255;255;255m█[38;2;223;223;223m█[38;2;88;88;88m█[38;2;58;58;58m█[38;2;87;87;87m█[38;2;252;252;252m█[38;2;255;255;255m██[38;2;208;208;233m█[38;2;0;0;25m█[38;2;2;2;123m█[38;2;4;4;125m█[38;2;13;13;9m██[38;2;13;13;16m██
██[38;2;13;13;9m██[38;2;4;4;125m█[38;2;2;2;123m█[38;2;0;0;25m█[38;2;208;208;233m█[38;2;255;255;255m█[38;2;253;253;251m█[38;2;255;255;255m█[38;2;254;254;254m█[38;2;242;242;242m█[38;2;251;251;251m█[38;2;253;253;253m███[38;2;255;255;255m██[38;2;245;245;245m█[38;2;246;246;246m█[38;2;254;254;254m█[38;2;253;253;251m█[38;2;255;255;255m█[38;2;208;208;233m█[38;2;0;0;25m█[38;2;2;2;123m█[38;2;4;4;125m█[38;2;13;13;9m██[38;2;13;13;16m██
██[38;2;13;13;9m██[38;2;4;4;125m█[38;2;2;2;123m█[38;2;0;0;25m█[38;2;208;208;233m█[38;2;255;255;255m█[38;2;253;253;251m█[38;2;253;253;253m█[38;2;254;254;254m█[38;2;255;255;255m█[38;2;254;254;254m█[38;2;253;253;253m█████[38;2;255;255;255m█[38;2;254;254;254m█[38;2;253;253;253m█[38;2;253;253;251m█[38;2;255;255;255m█[38;2;208;208;233m█[38;2;0;0;25m█[38;2;2;2;123m█[38;2;4;4;125m█[38;2;13;13;9m██[38;2;13;13;16m██
██[38;2;13;13;9m██[38;2;4;4;125m█[38;2;2;2;123m█[38;2;0;0;25m█[38;2;208;208;233m█[38;2;255;255;255m█[38;2;253;253;251m█[38;2;253;253;253m████████████[38;2;253;253;251m█[38;2;255;255;255m█[38;2;208;208;233m█[38;2;0;0;25m█[38;2;2;2;123m█[38;2;4;4;125m█[38;2;13;13;9m██[38;2;13;13;16m██
██[38;2;13;13;9m██[38;2;4;4;125m█[38;2;2;2;123m█[38;2;0;0;25m█[38;2;208;208;233m█[38;2;255;255;255m█[38;2;253;253;251m█[38;2;253;253;253m████████████[38;2;253;253;251m█[38;2;255;255;255m█[38;2;208;208;233m█[38;2;0;0;25m█[38;2;2;2;123m█[38;2;4;4;125m█[38;2;13;13;9m██[38;2;13;13;16m██
██[38;2;13;13;9m██[38;2;4;4;125m█[38;2;2;2;123m█[38;2;0;0;25m█[38;2;208;208;233m█[38;2;255;255;255m█[38;2;253;253;251m█[38;2;253;253;253m████████████[38;2;253;253;251m█[38;2;255;255;255m█[38;2;208;208;233m█[38;2;0;0;25m█[38;2;2;2;123m█[38;2;4;4;125m█[38;2;13;13;9m██[38;2;13;13;16m██
██[38;2;13;13;9m██[38;2;4;4;125m█[38;2;2;2;123m█[38;2;0;0;25m█[38;2;208;208;233m█[38;2;255;255;255m█[38;2;253;253;251m█[38;2;253;253;253m████████████[38;2;253;253;251m█[38;2;255;255;255m█[38;2;208;208;233m█[38;2;0;0;25m█[38;2;2;2;123m█[38;2;5;5;126m█[38;2;13;13;9m██[38;2;13;13;16m██
██[38;2;13;13;9m██[38;2;5;4;125m█[38;2;3;2;123m█[38;2;1;1;26m█[38;2;209;209;235m█[38;2;255;255;255m█[38;2;253;253;251m█[38;2;253;253;253m████████████[38;2;253;253;251m█[38;2;255;255;255m█[38;2;209;209;235m█[38;2;1;1;26m█[38;2;2;2;123m█[38;2;5;5;126m█[38;2;13;13;9m██[38;2;13;13;16m██
██[38;2;13;13;9m██[38;2;4;4;125m█[38;2;3;3;124m█[38;2;0;0;23m█[38;2;201;201;228m█[38;2;255;255;255m█[38;2;253;253;249m█[38;2;253;253;253m██[38;2;255;255;255m██[38;2;253;253;253m████[38;2;255;255;255m██[38;2;253;253;253m██[38;2;253;253;251m█[38;2;255;255;255m█[38;2;202;202;229m█[38;2;0;0;23m█[38;2;3;3;124m█[38;2;4;4;125m█[38;2;13;13;9m██[38;2;13;13;16m██
██[38;2;13;15;6m██[38;2;5;5;118m█[38;2;6;6;119m█[38;2;0;0;33m█[38;2;112;113;159m█[38;2;255;255;255m█[38;2;255;255;251m█[38;2;255;255;255m██[38;2;250;250;250m█[38;2;247;247;247m█[38;2;255;255;255m████[38;2;247;247;247m█[38;2;249;249;249m█[38;2;255;255;255m██[38;2;255;255;253m█[38;2;255;255;255m█[38;2;115;117;159m█[38;2;0;0;31m█[38;2;6;6;119m█[38;2;5;5;118m█[38;2;13;15;6m██[38;2;13;13;16m██
██[38;2;13;15;6m██[38;2;8;6;91m█[38;2;9;8;93m█[38;2;1;2;100m█[38;2;0;0;90m█[38;2;137;136;123m█[38;2;237;236;223m█[38;2;240;240;238m█[38;2;169;169;167m█[38;2;41;42;32m█[38;2;35;37;26m█[38;2;157;157;154m█[38;2;239;239;237m██[38;2;157;157;154m█[38;2;34;35;25m█[38;2;40;41;31m█[38;2;169;169;167m█[38;2;242;242;239m█[38;2;237;236;223m█[38;2;140;139;126m█[38;2;0;0;89m█[38;2;1;2;97m█[38;2;9;8;95m█[38;2;8;6;94m█[38;2;13;15;6m██[38;2;13;13;16m██
██[38;2;13;13;11m██[38;2;11;11;37m██[38;2;3;3;176m█[38;2;0;0;168m█[38;2;0;0;10m█[38;2;15;15;35m█[38;2;23;22;33m█[38;2;0;0;4m█[38;2;0;0;117m█[38;2;0;0;118m█[38;2;0;0;6m█[38;2;18;19;34m██[38;2;0;0;6m█[38;2;0;0;118m█[38;2;0;0;117m█[38;2;0;0;4m█[38;2;23;22;33m█[38;2;16;17;34m█[38;2;0;0;8m█[38;2;0;0;168m█[38;2;3;3;176m█[38;2;11;11;37m██[38;2;13;13;11m██[38;2;13;13;16m██
████[38;2;13;15;6m██[38;2;5;6;108m█[38;2;6;8;109m█[38;2;0;0;209m█[38;2;0;0;203m█[38;2;0;0;192m█[38;2;0;0;197m█[38;2;3;1;197m██[38;2;0;0;198m█[38;2;0;0;192m██[38;2;0;0;198m█[38;2;1;2;197m█[38;2;0;1;196m█[38;2;0;0;196m█[38;2;0;0;190m█[38;2;0;0;202m█[38;2;0;0;208m█[38;2;6;8;111m█[38;2;5;6;110m█[38;2;13;15;6m██[38;2;13;13;16m████
██████[38;2;13;13;11m██[38;2;8;8;81m█[38;2;9;9;82m█[38;2;9;8;90m██[38;2;13;13;17m██[38;2;8;8;84m█[38;2;9;9;86m██[38;2;8;8;84m█[38;2;13;13;17m██[38;2;8;6;91m█[38;2;9;8;93m█[38;2;9;9;84m█[38;2;8;8;83m█[38;2;13;13;11m██[38;2;13;13;16m██████
████████[38;2;13;15;6m████[38;2;13;13;13m██[38;2;13;15;6m████[38;2;13;13;13m██[38;2;13;15;6m████[38;2;13;13;16m████████
████████████████████████████████