[38;2;13;13;16m██████████[38;2;13;13;9m██[38;2;13;13;19m██[38;2;11;10;51m██[38;2;11;10;42m██[38;2;13;13;9m██[38;2;13;13;13m██[38;2;13;13;16m██████████
████████[38;2;13;15;6m██[38;2;9;9;66m██[38;2;2;0;196m██[38;2;0;0;239m██[38;2;0;0;233m██[38;2;5;4;147m██[38;2;13;13;19m██[38;2;13;13;11m██[38;2;13;13;16m████████
██████[38;2;13;15;6m██[38;2;9;9;66m██[38;2;0;0;230m██[38;2;0;0;188m█[38;2;0;0;180m█[38;2;0;0;107m█[38;2;0;0;105m█[38;2;0;0;133m█[38;2;0;0;139m█[38;2;0;0;233m█[38;2;0;0;237m█[38;2;3;4;158m██[38;2;13;13;11m██[38;2;13;13;16m████████
████[38;2;13;13;13m██[38;2;13;12;27m██[38;2;0;0;207m█[38;2;1;1;208m█[38;2;0;0;126m█[38;2;0;0;111m█[38;2;2;2;0m█[38;2;39;39;37m█[38;2;72;70;58m█[38;2;81;80;67m█[38;2;65;63;51m█[38;2;27;26;13m█[38;2;0;0;42m█[38;2;0;0;45m█[38;2;0;0;223m█[38;2;0;0;226m█[38;2;9;9;88m█[38;2;8;8;87m█[38;2;13;15;6m██[38;2;13;13;16m██████
████[38;2;13;15;4m██[38;2;4;4;129m█[38;2;5;5;130m█[38;2;2;2;164m█[38;2;0;0;144m█[38;2;11;12;2m█[38;2;116;117;107m█[38;2;209;209;207m█[38;2;250;250;247m█[38;2;255;255;255m███[38;2;242;242;242m█[38;2;182;181;166m█[38;2;66;65;49m█[38;2;0;0;76m█[38;2;1;0;93m█[38;2;3;2;188m█[38;2;2;1;187m█[38;2;13;13;13m██[38;2;13;13;16m██████
██[38;2;13;13;13m██[38;2;13;12;27m██[38;2;2;1;189m█[38;2;1;0;188m█[38;2;0;0;17m█[38;2;61;61;90m█[38;2;219;221;212m█[38;2;255;255;255m███[38;2;253;253;253m██[38;2;254;254;254m█[38;2;255;255;255m███[38;2;141;141;141m█[38;2;0;0;0m█[38;2;0;0;174m█[38;2;3;2;185m█[38;2;9;10;61m██[38;2;13;13;9m██[38;2;13;13;16m████
██[38;2;13;15;6m██[38;2;8;6;89m█[38;2;9;8;90m█[38;2;5;4;145m█[38;2;0;0;120m█[38;2;83;84;73m█[38;2;253;254;243m█[38;2;255;255;255m█[38;2;253;253;253m████████[38;2;255;255;255m██[38;2;154;155;144m█[38;2;0;0;89m█[38;2;2;3;107m█[38;2;5;6;124m█[38;2;4;5;123m█[38;2;13;15;4m██[38;2;13;13;16m████
██[38;2;13;15;6m██[38;2;4;3;138m█[38;2;6;5;140m█[38;2;0;0;58m█[38;2;45;45;110m█[38;2;249;250;239m█[38;2;255;255;250m█[38;2;253;253;253m██████████[38;2;254;254;250m█[38;2;255;255;255m█[38;2;95;97;139m█[38;2;0;0;30m█[38;2;3;4;155m█[38;2;2;3;154m█[38;2;13;13;9m██[38;2;13;13;16m████
██[38;2;13;13;17m██[38;2;5;3;153m█[38;2;2;0;150m█[38;2;0;0;15m█[38;2;194;195;212m█[38;2;255;255;255m█[38;2;253;253;251m█[38;2;253;253;253m██████████[38;2;253;253;251m█[38;2;255;255;255m█[38;2;228;226;236m█[38;2;13;12;22m█[38;2;0;0;147m█[38;2;3;4;155m█[38;2;13;12;24m██[38;2;13;13;13m██[38;2;13;13;16m██
[38;2;13;13;13m██[38;2;11;11;32m██[38;2;5;4;145m█[38;2;0;0;127m█[38;2;68;68;66m█[38;2;255;255;255m█[38;2;254;254;254m█[38;2;253;253;253m█████████████[38;2;255;255;255m█[38;2;94;94;89m█[38;2;0;0;120m█[38;2;6;5;144m█[38;2;11;11;40m██[38;2;13;13;11m██[38;2;13;13;16m██
[38;2;13;13;11m██[38;2;11;10;47m██[38;2;5;5;130m█[38;2;0;0;105m█[38;2;147;148;140m█[38;2;255;255;255m███████[38;2;253;253;253m████████[38;2;255;255;255m█[38;2;166;167;157m█[38;2;0;0;103m█[38;2;5;5;126m█[38;2;9;11;53m██[38;2;13;13;11m██[38;2;13;13;16m██
[38;2;13;13;11m██[38;2;11;10;53m██[38;2;5;5;117m█[38;2;0;0;98m█[38;2;194;195;185m█[38;2;247;249;238m█[38;2;167;167;167m█[38;2;160;160;160m█[38;2;161;161;161m██[38;2;160;160;160m█[38;2;221;221;221m█[38;2;255;255;255m█[38;2;253;253;253m███████[38;2;255;255;252m█[38;2;204;205;195m█[38;2;0;0;101m█[38;2;4;4;113m█[38;2;10;11;61m█[38;2;9;10;60m█[38;2;13;13;9m██[38;2;13;13;16m██
[38;2;13;13;11m██[38;2;11;9;55m██[38;2;4;4;111m█[38;2;0;0;98m█[38;2;216;217;207m█[38;2;162;164;153m█[38;2;0;0;0m█████[38;2;88;88;88m█[38;2;255;255;255m█[38;2;253;253;253m███████[38;2;255;255;250m█[38;2;216;217;207m█[38;2;0;0;100m█[38;2;2;3;104m█[38;2;10;11;61m█[38;2;9;10;60m█[38;2;13;13;9m██[38;2;13;13;16m██
[38;2;13;13;11m██[38;2;11;9;55m██[38;2;4;4;111m█[38;2;0;0;98m█[38;2;205;207;196m█[38;2;239;240;230m█[38;2;145;145;145m█[38;2;139;139;139m█[38;2;140;140;140m█[38;2;139;139;139m█[38;2;137;137;137m█[38;2;208;208;208m█[38;2;255;255;255m█[38;2;253;253;253m███████[38;2;255;255;250m█[38;2;217;218;208m█[38;2;0;0;101m█[38;2;2;3;104m█[38;2;10;11;62m█[38;2;9;10;61m█[38;2;13;13;9m██[38;2;13;13;16m██
[38;2;13;13;11m██[38;2;11;10;53m██[38;2;4;4;113m█[38;2;0;0;100m█[38;2;198;200;189m█[38;2;255;255;255m███████[38;2;253;253;253m████████[38;2;255;255;250m█[38;2;219;221;210m█[38;2;0;1;102m█[38;2;2;3;104m█[38;2;10;11;62m█[38;2;9;10;61m█[38;2;13;13;9m██[38;2;13;13;16m██
[38;2;13;13;11m██[38;2;11;10;51m██[38;2;4;4;113m█[38;2;0;0;97m█[38;2;194;195;185m█[38;2;255;255;252m█[38;2;253;253;253m██████████████[38;2;255;255;249m█[38;2;223;224;214m█[38;2;2;3;103m█[38;2;1;2;102m█[38;2;10;11;65m█[38;2;9;10;63m█[38;2;13;13;9m██[38;2;13;13;16m██
[38;2;13;13;11m██[38;2;11;10;49m██[38;2;5;5;117m█[38;2;0;0;98m█[38;2;187;188;178m█[38;2;255;255;253m█[38;2;253;253;253m██████████████[38;2;255;255;249m█[38;2;229;230;219m█[38;2;6;8;105m█[38;2;1;2;100m█[38;2;10;10;67m█[38;2;9;9;66m█[38;2;13;13;9m██[38;2;13;13;16m██
[38;2;13;13;11m██[38;2;11;10;47m██[38;2;5;5;118m█[38;2;0;0;97m█[38;2;175;176;166m█[38;2;255;255;254m█[38;2;253;253;253m██████████████[38;2;255;255;247m█[38;2;236;237;226m█[38;2;13;16;108m█[38;2;0;1;93m█[38;2;10;10;72m█[38;2;9;9;70m█[38;2;13;13;9m██[38;2;13;13;16m██
[38;2;13;13;11m██[38;2;11;10;42m██[38;2;6;6;124m█[38;2;0;0;100m█[38;2;161;162;154m█[38;2;255;255;255m█[38;2;253;253;253m██████████████[38;2;255;255;246m█[38;2;244;245;235m█[38;2;25;24;112m█[38;2;0;0;86m█[38;2;10;10;75m█[38;2;9;9;74m█[38;2;13;13;9m██[38;2;13;13;16m██
[38;2;13;13;13m██[38;2;11;11;38m██[38;2;5;5;126m█[38;2;0;0;102m█[38;2;143;144;136m█[38;2;255;255;255m█[38;2;253;253;253m██████████████[38;2;254;255;245m█[38;2;252;253;243m█[38;2;38;37;119m█[38;2;0;0;77m█[38;2;9;9;82m█[38;2;8;8;81m█[38;2;13;15;6m██[38;2;13;13;16m██
[38;2;13;13;13m██[38;2;11;11;32m██[38;2;5;5;130m█[38;2;0;0;107m█[38;2;120;120;116m█[38;2;255;255;255m█[38;2;253;253;253m██████████████[38;2;254;255;245m█[38;2;255;255;250m█[38;2;56;56;132m█[38;2;0;0;68m█[38;2;9;9;88m█[38;2;8;8;87m█[38;2;13;15;6m██[38;2;13;13;16m██
[38;2;13;13;13m██[38;2;13;12;27m██[38;2;5;5;130m█[38;2;0;0;109m█[38;2;98;98;96m█[38;2;255;255;255m█[38;2;253;253;253m██████████████[38;2;253;254;244m█[38;2;255;255;254m█[38;2;79;80;147m█[38;2;0;0;58m█[38;2;9;8;96m█[38;2;8;6;95m█[38;2;13;15;6m██[38;2;13;13;16m██
[38;2;13;13;13m██[38;2;13;12;22m██[38;2;5;5;132m█[38;2;0;0;115m█[38;2;67;67;69m█[38;2;255;255;255m█[38;2;253;253;253m██[38;2;254;254;254m██[38;2;253;253;253m████[38;2;254;254;254m██[38;2;253;253;253m████[38;2;254;255;247m█[38;2;255;255;255m█[38;2;95;95;157m█[38;2;0;0;49m█[38;2;6;9;101m█[38;2;5;8;100m█[38;2;13;15;6m██[38;2;13;13;16m██
██[38;2;13;13;13m██[38;2;5;4;137m█[38;2;0;0;131m█[38;2;3;4;22m█[38;2;203;204;222m█[38;2;255;255;255m███[38;2;252;252;252m█[38;2;255;255;255m██[38;2;254;254;254m█[38;2;255;255;255m██[38;2;253;253;253m█[38;2;255;255;255m████[38;2;255;255;247m█[38;2;247;249;238m█[38;2;45;45;116m█[38;2;0;0;65m█[38;2;9;8;98m█[38;2;8;6;97m█[38;2;13;15;6m██[38;2;13;13;16m██
██[38;2;13;15;4m██[38;2;5;5;117m█[38;2;8;8;119m█[38;2;0;0;59m█[38;2;27;27;93m█[38;2;195;196;185m█[38;2;209;210;198m█[38;2;73;74;63m█[38;2;38;39;28m█[38;2;148;148;146m█[38;2;242;242;239m█[38;2;252;252;252m█[38;2;197;197;197m█[38;2;62;63;53m█[38;2;45;46;35m█[38;2;162;162;160m█[38;2;245;245;243m█[38;2;251;251;249m█[38;2;185;185;182m█[38;2;58;58;37m█[38;2;35;35;15m█[38;2;0;0;103m█[38;2;4;4;116m█[38;2;10;10;75m█[38;2;9;9;74m█[38;2;13;13;9m██[38;2;13;13;16m██
██[38;2;13;13;9m██[38;2;9;10;55m██[38;2;4;4;166m█[38;2;0;0;150m█[38;2;1;0;9m█[38;2;4;3;12m█[38;2;0;0;90m█[38;2;0;0;97m█[38;2;0;0;16m█[38;2;23;23;48m█[38;2;38;38;35m█[38;2;2;2;0m█[38;2;0;0;94m█[38;2;0;0;98m█[38;2;0;0;10m█[38;2;26;27;45m█[38;2;35;35;35m█[38;2;0;0;0m█[38;2;0;0;105m█[38;2;0;0;110m█[38;2;0;0;172m█[38;2;2;2;176m█[38;2;11;12;27m██[38;2;13;13;13m██[38;2;13;13;16m██
████[38;2;13;15;6m██[38;2;4;4;131m█[38;2;6;6;133m█[38;2;0;0;211m█[38;2;0;0;210m█[38;2;0;1;204m█[38;2;1;2;205m█[38;2;1;0;195m█[38;2;0;0;187m█[38;2;0;0;175m█[38;2;0;0;182m█[38;2;0;0;207m██[38;2;0;0;193m█[38;2;0;0;185m█[38;2;0;0;179m█[38;2;0;0;186m█[38;2;0;0;210m██[38;2;6;8;105m█[38;2;5;6;104m█[38;2;13;15;6m██[38;2;13;13;16m████
████[38;2;13;13;13m██[38;2;13;13;17m██[38;2;9;9;88m██[38;2;11;12;30m██[38;2;8;8;84m█[38;2;9;9;86m█[38;2;5;6;118m██[38;2;11;12;26m██[38;2;8;6;89m█[38;2;9;8;90m█[38;2;6;6;113m██[38;2;11;12;26m██[38;2;13;13;11m██[38;2;13;13;16m██████
██████[38;2;13;13;13m██[38;2;13;15;6m██[38;2;13;13;13m██[38;2;13;15;6m██[38;2;13;15;4m██[38;2;13;13;13m██[38;2;13;15;6m██[38;2;13;15;4m██[38;2;13;13;13m██[38;2;13;13;16m████████
████████████████████████████████
████████████████████████████████
████████████████████████████████