[38;2;13;13;16m████████████████████████████████
████████████[38;2;13;15;6m██[38;2;13;13;11m████[38;2;13;15;6m██[38;2;13;13;16m████████████
████████[38;2;13;13;13m██[38;2;13;13;11m██[38;2;8;6;97m█[38;2;9;8;98m█[38;2;2;1;183m████[38;2;9;8;98m█[38;2;8;6;97m█[38;2;13;13;11m██[38;2;13;13;13m██[38;2;13;13;16m████████
████████[38;2;13;13;9m██[38;2;4;3;144m█[38;2;5;4;145m█[38;2;0;0;235m█[38;2;0;0;231m█[38;2;0;0;168m█[38;2;0;0;165m██[38;2;0;0;168m█[38;2;0;0;231m█[38;2;0;0;235m█[38;2;5;4;145m██[38;2;13;13;9m██[38;2;13;13;16m████████
██████[38;2;13;15;4m██[38;2;5;6;107m█[38;2;6;8;108m█[38;2;1;1;211m█[38;2;0;0;203m█[38;2;0;0;33m█[38;2;0;0;38m█[38;2;20;22;11m█[38;2;40;41;31m██[38;2;20;22;11m█[38;2;0;0;38m█[38;2;0;0;33m█[38;2;0;0;202m█[38;2;1;1;211m█[38;2;6;8;108m█[38;2;5;6;107m█[38;2;13;15;4m██[38;2;13;13;16m██████
████[38;2;13;13;11m██[38;2;11;11;32m██[38;2;2;0;198m█[38;2;1;0;197m█[38;2;0;0;38m█[38;2;4;5;53m█[38;2;105;107;93m█[38;2;195;196;182m█[38;2;237;237;237m█[38;2;250;250;250m██[38;2;237;237;237m█[38;2;195;196;182m█[38;2;105;107;93m█[38;2;4;5;53m█[38;2;0;0;38m█[38;2;0;0;197m█[38;2;0;1;198m█[38;2;11;11;32m██[38;2;13;13;11m██[38;2;13;13;16m████
████[38;2;13;15;4m██[38;2;5;5;112m█[38;2;6;6;113m█[38;2;3;3;132m█[38;2;0;0;109m█[38;2;65;63;51m█[38;2;218;217;204m█[38;2;255;255;255m████████[38;2;218;217;204m█[38;2;63;62;49m█[38;2;0;0;109m█[38;2;3;3;132m█[38;2;6;6;113m█[38;2;5;5;112m█[38;2;13;15;4m██[38;2;13;13;16m████
████[38;2;13;13;13m██[38;2;3;3;165m██[38;2;0;0;22m█[38;2;81;80;115m█[38;2;253;253;249m█[38;2;255;255;255m█[38;2;253;253;253m████████[38;2;255;255;255m█[38;2;253;253;249m█[38;2;81;80;115m█[38;2;0;0;22m█[38;2;3;3;165m██[38;2;13;13;13m██[38;2;13;13;16m████
██[38;2;13;13;11m██[38;2;11;10;45m██[38;2;4;5;154m█[38;2;0;0;136m█[38;2;48;48;44m█[38;2;249;249;244m█[38;2;255;255;255m█[38;2;253;253;253m██████████[38;2;255;255;255m█[38;2;249;249;244m█[38;2;48;48;44m█[38;2;0;0;136m█[38;2;6;4;154m█[38;2;11;10;45m██[38;2;13;13;11m██[38;2;13;13;16m██
██[38;2;13;15;6m██[38;2;8;8;83m█[38;2;9;9;84m█[38;2;3;3;110m█[38;2;0;0;96m█[38;2;194;195;183m█[38;2;255;255;254m█[38;2;255;255;255m█[38;2;254;254;254m█[38;2;253;253;253m██████████[38;2;255;255;254m█[38;2;194;195;183m█[38;2;0;0;96m█[38;2;3;3;110m█[38;2;9;9;84m█[38;2;8;8;83m█[38;2;13;15;6m██[38;2;13;13;16m██
██[38;2;13;15;4m██[38;2;5;6;108m█[38;2;6;8;109m█[38;2;0;0;60m█[38;2;60;61;129m█[38;2;255;255;252m█[38;2;253;254;244m█[38;2;229;229;229m█[38;2;255;255;255m██[38;2;253;253;253m█████████[38;2;254;255;245m█[38;2;255;255;251m█[38;2;60;60;131m█[38;2;0;0;62m█[38;2;8;9;110m█[38;2;5;6;108m█[38;2;13;15;4m██[38;2;13;13;16m██
██[38;2;13;15;6m██[38;2;5;5;123m█[38;2;6;6;124m█[38;2;0;0;30m█[38;2;141;144;186m█[38;2;255;255;255m█[38;2;175;175;171m█[38;2;0;0;0m█[38;2;87;87;87m█[38;2;219;219;219m█[38;2;255;255;255m██[38;2;253;253;253m█[38;2;254;254;254m█[38;2;255;255;255m█████[38;2;255;255;251m█[38;2;255;255;255m█[38;2;141;144;186m█[38;2;0;0;30m█[38;2;6;6;122m█[38;2;5;5;120m█[38;2;13;15;6m██[38;2;13;13;16m██
██[38;2;13;13;9m██[38;2;5;4;125m█[38;2;4;3;124m█[38;2;0;0;25m█[38;2;192;190;223m█[38;2;255;255;255m█[38;2;214;214;209m█[38;2;42;42;42m█[38;2;0;0;0m█[38;2;10;10;10m█[38;2;127;127;127m█[38;2;242;242;242m█[38;2;255;255;255m█[38;2;247;247;247m█[38;2;204;204;204m█[38;2;201;201;201m███[38;2;202;202;202m█[38;2;243;243;238m█[38;2;255;255;255m█[38;2;190;189;222m█[38;2;0;0;25m█[38;2;3;3;124m█[38;2;4;4;125m█[38;2;13;13;9m██[38;2;13;13;16m██
██[38;2;13;13;9m██[38;2;4;4;125m█[38;2;2;2;123m█[38;2;0;0;25m█[38;2;207;207;232m█[38;2;255;255;255m███[38;2;118;118;118m█[38;2;0;0;0m██[38;2;95;95;95m█[38;2;255;255;255m█[38;2;145;145;145m█[38;2;0;0;0m█████[38;2;115;115;112m█[38;2;255;255;255m█[38;2;207;207;232m█[38;2;0;0;25m█[38;2;2;2;123m█[38;2;4;4;125m█[38;2;13;13;9m██[38;2;13;13;16m██
██[38;2;13;13;9m██[38;2;4;4;125m█[38;2;2;2;123m█[38;2;0;0;25m█[38;2;208;208;233m█[38;2;255;255;255m█[38;2;250;250;247m█[38;2;151;151;151m█[38;2;28;28;28m█[38;2;0;0;0m█[38;2;28;28;28m█[38;2;180;180;180m█[38;2;255;255;255m█[38;2;207;207;207m█[38;2;95;95;95m█[38;2;94;94;94m█[38;2;95;95;95m██[38;2;91;91;91m█[38;2;190;190;188m█[38;2;255;255;255m█[38;2;208;208;233m█[38;2;0;0;25m█[38;2;2;2;123m█[38;2;4;4;125m█[38;2;13;13;9m██[38;2;13;13;16m██
██[38;2;13;13;9m██[38;2;4;4;125m█[38;2;2;2;123m█[38;2;0;0;25m█[38;2;208;208;233m█[38;2;255;255;255m█[38;2;167;167;165m█[38;2;0;0;0m█[38;2;3;3;3m█[38;2;124;124;124m█[38;2;242;242;242m█[38;2;255;255;255m█[38;2;252;252;252m█[38;2;255;255;255m████████[38;2;208;208;233m█[38;2;0;0;25m█[38;2;2;2;123m█[38;2;4;4;125m█[38;2;13;13;9m██[38;2;13;13;16m██
██[38;2;13;13;9m██[38;2;4;4;125m█[38;2;2;2;123m█[38;2;0;0;25m█[38;2;208;208;233m█[38;2;255;255;255m█[38;2;226;226;224m█[38;2;131;131;131m█[38;2;212;212;212m█[38;2;255;255;255m██[38;2;253;253;253m████████[38;2;253;253;251m█[38;2;255;255;255m█[38;2;208;208;233m█[38;2;0;0;25m█[38;2;2;2;123m█[38;2;4;4;125m█[38;2;13;13;9m██[38;2;13;13;16m██
██[38;2;13;13;9m██[38;2;4;4;125m█[38;2;2;2;123m█[38;2;0;0;25m█[38;2;208;208;233m█[38;2;255;255;255m█[38;2;255;255;254m█[38;2;255;255;255m██[38;2;253;253;253m██████████[38;2;253;253;251m█[38;2;255;255;255m█[38;2;208;208;233m█[38;2;0;0;25m█[38;2;2;2;123m█[38;2;4;4;125m█[38;2;13;13;9m██[38;2;13;13;16m██
██[38;2;13;13;9m██[38;2;4;4;125m█[38;2;2;2;123m█[38;2;0;0;25m█[38;2;208;208;233m█[38;2;255;255;255m█[38;2;253;253;251m█[38;2;253;253;253m████████████[38;2;253;253;251m█[38;2;255;255;255m█[38;2;208;208;233m█[38;2;0;0;25m█[38;2;2;2;123m█[38;2;4;4;125m█[38;2;13;13;9m██[38;2;13;13;16m██
██[38;2;13;13;9m██[38;2;4;4;125m█[38;2;2;2;123m█[38;2;0;0;25m█[38;2;208;208;233m█[38;2;255;255;255m█[38;2;253;253;251m█[38;2;253;253;253m████████████[38;2;253;253;251m█[38;2;255;255;255m█[38;2;208;208;233m█[38;2;0;0;25m█[38;2;2;2;123m█[38;2;4;4;125m█[38;2;13;13;9m██[38;2;13;13;16m██
██[38;2;13;13;9m██[38;2;4;4;125m█[38;2;2;2;123m█[38;2;0;0;25m█[38;2;208;208;233m█[38;2;255;255;255m█[38;2;253;253;251m█[38;2;253;253;253m████████████[38;2;253;253;251m█[38;2;255;255;255m█[38;2;208;208;233m█[38;2;0;0;25m█[38;2;2;2;123m█[38;2;4;4;125m█[38;2;13;13;9m██[38;2;13;13;16m██
██[38;2;13;13;9m██[38;2;4;4;125m█[38;2;2;2;123m█[38;2;0;0;25m█[38;2;208;208;233m█[38;2;255;255;255m█[38;2;253;253;251m█[38;2;253;253;253m████████████[38;2;253;253;251m█[38;2;255;255;255m█[38;2;208;208;233m█[38;2;0;0;25m█[38;2;2;2;123m█[38;2;4;4;125m█[38;2;13;13;9m██[38;2;13;13;16m██
██[38;2;13;13;9m██[38;2;4;4;125m█[38;2;2;2;123m█[38;2;1;1;26m█[38;2;208;208;233m█[38;2;255;255;255m█[38;2;253;253;251m█[38;2;253;253;253m████████████[38;2;253;253;251m█[38;2;255;255;255m█[38;2;208;208;233m█[38;2;1;1;26m█[38;2;2;2;123m█[38;2;4;4;125m█[38;2;13;13;9m██[38;2;13;13;16m██
██[38;2;13;13;9m██[38;2;5;4;125m█[38;2;4;3;124m█[38;2;0;0;23m█[38;2;203;203;230m█[38;2;255;255;255m█[38;2;253;253;249m█[38;2;253;253;253m██[38;2;254;254;254m██[38;2;253;253;253m████[38;2;254;254;254m██[38;2;253;253;253m██[38;2;253;253;251m█[38;2;255;255;255m█[38;2;204;204;231m█[38;2;0;0;24m█[38;2;3;3;124m█[38;2;4;4;125m█[38;2;13;13;9m██[38;2;13;13;16m██
██[38;2;13;15;6m██[38;2;5;5;120m█[38;2;6;6;122m█[38;2;0;0;31m█[38;2;124;126;168m█[38;2;255;255;255m█[38;2;255;255;252m█[38;2;255;255;255m████████████[38;2;255;255;251m█[38;2;255;255;255m█[38;2;130;129;169m█[38;2;0;0;28m█[38;2;6;6;122m█[38;2;5;5;120m█[38;2;13;15;6m██[38;2;13;13;16m██
██[38;2;13;15;6m██[38;2;8;6;95m█[38;2;9;8;96m█[38;2;1;0;88m█[38;2;0;0;86m█[38;2;158;159;147m█[38;2;249;250;238m█[38;2;252;252;250m█[38;2;189;189;187m█[38;2;61;62;52m█[38;2;54;55;45m█[38;2;179;179;176m█[38;2;251;251;249m██[38;2;179;179;176m█[38;2;53;54;44m█[38;2;60;61;51m█[38;2;189;189;187m█[38;2;252;252;250m█[38;2;249;250;238m█[38;2;161;162;151m█[38;2;0;0;87m█[38;2;1;0;88m█[38;2;9;8;98m█[38;2;8;6;97m█[38;2;13;15;6m██[38;2;13;13;16m██
██[38;2;13;13;11m██[38;2;11;11;40m██[38;2;4;3;174m█[38;2;0;0;164m█[38;2;0;0;2m█[38;2;31;30;39m█[38;2;38;38;40m█[38;2;0;0;2m█[38;2;0;0;93m█[38;2;0;0;94m█[38;2;0;0;2m█[38;2;35;35;41m██[38;2;0;0;2m█[38;2;0;0;94m█[38;2;0;0;93m█[38;2;0;0;2m█[38;2;39;39;41m█[38;2;32;32;38m█[38;2;0;0;0m█[38;2;0;0;161m█[38;2;4;4;172m█[38;2;11;10;42m██[38;2;13;13;11m██[38;2;13;13;16m██
████[38;2;13;15;6m██[38;2;5;5;120m█[38;2;8;8;123m█[38;2;0;0;197m█[38;2;0;0;189m█[38;2;0;0;175m█[38;2;0;0;183m█[38;2;1;1;210m██[38;2;0;0;187m█[38;2;0;0;178m██[38;2;0;0;187m█[38;2;1;1;210m██[38;2;0;0;183m█[38;2;0;0;175m█[38;2;0;0;188m█[38;2;0;0;196m█[38;2;8;8;125m█[38;2;5;5;123m█[38;2;13;15;6m██[38;2;13;13;16m████
████[38;2;13;13;13m████[38;2;9;6;103m██[38;2;6;8;111m██[38;2;13;12;26m██[38;2;6;8;108m████[38;2;13;12;26m██[38;2;6;8;111m██[38;2;6;8;105m██[38;2;13;13;16m██[38;2;13;13;13m██[38;2;13;13;16m████
████████[38;2;13;15;6m██[38;2;13;15;4m██[38;2;13;13;13m██[38;2;13;15;6m████[38;2;13;13;13m██[38;2;13;15;4m██[38;2;13;15;6m██[38;2;13;13;16m████████
████████████████████████████████
████████████████████████████████