[38;2;13;13;16m██████████[38;2;13;15;6m██[38;2;11;11;34m██[38;2;8;6;95m█[38;2;9;8;96m█[38;2;9;8;98m█[38;2;8;6;97m█[38;2;11;11;34m██[38;2;13;15;6m██[38;2;13;13;16m██████████
████████[38;2;13;15;6m██[38;2;9;9;74m█[38;2;10;10;75m█[38;2;0;0;210m██[38;2;0;0;203m█[38;2;0;0;200m██[38;2;0;0;203m█[38;2;0;0;210m██[38;2;10;10;75m█[38;2;9;9;74m█[38;2;13;15;6m██[38;2;13;13;16m████████
██████[38;2;13;13;9m██[38;2;9;10;55m██[38;2;1;1;208m█[38;2;0;0;203m█[38;2;0;0;72m█[38;2;0;0;66m█[38;2;3;3;5m█[38;2;16;16;18m██[38;2;3;3;5m█[38;2;0;0;66m█[38;2;0;0;72m█[38;2;0;0;203m█[38;2;1;1;208m█[38;2;9;10;55m██[38;2;13;13;9m██[38;2;13;13;16m██████
██████[38;2;13;13;13m██[38;2;3;2;173m██[38;2;0;0;66m█[38;2;0;0;63m█[38;2;70;69;54m█[38;2;160;159;144m█[38;2;211;211;209m█[38;2;231;231;229m██[38;2;211;211;209m█[38;2;160;159;144m█[38;2;70;69;54m█[38;2;0;0;66m█[38;2;0;0;68m█[38;2;2;2;173m██[38;2;13;13;13m██[38;2;13;13;16m██████
████[38;2;13;15;6m██[38;2;8;8;81m█[38;2;9;9;82m█[38;2;5;4;147m█[38;2;0;0;124m█[38;2;34;35;24m█[38;2;187;188;176m█[38;2;255;255;255m████████[38;2;187;188;176m█[38;2;35;37;25m█[38;2;0;0;124m█[38;2;5;4;147m█[38;2;9;9;82m█[38;2;8;8;81m█[38;2;13;15;6m██[38;2;13;13;16m████
████[38;2;13;13;9m██[38;2;4;3;144m█[38;2;5;4;145m█[38;2;0;0;37m█[38;2;51;52;100m█[38;2;236;237;229m█[38;2;255;255;255m█[38;2;254;254;254m█[38;2;253;253;253m██████[38;2;254;254;254m█[38;2;255;255;255m█[38;2;237;238;230m█[38;2;51;52;100m█[38;2;0;0;37m█[38;2;5;4;145m█[38;2;4;3;144m█[38;2;13;13;9m██[38;2;13;13;16m████
██[38;2;13;13;13m██[38;2;11;11;32m██[38;2;4;5;151m█[38;2;0;0;136m█[38;2;30;30;30m█[38;2;233;233;233m█[38;2;255;255;255m█[38;2;253;253;253m██████████[38;2;255;255;255m█[38;2;233;233;233m█[38;2;30;30;30m█[38;2;0;0;136m█[38;2;4;5;151m█[38;2;11;11;32m██[38;2;13;13;13m██[38;2;13;13;16m██
██[38;2;13;13;9m██[38;2;9;9;68m█[38;2;10;10;69m█[38;2;4;4;116m█[38;2;0;0;96m█[38;2;174;175;164m█[38;2;255;255;255m█[38;2;254;254;254m█[38;2;253;253;253m██████[38;2;254;254;254m██[38;2;253;253;253m███[38;2;255;255;255m█[38;2;174;175;164m█[38;2;0;0;96m█[38;2;4;4;116m█[38;2;10;10;69m█[38;2;9;9;68m█[38;2;13;13;9m██[38;2;13;13;16m██
██[38;2;13;15;6m██[38;2;8;6;97m█[38;2;9;8;98m█[38;2;0;0;67m█[38;2;47;47;120m█[38;2;255;255;246m█[38;2;255;255;249m█[38;2;251;251;251m█[38;2;255;255;255m██[38;2;253;253;253m████[38;2;255;255;255m█[38;2;254;254;254m█[38;2;255;255;255m█[38;2;254;254;254m█[38;2;253;253;253m█[38;2;254;255;245m█[38;2;255;255;247m█[38;2;47;47;120m█[38;2;0;0;67m█[38;2;6;9;98m█[38;2;5;8;97m█[38;2;13;15;6m██[38;2;13;13;16m██
██[38;2;13;15;6m██[38;2;5;5;115m█[38;2;6;6;116m█[38;2;0;0;34m█[38;2;131;132;180m█[38;2;255;255;255m█[38;2;189;190;182m█[38;2;31;31;31m█[38;2;130;130;130m█[38;2;245;245;245m█[38;2;255;255;255m█[38;2;254;254;254m█[38;2;253;253;253m█[38;2;255;255;255m█[38;2;117;117;117m█[38;2;44;44;44m█[38;2;178;178;178m█[38;2;255;255;255m██[38;2;253;254;246m█[38;2;255;255;255m█[38;2;131;132;180m█[38;2;0;0;34m█[38;2;6;6;116m█[38;2;5;5;115m█[38;2;13;15;6m██[38;2;13;13;16m██
██[38;2;13;13;9m██[38;2;5;5;123m██[38;2;0;0;24m█[38;2;186;185;217m█[38;2;255;255;255m█[38;2;195;195;190m█[38;2;8;8;8m█[38;2;0;0;0m█[38;2;37;37;37m█[38;2;169;169;169m█[38;2;255;255;255m█[38;2;254;254;254m█[38;2;255;255;255m█[38;2;123;123;123m█[38;2;0;0;0m██[38;2;79;79;79m█[38;2;212;212;212m█[38;2;255;255;254m█[38;2;255;255;255m█[38;2;186;185;217m█[38;2;0;0;24m█[38;2;4;5;123m██[38;2;13;13;9m██[38;2;13;13;16m██
██[38;2;13;13;9m██[38;2;4;4;125m█[38;2;2;2;123m█[38;2;0;0;26m█[38;2;205;205;232m█[38;2;255;255;255m██[38;2;238;238;238m█[38;2;96;96;96m█[38;2;0;0;0m██[38;2;115;115;115m█[38;2;255;255;255m█[38;2;253;253;253m█[38;2;255;255;255m█[38;2;202;202;202m█[38;2;41;41;41m█[38;2;0;0;0m██[38;2;194;194;192m█[38;2;255;255;255m█[38;2;205;205;232m█[38;2;0;0;26m█[38;2;2;2;123m█[38;2;4;4;125m█[38;2;13;13;9m██[38;2;13;13;16m██
██[38;2;13;13;9m██[38;2;4;4;125m█[38;2;2;2;123m█[38;2;0;0;25m█[38;2;208;208;233m█[38;2;255;255;255m█[38;2;255;255;254m█[38;2;194;194;194m█[38;2;59;59;59m█[38;2;0;0;0m█[38;2;2;2;2m█[38;2;150;150;150m█[38;2;255;255;255m██[38;2;247;247;247m█[38;2;150;150;150m█[38;2;19;19;19m█[38;2;0;0;0m█[38;2;33;33;33m█[38;2;212;212;210m█[38;2;255;255;255m█[38;2;208;208;233m█[38;2;0;0;25m█[38;2;2;2;123m█[38;2;4;4;125m█[38;2;13;13;9m██[38;2;13;13;16m██
██[38;2;13;13;9m██[38;2;4;4;125m█[38;2;2;2;123m█[38;2;0;0;25m█[38;2;208;208;233m█[38;2;255;255;255m█[38;2;176;176;174m█[38;2;0;0;0m██[38;2;82;82;82m█[38;2;215;215;215m█[38;2;255;255;255m█[38;2;253;253;253m█[38;2;255;255;255m█[38;2;91;91;91m█[38;2;0;0;0m█[38;2;8;8;8m█[38;2;131;131;131m█[38;2;244;244;244m█[38;2;255;255;255m██[38;2;208;208;233m█[38;2;0;0;25m█[38;2;2;2;123m█[38;2;4;4;125m█[38;2;13;13;9m██[38;2;13;13;16m██
██[38;2;13;13;9m██[38;2;4;4;125m█[38;2;2;2;123m█[38;2;0;0;25m█[38;2;208;208;233m█[38;2;255;255;255m█[38;2;210;210;208m█[38;2;84;84;84m█[38;2;179;179;179m█[38;2;255;255;255m██[38;2;253;253;253m██[38;2;255;255;255m█[38;2;154;154;154m█[38;2;97;97;97m█[38;2;221;221;221m█[38;2;255;255;255m██[38;2;253;253;251m█[38;2;255;255;255m█[38;2;208;208;233m█[38;2;0;0;25m█[38;2;2;2;123m█[38;2;4;4;125m█[38;2;13;13;9m██[38;2;13;13;16m██
██[38;2;13;13;9m██[38;2;4;4;125m█[38;2;2;2;123m█[38;2;0;0;25m█[38;2;208;208;233m█[38;2;255;255;255m█[38;2;255;255;254m█[38;2;255;255;255m██[38;2;254;254;254m█[38;2;253;253;253m████[38;2;255;255;255m███[38;2;253;253;253m██[38;2;253;253;251m█[38;2;255;255;255m█[38;2;208;208;233m█[38;2;0;0;25m█[38;2;2;2;123m█[38;2;4;4;125m█[38;2;13;13;9m██[38;2;13;13;16m██
██[38;2;13;13;9m██[38;2;4;4;125m█[38;2;2;2;123m█[38;2;0;0;25m█[38;2;208;208;233m█[38;2;255;255;255m█[38;2;253;253;251m█[38;2;253;253;253m████████████[38;2;253;253;251m█[38;2;255;255;255m█[38;2;208;208;233m█[38;2;0;0;25m█[38;2;2;2;123m█[38;2;4;4;125m█[38;2;13;13;9m██[38;2;13;13;16m██
██[38;2;13;13;9m██[38;2;4;4;125m█[38;2;2;2;123m█[38;2;0;0;25m█[38;2;208;208;233m█[38;2;255;255;255m█[38;2;253;253;251m█[38;2;253;253;253m████████████[38;2;253;253;251m█[38;2;255;255;255m█[38;2;208;208;233m█[38;2;0;0;25m█[38;2;2;2;123m█[38;2;4;4;125m█[38;2;13;13;9m██[38;2;13;13;16m██
██[38;2;13;13;9m██[38;2;4;4;125m█[38;2;2;2;123m█[38;2;0;0;25m█[38;2;208;208;233m█[38;2;255;255;255m█[38;2;253;253;251m█[38;2;253;253;253m████████████[38;2;253;253;251m█[38;2;255;255;255m█[38;2;208;208;233m█[38;2;0;0;25m█[38;2;2;2;123m█[38;2;4;4;125m█[38;2;13;13;9m██[38;2;13;13;16m██
██[38;2;13;13;9m██[38;2;4;4;125m█[38;2;2;2;123m█[38;2;0;0;25m█[38;2;208;208;233m█[38;2;255;255;255m█[38;2;253;253;251m█[38;2;253;253;253m████████████[38;2;253;253;251m█[38;2;255;255;255m█[38;2;208;208;233m█[38;2;0;0;25m█[38;2;2;2;123m█[38;2;4;4;125m█[38;2;13;13;9m██[38;2;13;13;16m██
██[38;2;13;13;9m██[38;2;4;4;125m█[38;2;2;2;123m█[38;2;0;0;25m█[38;2;208;208;233m█[38;2;255;255;255m█[38;2;253;253;251m█[38;2;253;253;253m████████████[38;2;253;253;251m█[38;2;255;255;255m█[38;2;208;208;233m█[38;2;0;0;25m█[38;2;2;2;123m█[38;2;4;4;125m█[38;2;13;13;9m██[38;2;13;13;16m██
██[38;2;13;13;9m██[38;2;4;4;125m█[38;2;2;2;123m█[38;2;1;1;26m█[38;2;208;208;233m█[38;2;255;255;255m█[38;2;253;253;251m█[38;2;253;253;253m████████████[38;2;253;253;251m█[38;2;255;255;255m█[38;2;208;208;233m█[38;2;1;1;26m█[38;2;2;2;123m█[38;2;4;4;125m█[38;2;13;13;9m██[38;2;13;13;16m██
██[38;2;13;13;9m██[38;2;4;4;127m█[38;2;2;2;125m█[38;2;0;0;24m█[38;2;205;205;232m█[38;2;255;255;255m█[38;2;253;253;251m█[38;2;253;253;253m████████[38;2;254;254;254m█[38;2;253;253;253m███[38;2;253;253;251m█[38;2;255;255;255m█[38;2;205;205;232m█[38;2;0;0;24m█[38;2;2;2;125m█[38;2;4;4;127m█[38;2;13;13;9m██[38;2;13;13;16m██
██[38;2;13;15;6m██[38;2;4;4;129m█[38;2;5;5;130m█[38;2;0;0;27m█[38;2;138;137;176m█[38;2;255;255;255m█[38;2;254;254;250m█[38;2;254;254;254m█[38;2;255;255;255m████[38;2;254;254;254m██[38;2;255;255;255m████[38;2;254;254;254m█[38;2;255;255;251m█[38;2;255;255;255m█[38;2;139;138;178m█[38;2;0;0;27m█[38;2;5;5;130m█[38;2;4;4;129m█[38;2;13;15;6m██[38;2;13;13;16m██
██[38;2;13;15;4m██[38;2;5;5;117m█[38;2;6;6;118m█[38;2;0;0;83m█[38;2;5;4;89m█[38;2;176;178;166m█[38;2;255;255;246m█[38;2;255;255;255m█[38;2;196;196;194m█[38;2;73;74;63m█[38;2;77;79;68m█[38;2;203;203;203m█[38;2;255;255;255m█[38;2;255;255;254m█[38;2;185;185;182m█[38;2;65;66;55m█[38;2;84;86;75m█[38;2;212;212;212m█[38;2;255;255;255m█[38;2;255;255;245m█[38;2;172;173;161m█[38;2;5;4;89m█[38;2;0;0;83m█[38;2;6;6;118m█[38;2;5;5;117m█[38;2;13;15;4m██[38;2;13;13;16m██
██[38;2;13;13;9m██[38;2;9;9;66m██[38;2;3;3;178m█[38;2;0;0;165m█[38;2;0;0;0m█[38;2;46;46;44m█[38;2;52;52;52m█[38;2;2;2;2m█[38;2;0;0;72m█[38;2;0;0;70m█[38;2;4;4;2m█[38;2;53;53;51m█[38;2;48;48;52m█[38;2;0;0;2m█[38;2;0;0;73m█[38;2;0;0;70m█[38;2;9;9;4m█[38;2;56;56;52m█[38;2;44;44;44m█[38;2;0;0;0m█[38;2;0;0;167m█[38;2;3;3;180m█[38;2;10;10;69m█[38;2;9;9;68m█[38;2;13;13;9m██[38;2;13;13;16m██
████[38;2;13;13;13m██[38;2;2;2;179m█[38;2;3;3;180m█[38;2;0;0;182m█[38;2;0;0;172m█[38;2;0;0;159m█[38;2;0;0;168m█[38;2;0;0;244m██[38;2;0;0;168m█[38;2;0;0;158m█[38;2;0;0;165m█[38;2;0;0;175m█[38;2;0;0;244m██[38;2;0;0;160m█[38;2;0;0;151m█[38;2;0;0;174m█[38;2;0;0;183m█[38;2;3;3;182m█[38;2;2;2;181m█[38;2;13;13;13m████[38;2;13;13;16m██
████[38;2;13;13;9m██[38;2;11;10;45m██[38;2;2;0;194m█[38;2;3;1;195m██[38;2;2;0;194m█[38;2;9;8;98m██[38;2;0;1;196m█[38;2;1;2;197m█[38;2;3;2;190m█[38;2;2;1;189m█[38;2;8;6;97m█[38;2;9;8;98m█[38;2;0;1;202m█[38;2;1;2;203m█[38;2;3;2;193m█[38;2;2;1;192m█[38;2;11;10;45m██[38;2;13;13;9m██[38;2;13;13;16m████
██████[38;2;13;13;11m██[38;2;13;13;17m██[38;2;13;13;19m██[38;2;13;15;4m██[38;2;13;13;19m██[38;2;13;13;17m██[38;2;13;15;4m██[38;2;13;13;19m██[38;2;13;13;17m██[38;2;13;13;11m██[38;2;13;13;16m██████
████████[38;2;13;13;13m████[38;2;13;13;16m██[38;2;13;13;13m████[38;2;13;13;16m██[38;2;13;13;13m████[38;2;13;13;16m████████
████████████████████████████████
████████████████████████████████