[38;2;13;13;16m██████████[38;2;13;15;6m██[38;2;11;10;45m██[38;2;6;6;119m████[38;2;11;10;47m██[38;2;13;15;6m██[38;2;13;13;16m██████████
████████[38;2;13;15;4m██[38;2;8;6;91m█[38;2;9;8;93m█[38;2;0;0;212m█[38;2;0;0;210m█[38;2;0;0;175m█[38;2;0;0;172m█[38;2;0;0;169m█[38;2;0;0;173m█[38;2;0;0;210m█[38;2;0;0;212m█[38;2;9;8;93m█[38;2;8;6;91m█[38;2;13;15;4m██[38;2;13;13;16m████████
██████[38;2;13;15;6m██[38;2;9;9;68m█[38;2;10;10;69m█[38;2;1;2;201m█[38;2;0;0;193m█[38;2;0;0;39m█[38;2;0;0;44m█[38;2;19;20;10m█[38;2;38;39;28m██[38;2;19;20;10m█[38;2;0;0;44m█[38;2;0;0;39m█[38;2;0;0;193m█[38;2;1;2;201m█[38;2;10;10;69m█[38;2;9;9;68m█[38;2;13;15;6m██[38;2;13;13;16m██████
████[38;2;13;13;13m██[38;2;13;13;17m██[38;2;3;2;175m█[38;2;2;1;174m█[38;2;0;0;41m█[38;2;3;4;55m█[38;2;103;104;90m█[38;2;193;194;180m█[38;2;235;235;235m█[38;2;249;249;249m██[38;2;235;235;235m█[38;2;193;194;180m█[38;2;103;104;90m█[38;2;3;4;55m█[38;2;0;0;41m█[38;2;1;1;174m█[38;2;2;2;175m█[38;2;13;13;17m██[38;2;13;13;13m██[38;2;13;13;16m████
████[38;2;13;15;6m██[38;2;8;8;87m█[38;2;9;9;88m█[38;2;3;3;130m█[38;2;0;0;107m█[38;2;61;62;48m█[38;2;215;216;202m█[38;2;255;255;255m████████[38;2;215;216;202m█[38;2;61;62;48m█[38;2;0;0;107m█[38;2;3;3;130m█[38;2;9;9;88m█[38;2;8;8;87m█[38;2;13;15;6m██[38;2;13;13;16m████
████[38;2;13;13;9m██[38;2;5;4;147m██[38;2;0;0;24m█[38;2;79;77;115m█[38;2;252;252;247m█[38;2;255;255;255m█[38;2;253;253;253m████████[38;2;255;255;255m█[38;2;252;252;247m█[38;2;79;77;117m█[38;2;0;0;26m█[38;2;5;4;147m██[38;2;13;13;9m██[38;2;13;13;16m████
██[38;2;13;13;13m██[38;2;11;11;37m██[38;2;6;5;146m█[38;2;0;0;127m█[38;2;47;47;42m█[38;2;247;247;243m█[38;2;255;255;255m█[38;2;253;253;253m██████████[38;2;255;255;255m█[38;2;247;247;243m█[38;2;47;47;42m█[38;2;0;0;127m█[38;2;6;5;146m█[38;2;11;11;37m██[38;2;13;13;13m██[38;2;13;13;16m██
██[38;2;13;13;9m██[38;2;9;9;73m█[38;2;10;10;74m█[38;2;3;4;108m█[38;2;0;0;94m█[38;2;193;194;182m█[38;2;255;255;255m███[38;2;253;253;253m██████████[38;2;255;255;254m█[38;2;193;194;182m█[38;2;0;0;94m█[38;2;3;4;108m█[38;2;10;10;74m█[38;2;9;9;73m█[38;2;13;13;9m██[38;2;13;13;16m██
██[38;2;13;15;6m██[38;2;8;6;100m█[38;2;9;8;101m█[38;2;0;0;60m█[38;2;59;60;127m█[38;2;255;255;255m█[38;2;214;215;204m█[38;2;109;109;109m█[38;2;198;198;198m█[38;2;255;255;255m██[38;2;253;253;253m███[38;2;254;254;254m█████[38;2;254;255;245m█[38;2;255;255;251m█[38;2;59;60;127m█[38;2;0;0;60m█[38;2;10;9;102m█[38;2;8;6;100m█[38;2;13;15;6m██[38;2;13;13;16m██
██[38;2;13;15;6m██[38;2;5;5;117m█[38;2;6;6;118m█[38;2;0;0;32m█[38;2;140;141;187m█[38;2;255;255;255m█[38;2;158;158;153m█[38;2;0;0;0m██[38;2;90;90;90m█[38;2;211;211;211m█[38;2;255;255;255m█[38;2;253;253;253m█[38;2;255;255;255m██[38;2;253;253;253m███[38;2;254;254;254m█[38;2;255;255;254m█[38;2;255;255;255m█[38;2;140;141;187m█[38;2;0;0;32m█[38;2;6;6;118m█[38;2;5;5;117m█[38;2;13;15;6m██[38;2;13;13;16m██
██[38;2;13;13;9m██[38;2;5;5;123m█[38;2;4;4;122m█[38;2;0;0;25m█[38;2;190;189;222m█[38;2;255;255;255m█[38;2;252;252;247m█[38;2;175;175;175m█[38;2;46;46;46m█[38;2;0;0;0m██[38;2;132;132;132m█[38;2;255;255;255m█[38;2;180;180;180m█[38;2;40;40;40m█[38;2;42;42;42m█[38;2;44;44;44m█[38;2;42;42;42m█[38;2;37;37;37m█[38;2;157;157;152m█[38;2;255;255;255m█[38;2;190;189;222m█[38;2;0;0;25m█[38;2;4;4;122m█[38;2;5;5;123m█[38;2;13;13;9m██[38;2;13;13;16m██
██[38;2;13;13;9m██[38;2;6;5;126m█[38;2;3;2;123m█[38;2;0;0;25m█[38;2;207;207;232m█[38;2;255;255;255m██[38;2;210;210;210m█[38;2;67;67;67m█[38;2;0;0;0m██[38;2;108;108;108m█[38;2;255;255;255m█[38;2;164;164;164m█[38;2;9;9;9m█[38;2;15;15;15m███[38;2;6;6;6m█[38;2;137;137;134m█[38;2;255;255;255m█[38;2;207;207;232m█[38;2;0;0;25m█[38;2;2;2;123m█[38;2;4;4;125m█[38;2;13;13;9m██[38;2;13;13;16m██
██[38;2;13;13;9m██[38;2;5;5;126m█[38;2;2;2;123m█[38;2;0;0;25m█[38;2;208;208;233m█[38;2;255;255;255m█[38;2;168;168;166m█[38;2;0;0;0m██[38;2;58;58;58m█[38;2;181;181;181m█[38;2;255;255;255m█[38;2;254;254;254m█[38;2;255;255;255m█[38;2;240;240;240m█[38;2;237;237;237m███[38;2;238;238;238m█[38;2;254;254;252m█[38;2;255;255;255m█[38;2;208;208;233m█[38;2;0;0;25m█[38;2;2;2;123m█[38;2;4;4;125m█[38;2;13;13;9m██[38;2;13;13;16m██
██[38;2;13;13;9m██[38;2;5;5;126m█[38;2;2;2;123m█[38;2;0;0;25m█[38;2;208;208;233m█[38;2;255;255;255m█[38;2;197;197;195m█[38;2;70;70;70m█[38;2;168;168;168m█[38;2;255;255;255m██[38;2;254;254;254m█[38;2;253;253;253m██[38;2;255;255;255m█████[38;2;254;254;252m█[38;2;255;255;255m█[38;2;208;208;233m█[38;2;0;0;25m█[38;2;2;2;123m█[38;2;4;4;125m█[38;2;13;13;9m██[38;2;13;13;16m██
██[38;2;13;13;9m██[38;2;5;5;126m█[38;2;2;2;123m█[38;2;0;0;25m█[38;2;208;208;233m█[38;2;255;255;255m████[38;2;254;254;254m█[38;2;253;253;253m█████████[38;2;253;253;251m█[38;2;255;255;255m█[38;2;208;208;233m█[38;2;0;0;25m█[38;2;2;2;123m█[38;2;4;4;125m█[38;2;13;13;9m██[38;2;13;13;16m██
██[38;2;13;13;9m██[38;2;5;5;126m█[38;2;2;2;123m█[38;2;0;0;25m█[38;2;208;208;233m█[38;2;255;255;255m█[38;2;253;253;251m█[38;2;253;253;253m████████████[38;2;253;253;251m█[38;2;255;255;255m█[38;2;208;208;233m█[38;2;0;0;25m█[38;2;2;2;123m█[38;2;4;4;125m█[38;2;13;13;9m██[38;2;13;13;16m██
██[38;2;13;13;9m██[38;2;5;5;126m█[38;2;2;2;123m█[38;2;0;0;25m█[38;2;208;208;233m█[38;2;255;255;255m█[38;2;253;253;251m█[38;2;253;253;253m████████████[38;2;253;253;251m█[38;2;255;255;255m█[38;2;208;208;233m█[38;2;0;0;25m█[38;2;2;2;123m█[38;2;4;4;125m█[38;2;13;13;9m██[38;2;13;13;16m██
██[38;2;13;13;9m██[38;2;5;5;126m█[38;2;2;2;123m█[38;2;0;0;25m█[38;2;208;208;233m█[38;2;255;255;255m█[38;2;253;253;251m█[38;2;253;253;253m████████████[38;2;253;253;251m█[38;2;255;255;255m█[38;2;208;208;233m█[38;2;0;0;25m█[38;2;2;2;123m█[38;2;4;4;125m█[38;2;13;13;9m██[38;2;13;13;16m██
██[38;2;13;13;9m██[38;2;5;5;126m█[38;2;2;2;123m█[38;2;0;0;25m█[38;2;208;208;233m█[38;2;255;255;255m█[38;2;253;253;251m█[38;2;253;253;253m████████████[38;2;253;253;251m█[38;2;255;255;255m█[38;2;208;208;233m█[38;2;0;0;25m█[38;2;2;2;123m█[38;2;4;4;125m█[38;2;13;13;9m██[38;2;13;13;16m██
██[38;2;13;13;9m██[38;2;5;5;126m█[38;2;2;2;123m█[38;2;0;0;25m█[38;2;208;208;233m█[38;2;255;255;255m█[38;2;253;253;251m█[38;2;253;253;253m████████████[38;2;253;253;251m█[38;2;255;255;255m█[38;2;208;208;233m█[38;2;0;0;25m█[38;2;2;2;123m█[38;2;4;4;125m█[38;2;13;13;9m██[38;2;13;13;16m██
██[38;2;13;13;9m██[38;2;5;5;126m█[38;2;2;2;123m█[38;2;0;0;25m█[38;2;207;207;232m█[38;2;255;255;255m█[38;2;253;253;251m█[38;2;253;253;253m████████████[38;2;253;253;251m█[38;2;255;255;255m█[38;2;207;207;232m█[38;2;0;0;25m█[38;2;2;2;123m█[38;2;4;4;125m█[38;2;13;13;9m██[38;2;13;13;16m██
██[38;2;13;13;9m██[38;2;5;5;126m█[38;2;2;2;123m█[38;2;0;0;25m█[38;2;208;208;233m█[38;2;255;255;255m█[38;2;253;253;251m█[38;2;253;253;253m████████████[38;2;253;253;251m█[38;2;255;255;255m█[38;2;208;208;233m█[38;2;0;0;25m█[38;2;2;2;123m█[38;2;4;4;125m█[38;2;13;13;9m██[38;2;13;13;16m██
██[38;2;13;13;9m██[38;2;5;5;126m█[38;2;2;2;123m█[38;2;0;0;25m█[38;2;209;209;235m█[38;2;255;255;255m█[38;2;253;253;251m█[38;2;253;253;253m████████████[38;2;253;253;251m█[38;2;255;255;255m█[38;2;208;208;233m█[38;2;0;0;25m█[38;2;2;2;123m█[38;2;4;4;125m█[38;2;13;13;9m██[38;2;13;13;16m██
██[38;2;13;13;9m██[38;2;4;4;131m██[38;2;0;0;23m█[38;2;165;164;198m█[38;2;255;255;255m█[38;2;253;253;249m█[38;2;253;253;253m█[38;2;255;255;255m████[38;2;253;253;253m██[38;2;255;255;255m████[38;2;253;253;253m█[38;2;253;253;249m█[38;2;255;255;255m█[38;2;164;162;197m█[38;2;0;0;23m█[38;2;4;4;131m██[38;2;13;13;9m██[38;2;13;13;16m██
██[38;2;13;15;4m██[38;2;4;4;127m█[38;2;6;6;130m█[38;2;0;0;66m█[38;2;28;28;100m█[38;2;222;223;212m█[38;2;255;255;255m██[38;2;240;240;240m█[38;2;136;137;129m█[38;2;129;130;122m█[38;2;232;232;232m█[38;2;255;255;255m██[38;2;233;233;233m█[38;2;127;129;120m█[38;2;134;136;127m█[38;2;240;240;240m█[38;2;255;255;255m██[38;2;222;223;212m█[38;2;28;28;100m█[38;2;0;0;66m█[38;2;6;6;130m█[38;2;4;4;127m█[38;2;13;15;4m██[38;2;13;13;16m██
██[38;2;13;15;6m██[38;2;8;6;91m█[38;2;9;8;93m█[38;2;3;3;160m█[38;2;0;0;141m█[38;2;19;18;5m█[38;2;101;100;87m█[38;2;110;111;101m█[38;2;35;37;26m█[38;2;0;0;25m█[38;2;0;0;24m█[38;2;27;28;20m█[38;2;105;107;98m██[38;2;27;28;20m█[38;2;0;0;24m█[38;2;0;0;25m█[38;2;35;37;26m█[38;2;109;110;100m█[38;2;100;98;86m█[38;2;19;18;5m█[38;2;0;0;141m█[38;2;3;3;160m█[38;2;9;8;93m█[38;2;8;6;91m█[38;2;13;15;6m██[38;2;13;13;16m██
██[38;2;13;13;13m██[38;2;11;12;30m██[38;2;0;0;210m██[38;2;0;0;125m█[38;2;0;0;112m█[38;2;0;0;96m█[38;2;0;0;107m█[38;2;0;0;228m██[38;2;0;0;116m█[38;2;0;0;104m██[38;2;0;0;116m█[38;2;0;0;228m██[38;2;0;0;107m█[38;2;0;0;96m█[38;2;0;0;112m█[38;2;0;0;125m█[38;2;0;0;210m██[38;2;11;12;30m██[38;2;13;13;13m██[38;2;13;13;16m██
████[38;2;13;15;6m██[38;2;8;6;100m█[38;2;9;8;101m█[38;2;0;0;245m██[38;2;0;0;244m██[38;2;2;2;181m██[38;2;0;0;239m████[38;2;2;2;181m██[38;2;0;0;242m██[38;2;0;0;245m██[38;2;6;9;101m█[38;2;5;8;100m█[38;2;13;15;6m██[38;2;13;13;16m████
██████[38;2;13;13;11m██[38;2;9;9;73m██[38;2;9;9;80m█[38;2;8;8;79m█[38;2;13;13;16m██[38;2;9;9;74m████[38;2;13;13;16m██[38;2;8;9;76m██[38;2;9;9;73m██[38;2;13;13;11m██[38;2;13;13;16m██████
████████[38;2;13;15;6m████[38;2;13;13;13m██[38;2;13;15;6m████[38;2;13;13;13m██[38;2;13;15;6m████[38;2;13;13;16m████████
████████████████████████████████
████████████████████████████████