[38;2;13;13;16m██████████████[38;2;13;13;13m████[38;2;13;13;16m██████████████
██████████[38;2;13;13;13m██[38;2;13;15;6m██[38;2;13;13;16m████[38;2;13;15;6m██[38;2;13;13;13m██[38;2;13;13;16m██████████
████████[38;2;13;13;11m██[38;2;13;13;17m██[38;2;6;6;124m██[38;2;2;0;200m██[38;2;0;1;200m█[38;2;1;2;201m█[38;2;6;6;119m██[38;2;13;13;16m██[38;2;13;13;13m██[38;2;13;13;16m████████
██████[38;2;13;13;13m██[38;2;13;13;16m██[38;2;3;3;165m█[38;2;4;4;166m█[38;2;0;0;182m█[38;2;0;0;172m█[38;2;0;0;70m█[38;2;0;0;68m█[38;2;0;0;70m█[38;2;0;0;73m█[38;2;0;0;173m█[38;2;0;0;183m█[38;2;4;4;161m█[38;2;3;3;160m█[38;2;13;13;13m████[38;2;13;13;16m██████
██████[38;2;13;15;4m██[38;2;5;5;123m█[38;2;6;6;124m█[38;2;1;2;153m█[38;2;0;0;134m█[38;2;0;0;0m█[38;2;48;48;44m█[38;2;101;102;90m█[38;2;130;131;119m█[38;2;129;130;118m█[38;2;98;100;88m█[38;2;45;45;42m█[38;2;0;0;0m█[38;2;0;0;140m█[38;2;1;1;158m█[38;2;8;8;119m█[38;2;5;5;117m█[38;2;13;15;4m██[38;2;13;13;16m██████
████[38;2;13;13;11m██[38;2;11;10;42m██[38;2;4;3;176m█[38;2;0;0;166m█[38;2;0;0;0m█[38;2;79;79;84m█[38;2;201;201;196m█[38;2;254;254;250m█[38;2;255;255;255m████[38;2;253;253;249m█[38;2;195;195;190m█[38;2;72;70;82m█[38;2;0;0;1m█[38;2;0;0;167m█[38;2;3;3;176m█[38;2;11;11;38m██[38;2;13;13;11m██[38;2;13;13;16m████
████[38;2;13;15;4m██[38;2;5;5;120m█[38;2;8;8;123m█[38;2;0;0;84m█[38;2;0;0;81m█[38;2;154;155;144m█[38;2;255;255;252m█[38;2;255;255;255m█[38;2;254;254;254m█[38;2;253;253;253m████[38;2;254;254;254m█[38;2;255;255;255m█[38;2;255;255;251m█[38;2;143;144;132m█[38;2;0;0;83m█[38;2;0;1;93m█[38;2;8;8;117m█[38;2;5;5;115m█[38;2;13;15;4m██[38;2;13;13;16m████
████[38;2;13;13;19m██[38;2;3;4;153m█[38;2;0;0;147m█[38;2;0;0;9m█[38;2;167;166;180m█[38;2;255;255;255m█[38;2;254;254;252m█[38;2;253;253;253m████████[38;2;255;255;253m█[38;2;255;255;255m█[38;2;150;151;168m█[38;2;0;0;9m█[38;2;0;1;148m█[38;2;3;4;152m█[38;2;13;13;16m██████
██[38;2;13;13;11m██[38;2;9;11;53m██[38;2;5;5;130m█[38;2;0;0;105m█[38;2;113;115;104m█[38;2;255;255;255m█[38;2;253;253;253m███████████[38;2;254;254;254m█[38;2;255;255;255m█[38;2;96;97;89m█[38;2;0;0;111m█[38;2;5;5;134m█[38;2;11;10;47m██[38;2;13;13;11m██[38;2;13;13;16m██
██[38;2;13;15;6m██[38;2;8;8;87m█[38;2;9;9;88m█[38;2;0;0;84m█[38;2;17;16;103m█[38;2;237;238;228m█[38;2;255;255;249m█[38;2;253;253;253m█[38;2;255;255;255m██[38;2;254;254;254m█[38;2;253;253;253m████████[38;2;255;255;250m█[38;2;225;226;215m█[38;2;6;5;98m█[38;2;2;1;94m█[38;2;9;9;82m█[38;2;8;8;81m█[38;2;13;15;6m██[38;2;13;13;16m██
██[38;2;13;15;6m██[38;2;5;6;110m█[38;2;6;8;111m█[38;2;0;0;41m█[38;2;104;105;159m█[38;2;255;255;255m█[38;2;253;254;246m█[38;2;253;253;253m█[38;2;166;166;166m█[38;2;181;181;181m█[38;2;255;255;255m██[38;2;253;253;253m███████[38;2;253;254;246m█[38;2;255;255;255m█[38;2;84;84;146m█[38;2;0;0;51m█[38;2;6;8;105m█[38;2;5;6;104m█[38;2;13;15;6m██[38;2;13;13;16m██
██[38;2;13;15;6m██[38;2;5;5;120m██[38;2;0;0;24m█[38;2;175;174;209m█[38;2;255;255;255m█[38;2;255;255;252m█[38;2;240;240;240m█[38;2;12;12;12m█[38;2;0;0;0m█[38;2;83;83;83m█[38;2;216;216;216m█[38;2;255;255;255m█[38;2;254;254;254m██[38;2;255;255;255m██████[38;2;154;157;196m█[38;2;0;0;27m█[38;2;6;6;118m█[38;2;5;5;117m█[38;2;13;15;6m██[38;2;13;13;16m██
██[38;2;13;13;9m██[38;2;5;5;126m█[38;2;2;2;123m█[38;2;0;0;25m█[38;2;208;208;233m█[38;2;255;255;255m█[38;2;253;253;251m█[38;2;255;255;255m█[38;2;189;189;189m█[38;2;56;56;56m█[38;2;0;0;0m█[38;2;5;5;5m█[38;2;127;127;127m█[38;2;253;253;253m█[38;2;249;249;249m█[38;2;137;137;137m█[38;2;104;104;104m█[38;2;109;109;109m██[38;2;104;104;100m█[38;2;158;158;153m█[38;2;192;190;223m█[38;2;0;0;26m█[38;2;4;4;122m█[38;2;5;5;123m█[38;2;13;13;9m██[38;2;13;13;16m██
██[38;2;13;13;9m██[38;2;5;5;126m█[38;2;1;1;122m█[38;2;4;4;27m█[38;2;215;215;238m█[38;2;255;255;255m█[38;2;253;253;251m█[38;2;254;254;254m█[38;2;255;255;255m█[38;2;197;197;197m█[38;2;18;18;18m█[38;2;0;0;0m█[38;2;6;6;6m█[38;2;238;238;238m█[38;2;230;230;230m█[38;2;3;3;3m█[38;2;0;0;0m████[38;2;30;30;25m█[38;2;189;189;216m█[38;2;0;0;26m█[38;2;3;4;122m█[38;2;4;5;123m█[38;2;13;13;9m██[38;2;13;13;16m██
██[38;2;13;13;9m██[38;2;5;5;126m█[38;2;1;1;122m█[38;2;4;4;27m█[38;2;215;215;238m█[38;2;255;255;255m█[38;2;254;254;252m█[38;2;253;253;253m█[38;2;116;116;116m█[38;2;0;0;0m██[38;2;62;62;62m█[38;2;200;200;200m█[38;2;255;255;255m█[38;2;254;254;254m█[38;2;209;209;209m█[38;2;188;188;188m█[38;2;190;190;190m██[38;2;188;188;183m█[38;2;223;223;218m█[38;2;202;202;229m█[38;2;0;0;24m█[38;2;3;4;122m█[38;2;4;5;123m█[38;2;13;13;9m██[38;2;13;13;16m██
██[38;2;13;13;9m██[38;2;6;5;126m█[38;2;2;1;122m█[38;2;3;3;26m█[38;2;214;214;237m█[38;2;255;255;255m█[38;2;255;255;253m█[38;2;242;242;242m█[38;2;27;27;27m█[38;2;25;25;25m█[38;2;162;162;162m█[38;2;255;255;255m██[38;2;253;253;253m██[38;2;255;255;255m██████[38;2;200;200;229m█[38;2;0;0;26m█[38;2;3;4;122m█[38;2;4;5;123m█[38;2;13;13;9m██[38;2;13;13;16m██
██[38;2;13;13;9m██[38;2;6;5;126m█[38;2;2;1;122m█[38;2;3;3;26m█[38;2;214;214;237m█[38;2;255;255;255m█[38;2;253;253;251m█[38;2;255;255;255m█[38;2;229;229;229m█[38;2;238;238;238m█[38;2;255;255;255m█[38;2;254;254;254m█[38;2;253;253;253m███████[38;2;253;253;249m█[38;2;255;255;255m█[38;2;200;200;229m█[38;2;0;0;26m█[38;2;3;3;124m█[38;2;4;4;125m█[38;2;13;13;9m██[38;2;13;13;16m██
██[38;2;13;13;9m██[38;2;6;5;126m█[38;2;2;1;122m█[38;2;3;3;26m█[38;2;214;214;237m█[38;2;255;255;255m█[38;2;253;253;251m█[38;2;253;253;253m█[38;2;255;255;255m██[38;2;253;253;253m█████████[38;2;253;253;249m█[38;2;255;255;255m█[38;2;201;201;228m█[38;2;0;0;24m█[38;2;3;4;122m█[38;2;4;5;123m█[38;2;13;13;9m██[38;2;13;13;16m██
██[38;2;13;13;9m██[38;2;6;5;126m█[38;2;2;1;122m█[38;2;3;3;26m█[38;2;214;214;237m█[38;2;255;255;255m█[38;2;253;253;251m█[38;2;253;253;253m████████████[38;2;253;253;249m█[38;2;255;255;255m█[38;2;201;201;228m█[38;2;0;0;24m█[38;2;3;4;122m█[38;2;4;5;123m█[38;2;13;13;9m██[38;2;13;13;16m██
██[38;2;13;13;9m██[38;2;6;5;126m█[38;2;2;1;122m█[38;2;3;3;28m█[38;2;212;212;238m█[38;2;255;255;255m█[38;2;253;253;251m█[38;2;253;253;253m████████████[38;2;253;253;249m█[38;2;255;255;255m█[38;2;202;202;229m█[38;2;0;0;24m█[38;2;4;4;122m█[38;2;6;6;124m█[38;2;13;13;9m██[38;2;13;13;16m██
██[38;2;13;13;9m██[38;2;6;5;126m█[38;2;3;2;123m█[38;2;2;2;27m█[38;2;212;212;238m█[38;2;255;255;255m█[38;2;253;253;251m█[38;2;253;253;253m████████████[38;2;253;253;249m█[38;2;255;255;255m█[38;2;202;202;229m█[38;2;0;0;24m█[38;2;4;3;124m█[38;2;5;4;125m█[38;2;13;13;9m██[38;2;13;13;16m██
██[38;2;13;13;9m██[38;2;6;5;126m█[38;2;3;2;123m█[38;2;2;2;27m█[38;2;211;211;237m█[38;2;255;255;255m█[38;2;253;253;251m█[38;2;253;253;253m████████████[38;2;253;253;251m█[38;2;255;255;255m█[38;2;203;203;230m█[38;2;0;0;25m█[38;2;2;2;123m█[38;2;5;5;126m█[38;2;13;13;9m██[38;2;13;13;16m██
██[38;2;13;13;9m██[38;2;5;5;126m█[38;2;2;2;123m█[38;2;2;2;27m█[38;2;211;211;237m█[38;2;255;255;255m█[38;2;253;253;251m█[38;2;253;253;253m████████████[38;2;253;253;251m█[38;2;255;255;255m█[38;2;203;203;230m█[38;2;0;0;25m█[38;2;2;2;123m█[38;2;5;5;126m█[38;2;13;13;9m██[38;2;13;13;16m██
██[38;2;13;13;9m██[38;2;4;4;125m█[38;2;2;2;123m█[38;2;2;2;27m█[38;2;211;211;237m█[38;2;255;255;255m█[38;2;253;253;251m█[38;2;253;253;253m████████████[38;2;253;253;251m█[38;2;255;255;255m█[38;2;205;205;232m█[38;2;0;0;26m█[38;2;2;2;123m█[38;2;5;5;126m█[38;2;13;13;9m██[38;2;13;13;16m██
██[38;2;13;13;9m██[38;2;4;4;125m█[38;2;3;3;124m█[38;2;0;0;24m█[38;2;204;204;231m█[38;2;255;255;255m█[38;2;253;253;251m█[38;2;253;253;253m███[38;2;254;254;254m█[38;2;255;255;255m█[38;2;253;253;253m████[38;2;254;254;254m█[38;2;255;255;255m█[38;2;253;253;253m█[38;2;253;253;249m█[38;2;255;255;255m█[38;2;200;200;226m█[38;2;0;0;22m█[38;2;3;3;124m█[38;2;5;5;126m█[38;2;13;13;9m██[38;2;13;13;16m██
██[38;2;13;15;6m██[38;2;5;5;120m█[38;2;6;6;122m█[38;2;0;0;31m█[38;2;115;117;159m█[38;2;253;254;246m█[38;2;255;255;253m█[38;2;255;255;255m████[38;2;244;244;244m█[38;2;255;255;255m█████[38;2;244;244;244m█[38;2;255;255;255m█[38;2;255;255;253m█[38;2;255;255;255m█[38;2;115;116;161m█[38;2;0;0;33m█[38;2;6;6;119m█[38;2;5;5;118m█[38;2;13;15;6m██[38;2;13;13;16m██
██[38;2;13;15;6m██[38;2;8;6;94m█[38;2;9;8;95m█[38;2;1;2;97m█[38;2;0;0;90m█[38;2;26;26;8m█[38;2;100;100;81m█[38;2;221;221;221m█[38;2;246;246;246m█[38;2;210;210;205m█[38;2;80;80;75m█[38;2;23;24;16m█[38;2;111;112;104m█[38;2;226;226;226m█[38;2;246;246;246m█[38;2;200;200;195m█[38;2;68;68;63m█[38;2;24;25;17m█[38;2;125;126;118m█[38;2;230;229;216m█[38;2;144;143;130m█[38;2;0;0;89m█[38;2;3;1;97m█[38;2;9;8;95m█[38;2;8;6;94m█[38;2;13;15;6m██[38;2;13;13;16m██
██[38;2;13;13;11m██[38;2;11;11;34m██[38;2;2;1;189m█[38;2;0;0;183m█[38;2;0;0;104m█[38;2;0;0;94m█[38;2;9;10;0m█[38;2;30;31;20m█[38;2;0;1;52m█[38;2;0;0;41m█[38;2;0;0;103m█[38;2;0;0;90m█[38;2;11;12;1m█[38;2;28;30;18m█[38;2;0;0;58m█[38;2;0;0;52m█[38;2;0;0;96m█[38;2;0;0;86m█[38;2;5;6;24m█[38;2;0;0;10m█[38;2;0;0;167m█[38;2;4;3;176m█[38;2;11;11;38m██[38;2;13;13;11m██[38;2;13;13;16m██
████[38;2;13;15;6m██[38;2;5;6;102m█[38;2;6;8;103m█[38;2;0;1;204m██[38;2;0;0;188m█[38;2;0;0;185m█[38;2;0;0;197m█[38;2;0;1;202m█[38;2;2;0;198m██[38;2;0;0;188m█[38;2;0;0;185m█[38;2;0;0;198m█[38;2;0;1;202m█[38;2;2;0;198m██[38;2;0;0;211m█[38;2;0;0;216m█[38;2;6;8;111m█[38;2;5;6;110m█[38;2;13;15;6m██[38;2;13;13;16m████
██████[38;2;13;13;9m██[38;2;13;12;27m██[38;2;6;8;109m██[38;2;10;11;65m█[38;2;9;10;63m█[38;2;13;12;27m██[38;2;9;6;109m██[38;2;10;11;59m█[38;2;9;10;58m█[38;2;11;11;34m██[38;2;10;9;80m█[38;2;9;8;79m█[38;2;13;13;13m██[38;2;13;13;16m██████
████████[38;2;13;13;13m██[38;2;13;15;4m██[38;2;13;13;9m██[38;2;13;13;13m██[38;2;13;15;4m██[38;2;13;13;9m██[38;2;13;13;11m██[38;2;13;15;6m██[38;2;13;13;16m████████
████████████████████████████████