[38;2;13;13;16m████████████████████████████████
████████████[38;2;13;15;6m████████[38;2;13;13;16m████████████
████████[38;2;13;13;13m██[38;2;13;13;9m██[38;2;8;8;83m█[38;2;9;9;84m█[38;2;3;3;166m████[38;2;9;9;84m█[38;2;8;8;83m█[38;2;13;13;9m██[38;2;13;13;13m██[38;2;13;13;16m████████
████████[38;2;13;15;6m██[38;2;4;4;129m█[38;2;5;5;130m█[38;2;0;0;233m█[38;2;0;0;230m█[38;2;0;0;176m█[38;2;0;0;173m██[38;2;0;0;176m█[38;2;0;0;230m█[38;2;0;0;233m█[38;2;5;5;130m█[38;2;4;4;129m█[38;2;13;13;9m██[38;2;13;13;16m████████
██████[38;2;13;15;4m██[38;2;8;6;95m█[38;2;9;8;96m█[38;2;1;1;211m█[38;2;0;0;203m█[38;2;0;0;40m█[38;2;0;0;42m█[38;2;17;18;8m█[38;2;34;35;25m█[38;2;34;35;27m█[38;2;17;18;10m█[38;2;0;0;42m█[38;2;0;0;40m█[38;2;0;0;203m█[38;2;1;1;211m█[38;2;9;8;96m█[38;2;8;6;95m█[38;2;13;15;4m██[38;2;13;13;16m██████
████[38;2;13;13;13m██[38;2;13;12;27m██[38;2;2;0;196m█[38;2;1;0;195m█[38;2;0;0;42m█[38;2;2;3;54m█[38;2;98;100;86m█[38;2;188;189;175m█[38;2;232;232;232m█[38;2;247;247;247m██[38;2;232;232;232m█[38;2;188;189;175m█[38;2;98;100;86m█[38;2;2;3;54m█[38;2;0;0;42m█[38;2;1;0;195m█[38;2;2;0;196m█[38;2;13;12;27m██[38;2;13;13;13m██[38;2;13;13;16m████
████[38;2;13;15;4m██[38;2;5;6;107m█[38;2;6;8;108m█[38;2;4;3;138m█[38;2;0;0;113m█[38;2;59;58;45m█[38;2;214;212;200m█[38;2;255;255;255m████████[38;2;214;212;200m█[38;2;58;56;44m█[38;2;0;0;115m█[38;2;4;3;138m█[38;2;6;8;108m█[38;2;5;6;107m█[38;2;13;15;4m██[38;2;13;13;16m████
████[38;2;13;13;13m██[38;2;3;3;162m██[38;2;0;0;24m█[38;2;75;74;111m█[38;2;251;251;246m█[38;2;255;255;255m█[38;2;253;253;253m████████[38;2;255;255;255m█[38;2;251;251;246m█[38;2;75;74;111m█[38;2;0;0;24m█[38;2;3;3;162m██[38;2;13;13;13m██[38;2;13;13;16m████
██[38;2;13;13;11m██[38;2;11;10;42m██[38;2;4;5;154m█[38;2;0;0;136m█[38;2;45;45;40m█[38;2;246;246;242m█[38;2;255;255;255m█[38;2;253;253;253m██████████[38;2;255;255;255m█[38;2;246;246;242m█[38;2;45;45;40m█[38;2;0;0;136m█[38;2;4;5;154m█[38;2;11;10;42m██[38;2;13;13;11m██[38;2;13;13;16m██
██[38;2;13;15;6m██[38;2;8;8;81m█[38;2;9;9;82m█[38;2;3;3;112m█[38;2;0;0;97m█[38;2;190;192;180m█[38;2;255;255;254m█[38;2;253;253;253m████████████[38;2;255;255;254m█[38;2;190;192;180m█[38;2;0;0;97m█[38;2;3;3;112m█[38;2;9;9;82m█[38;2;8;8;81m█[38;2;13;15;6m██[38;2;13;13;16m██
██[38;2;13;15;4m██[38;2;5;6;107m█[38;2;6;8;108m█[38;2;0;0;62m█[38;2;58;58;129m█[38;2;255;255;251m█[38;2;254;255;245m█[38;2;255;255;255m█████[38;2;253;253;253m██[38;2;255;255;255m█████[38;2;254;255;245m█[38;2;255;255;251m█[38;2;58;58;129m█[38;2;0;0;62m█[38;2;6;8;108m█[38;2;5;6;107m█[38;2;13;15;4m██[38;2;13;13;16m██
██[38;2;13;15;6m██[38;2;5;5;120m█[38;2;6;6;122m█[38;2;0;0;32m█[38;2;139;140;186m█[38;2;255;255;255m██[38;2;193;193;193m█[38;2;84;84;84m█[38;2;66;66;66m█[38;2;109;109;109m█[38;2;231;231;231m█[38;2;255;255;255m██[38;2;244;244;244m█[38;2;124;124;124m█[38;2;68;68;68m█[38;2;76;76;76m█[38;2;172;172;172m█[38;2;255;255;255m██[38;2;139;140;186m█[38;2;0;0;32m█[38;2;6;6;122m█[38;2;5;5;120m█[38;2;13;15;6m██[38;2;13;13;16m██
██[38;2;13;13;9m██[38;2;5;4;125m█[38;2;4;3;124m█[38;2;0;0;25m█[38;2;190;189;222m█[38;2;255;255;255m█[38;2;189;189;185m█[38;2;26;26;26m█[38;2;117;117;117m█[38;2;161;161;161m█[38;2;70;70;70m█[38;2;52;52;52m█[38;2;247;247;247m█[38;2;255;255;255m█[38;2;75;75;75m█[38;2;66;66;66m█[38;2;150;150;150m█[38;2;134;134;134m█[38;2;18;18;18m█[38;2;165;165;160m█[38;2;255;255;255m█[38;2;190;189;222m█[38;2;0;0;25m█[38;2;3;3;124m█[38;2;4;4;125m█[38;2;13;13;9m██[38;2;13;13;16m██
██[38;2;13;13;9m██[38;2;4;4;125m█[38;2;2;2;123m█[38;2;0;0;25m█[38;2;208;208;233m█[38;2;255;255;255m█[38;2;77;77;75m█[38;2;98;98;98m█[38;2;42;42;42m█[38;2;32;32;32m█[38;2;69;69;69m█[38;2;48;48;48m█[38;2;187;187;187m█[38;2;202;202;202m█[38;2;44;44;44m█[38;2;97;97;97m█[38;2;28;28;28m█[38;2;33;33;33m█[38;2;90;90;90m█[38;2;67;67;65m█[38;2;255;255;255m█[38;2;208;208;233m█[38;2;0;0;25m█[38;2;2;2;123m█[38;2;4;4;125m█[38;2;13;13;9m██[38;2;13;13;16m██
██[38;2;13;13;9m██[38;2;4;4;125m█[38;2;2;2;123m█[38;2;0;0;25m█[38;2;209;209;235m█[38;2;255;255;255m█[38;2;61;61;59m█[38;2;98;98;98m█[38;2;25;25;25m█[38;2;95;95;95m█[38;2;40;40;40m█[38;2;58;58;58m█[38;2;181;181;181m█[38;2;173;173;173m█[38;2;68;68;68m█[38;2;40;40;40m█[38;2;100;100;100m█[38;2;22;22;22m█[38;2;90;90;90m█[38;2;63;63;61m█[38;2;255;255;255m█[38;2;208;208;233m█[38;2;0;0;25m█[38;2;2;2;123m█[38;2;4;4;125m█[38;2;13;13;9m██[38;2;13;13;16m██
██[38;2;13;13;9m██[38;2;4;4;125m█[38;2;2;2;123m█[38;2;0;0;25m█[38;2;208;208;233m█[38;2;255;255;255m█[38;2;89;89;87m█[38;2;86;86;86m█[38;2;56;56;56m██[38;2;30;30;30m█[38;2;63;63;63m█[38;2;246;246;246m█[38;2;207;207;207m█[38;2;37;37;37m█[38;2;103;103;103m█[38;2;38;38;38m█[38;2;55;55;55m█[38;2;20;20;20m█[38;2;161;161;159m█[38;2;255;255;255m█[38;2;208;208;233m█[38;2;0;0;25m█[38;2;2;2;123m█[38;2;4;4;125m█[38;2;13;13;9m██[38;2;13;13;16m██
██[38;2;13;13;9m██[38;2;4;4;125m█[38;2;2;2;123m█[38;2;0;0;25m█[38;2;208;208;233m█[38;2;255;255;255m█[38;2;212;212;210m█[38;2;33;33;33m█[38;2;79;79;79m█[38;2;130;130;130m█[38;2;180;180;180m█[38;2;252;252;252m█[38;2;255;255;255m██[38;2;107;107;107m█[38;2;39;39;39m█[38;2;110;110;110m█[38;2;148;148;148m█[38;2;224;224;224m█[38;2;255;255;255m██[38;2;208;208;233m█[38;2;0;0;25m█[38;2;2;2;123m█[38;2;4;4;125m█[38;2;13;13;9m██[38;2;13;13;16m██
██[38;2;13;13;9m██[38;2;4;4;125m█[38;2;2;2;123m█[38;2;0;0;25m█[38;2;208;208;233m█[38;2;255;255;255m██[38;2;225;225;225m█[38;2;127;127;127m█[38;2;93;93;93m█[38;2;187;187;187m█[38;2;255;255;255m█[38;2;253;253;253m█[38;2;255;255;255m██[38;2;171;171;171m█[38;2;102;102;102m█[38;2;120;120;120m█[38;2;249;249;249m█[38;2;255;255;253m█[38;2;255;255;255m█[38;2;208;208;233m█[38;2;0;0;25m█[38;2;2;2;123m█[38;2;4;4;125m█[38;2;13;13;9m██[38;2;13;13;16m██
██[38;2;13;13;9m██[38;2;4;4;125m█[38;2;2;2;123m█[38;2;0;0;25m█[38;2;208;208;233m█[38;2;255;255;255m█[38;2;253;253;251m█[38;2;255;255;255m████[38;2;252;252;252m█[38;2;253;253;253m██[38;2;254;254;254m█[38;2;255;255;255m███[38;2;254;254;254m█[38;2;253;253;251m█[38;2;255;255;255m█[38;2;208;208;233m█[38;2;0;0;25m█[38;2;2;2;123m█[38;2;4;4;125m█[38;2;13;13;9m██[38;2;13;13;16m██
██[38;2;13;13;9m██[38;2;4;4;125m█[38;2;2;2;123m█[38;2;0;0;25m█[38;2;208;208;233m█[38;2;255;255;255m█[38;2;253;253;251m█[38;2;253;253;253m████████████[38;2;253;253;251m█[38;2;255;255;255m█[38;2;208;208;233m█[38;2;0;0;25m█[38;2;2;2;123m█[38;2;4;4;125m█[38;2;13;13;9m██[38;2;13;13;16m██
██[38;2;13;13;9m██[38;2;4;4;125m█[38;2;2;2;123m█[38;2;0;0;25m█[38;2;208;208;233m█[38;2;255;255;255m█[38;2;253;253;251m█[38;2;253;253;253m████████████[38;2;253;253;251m█[38;2;255;255;255m█[38;2;208;208;233m█[38;2;0;0;25m█[38;2;2;2;123m█[38;2;4;4;125m█[38;2;13;13;9m██[38;2;13;13;16m██
██[38;2;13;13;9m██[38;2;4;4;125m█[38;2;2;2;123m█[38;2;0;0;25m█[38;2;208;208;233m█[38;2;255;255;255m█[38;2;253;253;251m█[38;2;253;253;253m████████████[38;2;253;253;251m█[38;2;255;255;255m█[38;2;208;208;233m█[38;2;0;0;25m█[38;2;2;2;123m█[38;2;4;4;125m█[38;2;13;13;9m██[38;2;13;13;16m██
██[38;2;13;13;9m██[38;2;4;4;125m█[38;2;2;2;123m█[38;2;1;1;26m█[38;2;208;208;233m█[38;2;255;255;255m█[38;2;253;253;251m█[38;2;253;253;253m████████████[38;2;253;253;251m█[38;2;255;255;255m█[38;2;208;208;233m█[38;2;1;1;26m█[38;2;2;2;123m█[38;2;5;5;126m█[38;2;13;13;9m██[38;2;13;13;16m██
██[38;2;13;13;9m██[38;2;5;4;125m█[38;2;3;2;123m█[38;2;0;0;24m█[38;2;205;205;232m█[38;2;255;255;255m█[38;2;253;253;251m█[38;2;253;253;253m████████████[38;2;253;253;251m█[38;2;255;255;255m█[38;2;207;207;232m█[38;2;0;0;24m█[38;2;2;2;123m█[38;2;5;5;126m█[38;2;13;13;9m██[38;2;13;13;16m██
██[38;2;13;15;6m██[38;2;5;5;120m█[38;2;6;6;122m█[38;2;0;0;27m█[38;2;143;141;181m█[38;2;255;255;255m█[38;2;254;254;250m█[38;2;253;253;253m█[38;2;255;255;255m████[38;2;253;253;253m██[38;2;255;255;255m████[38;2;253;253;253m█[38;2;254;254;250m█[38;2;255;255;255m█[38;2;146;145;185m█[38;2;0;0;27m█[38;2;6;6;122m█[38;2;5;5;120m█[38;2;13;15;6m██[38;2;13;13;16m██
██[38;2;13;15;6m██[38;2;8;5;102m█[38;2;9;6;103m█[38;2;0;0;80m█[38;2;9;8;90m█[38;2;186;187;175m█[38;2;255;255;250m█[38;2;255;255;255m█[38;2;215;215;215m█[38;2;91;93;82m█[38;2;83;84;74m█[38;2;204;204;204m█[38;2;255;255;255m██[38;2;204;204;204m█[38;2;83;84;74m█[38;2;90;91;81m█[38;2;215;215;215m█[38;2;255;255;255m█[38;2;255;255;251m█[38;2;190;192;180m█[38;2;11;11;90m█[38;2;0;0;77m█[38;2;9;6;103m█[38;2;8;5;102m█[38;2;13;15;6m██[38;2;13;13;16m██
██[38;2;13;13;11m██[38;2;11;10;49m██[38;2;4;4;166m█[38;2;0;0;152m█[38;2;0;0;0m█[38;2;56;56;54m█[38;2;65;65;60m█[38;2;11;11;6m█[38;2;0;0;62m██[38;2;6;6;6m█[38;2;62;62;62m█[38;2;62;62;60m█[38;2;5;5;3m█[38;2;0;0;62m██[38;2;11;11;6m█[38;2;66;66;61m█[38;2;58;58;53m█[38;2;1;1;0m█[38;2;0;0;150m█[38;2;4;4;164m█[38;2;11;10;51m██[38;2;13;13;11m██[38;2;13;13;16m██
████[38;2;13;15;6m██[38;2;4;3;138m█[38;2;6;5;140m█[38;2;0;0;176m█[38;2;0;0;166m█[38;2;0;0;148m█[38;2;0;0;158m█[38;2;0;0;219m█[38;2;1;0;221m█[38;2;0;0;162m█[38;2;0;0;152m██[38;2;0;0;162m█[38;2;1;0;221m█[38;2;0;0;219m█[38;2;0;0;158m█[38;2;0;0;147m█[38;2;0;0;164m█[38;2;0;0;174m█[38;2;6;5;144m█[38;2;4;3;141m█[38;2;13;15;6m██[38;2;13;13;16m████
████[38;2;13;13;13m██[38;2;13;13;19m██[38;2;5;5;130m██[38;2;5;4;139m██[38;2;11;10;42m██[38;2;5;5;134m████[38;2;11;10;42m██[38;2;5;4;141m██[38;2;5;5;134m██[38;2;13;12;22m██[38;2;13;13;13m██[38;2;13;13;16m████
██████[38;2;13;13;13m██[38;2;13;15;6m██[38;2;13;15;4m██[38;2;13;13;11m██[38;2;13;15;6m████[38;2;13;13;11m██[38;2;13;15;6m████[38;2;13;13;13m██[38;2;13;13;16m██████
████████████████████████████████
████████████████████████████████