[38;2;13;13;16m██████████[38;2;13;13;11m██[38;2;13;13;17m██[38;2;8;8;83m██[38;2;9;6;108m██[38;2;9;11;53m██[38;2;13;15;6m██[38;2;13;13;13m██[38;2;13;13;16m████████
████████[38;2;13;13;11m██[38;2;11;11;32m██[38;2;2;1;183m██[38;2;0;0;209m█[38;2;0;0;204m█[38;2;0;0;183m█[38;2;0;0;185m█[38;2;0;0;209m█[38;2;0;0;212m█[38;2;5;5;129m██[38;2;13;13;11m██[38;2;13;13;13m██[38;2;13;13;16m██████
██████[38;2;13;13;13m████[38;2;3;2;173m█[38;2;4;3;174m█[38;2;0;0;137m█[38;2;0;0;120m█[38;2;0;0;1m█[38;2;10;9;18m█[38;2;23;24;16m█[38;2;20;22;13m█[38;2;2;2;31m█[38;2;0;0;18m█[38;2;0;0;157m█[38;2;0;0;172m█[38;2;6;6;130m█[38;2;5;5;129m█[38;2;13;15;6m██[38;2;13;13;16m██████
██████[38;2;13;15;6m██[38;2;8;6;91m█[38;2;9;8;93m█[38;2;3;3;160m█[38;2;0;0;143m█[38;2;0;1;0m█[38;2;88;89;79m█[38;2;179;179;174m█[38;2;224;224;219m█[38;2;238;238;238m█[38;2;236;236;236m█[38;2;215;216;208m█[38;2;161;162;154m█[38;2;73;73;75m█[38;2;0;0;2m█[38;2;0;0;153m█[38;2;3;3;171m█[38;2;10;10;75m█[38;2;9;9;74m█[38;2;13;15;6m██[38;2;13;13;16m████
██████[38;2;13;13;13m██[38;2;3;3;162m██[38;2;0;0;30m█[38;2;32;31;72m█[38;2;196;197;189m█[38;2;255;255;255m████████[38;2;196;197;189m█[38;2;49;48;86m█[38;2;0;0;24m█[38;2;1;1;160m█[38;2;3;3;162m█[38;2;13;13;16m██████
████[38;2;13;13;11m██[38;2;11;10;49m██[38;2;6;5;148m█[38;2;0;0;129m█[38;2;35;37;28m█[38;2;230;231;223m█[38;2;255;255;255m█[38;2;253;253;253m████████[38;2;255;255;255m█[38;2;251;252;240m█[38;2;93;94;82m█[38;2;0;0;105m█[38;2;4;4;129m█[38;2;10;10;74m█[38;2;9;9;73m█[38;2;13;13;9m██[38;2;13;13;16m██
████[38;2;13;15;6m██[38;2;8;6;94m█[38;2;9;8;95m█[38;2;2;1;91m█[38;2;0;0;87m█[38;2;203;204;193m█[38;2;255;255;254m█[38;2;253;253;253m██████████[38;2;255;255;251m█[38;2;255;255;252m█[38;2;77;79;129m█[38;2;0;0;38m█[38;2;5;5;130m█[38;2;4;4;129m█[38;2;13;15;6m██[38;2;13;13;16m██
████[38;2;13;15;6m██[38;2;5;5;123m█[38;2;6;6;124m█[38;2;0;0;34m█[38;2;102;103;151m█[38;2;255;255;255m█[38;2;253;254;246m█[38;2;253;253;253m███████████[38;2;255;255;255m█[38;2;236;236;239m█[38;2;26;26;30m█[38;2;0;0;131m█[38;2;5;4;143m█[38;2;13;12;22m██[38;2;13;13;13m██
[38;2;13;13;16m████[38;2;13;13;11m██[38;2;5;5;134m█[38;2;1;1;130m█[38;2;0;0;20m█[38;2;207;207;228m█[38;2;255;255;255m█[38;2;253;253;251m█[38;2;253;253;253m████████████[38;2;255;255;255m█[38;2;147;148;138m█[38;2;0;0;103m█[38;2;6;5;126m█[38;2;11;10;47m██[38;2;13;13;11m██
[38;2;13;13;16m████[38;2;13;13;19m██[38;2;5;4;137m█[38;2;0;0;123m█[38;2;45;45;51m█[38;2;253;253;255m█[38;2;254;254;254m█[38;2;253;253;253m█████████████[38;2;255;255;254m█[38;2;169;171;160m█[38;2;0;0;79m█[38;2;3;4;102m█[38;2;10;10;72m█[38;2;9;9;70m█[38;2;13;13;9m██
[38;2;13;13;16m██[38;2;13;13;13m██[38;2;13;12;26m██[38;2;5;5;132m█[38;2;0;0;112m█[38;2;86;86;86m█[38;2;255;255;255m█[38;2;253;253;253m██████████████[38;2;255;255;251m█[38;2;200;201;190m█[38;2;6;6;86m█[38;2;0;0;79m█[38;2;9;9;86m█[38;2;8;8;84m█[38;2;13;15;6m██
[38;2;13;13;16m██[38;2;13;13;13m██[38;2;11;12;30m██[38;2;5;5;130m█[38;2;0;0;108m█[38;2;105;105;103m█[38;2;255;255;255m█[38;2;253;253;253m██████████████[38;2;253;254;244m█[38;2;255;255;255m█[38;2;69;69;143m█[38;2;0;0;63m█[38;2;9;8;93m█[38;2;8;6;91m█[38;2;13;15;6m██
[38;2;13;13;16m██[38;2;13;13;13m██[38;2;11;12;30m██[38;2;6;6;131m█[38;2;0;0;108m█[38;2;108;108;105m█[38;2;255;255;255m█[38;2;253;253;253m██████████████[38;2;254;255;245m█[38;2;255;255;247m█[38;2;59;59;130m█[38;2;0;0;62m█[38;2;9;8;93m█[38;2;8;6;91m█[38;2;13;15;6m██
[38;2;13;13;16m██[38;2;13;13;13m██[38;2;11;12;30m██[38;2;5;5;130m█[38;2;0;0;108m█[38;2;110;110;108m█[38;2;255;255;255m█[38;2;253;253;253m██████████████[38;2;255;255;254m█[38;2;167;168;158m█[38;2;0;0;56m█[38;2;1;1;74m█[38;2;9;8;93m█[38;2;8;6;91m█[38;2;13;15;6m██
[38;2;13;13;16m██[38;2;13;13;13m██[38;2;11;11;32m██[38;2;5;5;130m█[38;2;0;0;107m█[38;2;116;116;111m█[38;2;255;255;255m█[38;2;253;253;253m██████████████[38;2;255;255;250m█[38;2;217;218;208m█[38;2;19;19;95m█[38;2;0;0;73m█[38;2;9;8;90m█[38;2;8;6;89m█[38;2;13;15;6m██
[38;2;13;13;16m██[38;2;13;13;13m██[38;2;11;11;34m██[38;2;6;5;129m█[38;2;0;0;105m█[38;2;124;124;119m█[38;2;255;255;255m█[38;2;253;253;253m██████████████[38;2;253;254;244m█[38;2;255;255;253m█[38;2;56;56;133m█[38;2;0;0;69m█[38;2;9;9;86m█[38;2;8;8;84m█[38;2;13;15;6m██
[38;2;13;13;16m██[38;2;13;13;13m██[38;2;11;11;37m██[38;2;6;5;129m█[38;2;0;0;104m█[38;2;138;138;133m█[38;2;255;255;255m█[38;2;253;253;253m██████████████[38;2;254;255;245m█[38;2;253;254;244m█[38;2;42;41;124m█[38;2;0;0;76m█[38;2;9;9;84m█[38;2;8;8;83m█[38;2;13;15;6m██
[38;2;13;13;16m██[38;2;13;13;11m██[38;2;11;11;40m██[38;2;6;6;124m█[38;2;0;0;100m█[38;2;155;157;148m█[38;2;255;255;255m█[38;2;253;253;253m██████████████[38;2;255;255;246m█[38;2;246;247;237m█[38;2;28;27;115m█[38;2;0;0;84m█[38;2;9;10;77m█[38;2;8;9;76m█[38;2;13;15;6m██
[38;2;13;13;16m██[38;2;13;13;11m██[38;2;11;10;47m██[38;2;5;5;118m█[38;2;0;0;97m█[38;2;176;178;167m█[38;2;255;255;254m█[38;2;253;253;253m██████████████[38;2;255;255;247m█[38;2;236;237;226m█[38;2;12;15;107m█[38;2;0;1;93m█[38;2;10;10;72m█[38;2;9;9;70m█[38;2;13;13;9m██
[38;2;13;13;16m██[38;2;13;13;11m██[38;2;9;10;55m██[38;2;4;4;113m█[38;2;0;0;100m█[38;2;201;202;192m█[38;2;255;255;252m█[38;2;253;253;253m██████████████[38;2;255;255;250m█[38;2;218;219;209m█[38;2;0;0;101m█[38;2;2;3;104m█[38;2;10;11;62m█[38;2;9;10;61m█[38;2;13;13;9m██
[38;2;13;13;16m██[38;2;13;13;9m██[38;2;9;10;63m█[38;2;10;11;65m█[38;2;1;2;102m█[38;2;3;4;104m█[38;2;224;225;215m█[38;2;255;255;249m█[38;2;253;253;253m██████████████[38;2;255;255;253m█[38;2;193;194;183m█[38;2;0;0;97m█[38;2;4;4;113m█[38;2;11;10;51m██[38;2;13;13;11m██
[38;2;13;13;16m██[38;2;13;13;9m██[38;2;9;9;74m█[38;2;10;10;75m█[38;2;0;0;86m█[38;2;25;24;112m█[38;2;244;245;235m█[38;2;255;255;246m█[38;2;253;253;253m██████████████[38;2;255;255;255m█[38;2;162;164;155m█[38;2;0;0;100m█[38;2;6;6;124m█[38;2;11;10;42m██[38;2;13;13;11m██
[38;2;13;13;16m██[38;2;13;15;6m██[38;2;8;8;84m█[38;2;9;9;86m█[38;2;0;0;70m█[38;2;49;49;126m█[38;2;255;255;249m█[38;2;254;255;245m█[38;2;253;253;253m██████████████[38;2;255;255;255m█[38;2;125;125;120m█[38;2;0;0;104m█[38;2;5;5;129m█[38;2;11;11;34m██[38;2;13;13;13m██
[38;2;13;13;16m██[38;2;13;15;6m██[38;2;8;6;95m█[38;2;9;8;96m█[38;2;0;0;77m█[38;2;32;31;113m█[38;2;253;254;244m█[38;2;255;255;247m█[38;2;254;254;254m█[38;2;255;255;255m███[38;2;254;254;254m█[38;2;253;253;253m█[38;2;254;254;254m█[38;2;255;255;255m███[38;2;254;254;254m█[38;2;253;253;253m█[38;2;254;254;254m█[38;2;255;255;255m█[38;2;252;252;254m█[38;2;45;45;47m█[38;2;0;0;129m█[38;2;5;4;143m█[38;2;13;12;24m██[38;2;13;13;13m██
[38;2;13;13;16m██[38;2;13;15;6m██[38;2;8;6;91m█[38;2;9;8;93m█[38;2;4;4;117m█[38;2;0;0;97m█[38;2;136;137;125m█[38;2;255;255;252m█[38;2;255;255;255m█[38;2;185;185;182m█[38;2;90;91;83m█[38;2;148;150;141m█[38;2;254;254;254m█[38;2;255;255;255m██[38;2;173;173;171m█[38;2;89;90;82m█[38;2;161;162;154m█[38;2;255;255;255m██[38;2;254;255;245m█[38;2;166;167;157m█[38;2;59;58;93m█[38;2;0;0;27m█[38;2;3;4;152m██[38;2;13;13;11m██[38;2;13;13;16m██
██[38;2;13;13;9m██[38;2;9;10;58m██[38;2;3;2;185m█[38;2;0;0;176m█[38;2;0;0;0m█[38;2;60;60;58m█[38;2;65;65;70m█[38;2;0;0;4m█[38;2;0;0;37m██[38;2;52;51;35m█[38;2;98;97;82m█[38;2;58;56;70m█[38;2;0;0;9m█[38;2;0;0;32m█[38;2;0;0;34m█[38;2;59;59;40m█[38;2;97;97;79m█[38;2;51;51;56m█[38;2;0;0;0m█[38;2;0;0;145m█[38;2;1;1;162m█[38;2;6;8;111m█[38;2;5;6;110m█[38;2;13;15;4m██[38;2;13;13;16m██
██[38;2;13;13;13m██[38;2;13;13;16m██[38;2;2;1;189m█[38;2;3;2;190m█[38;2;0;0;162m█[38;2;0;0;150m█[38;2;0;0;154m█[38;2;0;0;167m█[38;2;0;0;226m█[38;2;0;0;223m█[38;2;0;0;103m█[38;2;0;0;97m█[38;2;0;0;161m█[38;2;0;0;174m█[38;2;0;0;224m█[38;2;0;0;219m█[38;2;0;0;102m█[38;2;0;0;97m█[38;2;0;0;172m█[38;2;0;0;183m█[38;2;0;0;226m█[38;2;0;0;225m█[38;2;11;11;34m██[38;2;13;13;11m██[38;2;13;13;16m██
████[38;2;13;15;6m██[38;2;9;9;70m█[38;2;10;10;72m█[38;2;0;0;232m█[38;2;0;0;233m█[38;2;1;1;208m█[38;2;0;0;207m█[38;2;3;3;168m██[38;2;0;0;247m██[38;2;1;2;203m█[38;2;0;1;202m█[38;2;3;3;171m██[38;2;0;0;250m██[38;2;1;2;205m█[38;2;0;1;204m█[38;2;10;10;77m█[38;2;9;9;76m█[38;2;13;13;9m██[38;2;13;13;16m████
██████[38;2;13;13;9m██[38;2;11;10;47m██[38;2;11;11;37m██[38;2;13;13;16m██[38;2;9;9;66m██[38;2;11;11;32m██[38;2;13;13;16m██[38;2;9;9;66m██[38;2;11;12;30m██[38;2;13;15;6m██[38;2;13;13;16m██████
████████[38;2;13;13;11m████[38;2;13;13;13m██[38;2;13;15;6m██[38;2;13;13;11m██[38;2;13;13;13m██[38;2;13;15;6m██[38;2;13;13;13m██[38;2;13;13;16m████████
████████████████████████████████
████████████████████████████████