[38;2;13;13;16m██████████████[38;2;13;13;13m████[38;2;13;13;16m██████████████
██████████[38;2;13;13;13m██[38;2;13;15;6m██[38;2;13;12;26m████[38;2;13;15;6m██[38;2;13;13;13m██[38;2;13;13;16m██████████
████████[38;2;13;13;11m██[38;2;13;12;24m██[38;2;5;4;143m██[38;2;0;0;210m████[38;2;5;4;145m██[38;2;13;12;24m██[38;2;13;13;11m██[38;2;13;13;16m████████
██████[38;2;13;13;13m██[38;2;13;13;19m██[38;2;3;2;176m██[38;2;0;0;162m█[38;2;0;0;151m█[38;2;0;0;47m████[38;2;0;0;151m█[38;2;0;0;162m█[38;2;3;2;176m██[38;2;13;13;19m██[38;2;13;13;13m██[38;2;13;13;16m██████
██████[38;2;13;15;4m██[38;2;4;4;133m█[38;2;6;6;136m█[38;2;1;0;138m█[38;2;0;0;119m█[38;2;8;9;0m█[38;2;69;70;60m█[38;2;126;127;117m█[38;2;154;155;145m██[38;2;126;127;117m█[38;2;69;70;60m█[38;2;6;8;0m█[38;2;0;0;119m█[38;2;1;0;138m█[38;2;6;6;133m█[38;2;4;4;131m█[38;2;13;15;4m██[38;2;13;13;16m██████
████[38;2;13;13;11m██[38;2;11;10;47m██[38;2;4;4;172m█[38;2;0;0;159m█[38;2;0;0;0m█[38;2;100;100;102m█[38;2;218;218;216m█[38;2;255;255;255m██████[38;2;218;218;216m█[38;2;100;100;102m█[38;2;0;0;0m█[38;2;0;0;159m█[38;2;4;4;172m█[38;2;11;10;49m██[38;2;13;13;11m██[38;2;13;13;16m████
████[38;2;13;15;4m██[38;2;5;5;123m█[38;2;8;8;125m█[38;2;0;0;75m█[38;2;1;1;80m█[38;2;172;173;161m█[38;2;255;255;255m██[38;2;253;253;253m██████[38;2;255;255;255m██[38;2;172;173;161m█[38;2;1;1;80m█[38;2;0;0;75m█[38;2;8;6;127m█[38;2;5;4;125m█[38;2;13;15;4m██[38;2;13;13;16m████
██[38;2;13;13;13m██[38;2;13;13;19m██[38;2;3;4;152m█[38;2;0;0;145m█[38;2;0;0;9m█[38;2;179;178;189m█[38;2;255;255;255m█[38;2;253;253;251m█[38;2;253;253;253m████████[38;2;253;253;251m█[38;2;255;255;255m█[38;2;179;178;189m█[38;2;0;0;9m█[38;2;0;0;145m█[38;2;3;4;152m█[38;2;13;13;19m██[38;2;13;13;13m██[38;2;13;13;16m██
██[38;2;13;13;11m██[38;2;9;11;53m██[38;2;5;5;130m█[38;2;0;0;104m█[38;2;122;123;112m█[38;2;255;255;255m█[38;2;253;253;253m████████████[38;2;255;255;255m█[38;2;122;123;112m█[38;2;0;0;104m█[38;2;5;5;130m█[38;2;9;11;53m██[38;2;13;13;11m██[38;2;13;13;16m██
██[38;2;13;15;6m██[38;2;8;8;87m█[38;2;9;9;88m█[38;2;0;0;84m█[38;2;18;17;104m█[38;2;238;239;229m█[38;2;255;255;252m█[38;2;255;255;255m██[38;2;253;253;253m██████████[38;2;255;255;249m█[38;2;238;239;229m█[38;2;18;17;104m█[38;2;0;0;84m█[38;2;9;9;88m█[38;2;8;8;87m█[38;2;13;15;6m██[38;2;13;13;16m██
██[38;2;13;15;6m██[38;2;5;6;108m█[38;2;6;8;109m█[38;2;0;0;41m█[38;2;103;104;158m█[38;2;255;255;255m█[38;2;222;223;215m█[38;2;118;118;118m█[38;2;204;204;204m█[38;2;255;255;255m██[38;2;253;253;253m████████[38;2;253;254;246m█[38;2;255;255;255m█[38;2;103;104;158m█[38;2;0;0;41m█[38;2;6;8;111m█[38;2;5;6;110m█[38;2;13;15;6m██[38;2;13;13;16m██
██[38;2;13;15;6m██[38;2;5;5;120m██[38;2;0;0;26m█[38;2;172;171;208m█[38;2;255;255;255m█[38;2;169;169;165m█[38;2;0;0;0m██[38;2;111;111;111m█[38;2;235;235;235m█[38;2;255;255;255m█[38;2;252;252;252m█[38;2;255;255;255m████████[38;2;172;171;208m█[38;2;0;0;26m█[38;2;5;5;120m██[38;2;13;15;6m██[38;2;13;13;16m██
██[38;2;13;13;9m██[38;2;5;4;125m█[38;2;4;3;124m█[38;2;0;0;24m█[38;2;202;202;229m█[38;2;255;255;255m█[38;2;252;252;247m█[38;2;164;164;164m█[38;2;37;37;37m█[38;2;0;0;0m█[38;2;20;20;20m█[38;2;171;171;171m█[38;2;255;255;255m█[38;2;200;200;200m█[38;2;82;82;82m█[38;2;81;81;81m███[38;2;79;79;79m█[38;2;182;182;178m█[38;2;255;255;255m█[38;2;202;202;229m█[38;2;0;0;24m█[38;2;3;3;124m█[38;2;5;5;126m█[38;2;13;13;9m██[38;2;13;13;16m██
██[38;2;13;13;9m██[38;2;4;4;125m█[38;2;2;2;123m█[38;2;1;1;26m█[38;2;208;208;233m█[38;2;255;255;255m███[38;2;112;112;112m█[38;2;0;0;0m██[38;2;100;100;100m█[38;2;255;255;255m█[38;2;148;148;148m█[38;2;0;0;0m█████[38;2;118;118;116m█[38;2;255;255;255m█[38;2;208;208;233m█[38;2;1;1;26m█[38;2;2;2;123m█[38;2;4;4;125m█[38;2;13;13;9m██[38;2;13;13;16m██
██[38;2;13;13;9m██[38;2;4;4;125m█[38;2;2;2;123m█[38;2;0;0;25m█[38;2;208;208;233m█[38;2;255;255;255m█[38;2;209;209;207m█[38;2;31;31;31m█[38;2;0;0;0m█[38;2;17;17;17m█[38;2;140;140;140m█[38;2;246;246;246m█[38;2;255;255;255m█[38;2;250;250;250m█[38;2;214;214;214m█[38;2;210;210;210m███[38;2;211;211;211m█[38;2;246;246;244m█[38;2;255;255;255m█[38;2;208;208;233m█[38;2;0;0;25m█[38;2;2;2;123m█[38;2;4;4;125m█[38;2;13;13;9m██[38;2;13;13;16m██
██[38;2;13;13;9m██[38;2;4;4;125m█[38;2;2;2;123m█[38;2;0;0;25m█[38;2;208;208;233m█[38;2;255;255;255m█[38;2;180;180;178m█[38;2;5;5;5m█[38;2;100;100;100m█[38;2;229;229;229m█[38;2;255;255;255m██[38;2;253;253;253m█[38;2;254;254;254m█[38;2;255;255;255m█████[38;2;255;255;253m█[38;2;255;255;255m█[38;2;208;208;233m█[38;2;0;0;25m█[38;2;2;2;123m█[38;2;4;4;125m█[38;2;13;13;9m██[38;2;13;13;16m██
██[38;2;13;13;9m██[38;2;4;4;125m█[38;2;2;2;123m█[38;2;0;0;25m█[38;2;208;208;233m█[38;2;255;255;255m█[38;2;254;254;252m█[38;2;237;237;237m█[38;2;255;255;255m██[38;2;253;253;253m█████████[38;2;253;253;251m█[38;2;255;255;255m█[38;2;208;208;233m█[38;2;0;0;25m█[38;2;2;2;123m█[38;2;4;4;125m█[38;2;13;13;9m██[38;2;13;13;16m██
██[38;2;13;13;9m██[38;2;4;4;125m█[38;2;2;2;123m█[38;2;0;0;25m█[38;2;208;208;233m█[38;2;255;255;255m█[38;2;253;253;251m█[38;2;255;255;255m█[38;2;253;253;253m███████████[38;2;253;253;251m█[38;2;255;255;255m█[38;2;208;208;233m█[38;2;0;0;25m█[38;2;2;2;123m█[38;2;4;4;125m█[38;2;13;13;9m██[38;2;13;13;16m██
██[38;2;13;13;9m██[38;2;4;4;125m█[38;2;2;2;123m█[38;2;0;0;25m█[38;2;208;208;233m█[38;2;255;255;255m█[38;2;253;253;251m█[38;2;253;253;253m████████████[38;2;253;253;251m█[38;2;255;255;255m█[38;2;208;208;233m█[38;2;0;0;25m█[38;2;2;2;123m█[38;2;4;4;125m█[38;2;13;13;9m██[38;2;13;13;16m██
██[38;2;13;13;9m██[38;2;4;4;125m█[38;2;2;2;123m█[38;2;0;0;25m█[38;2;208;208;233m█[38;2;255;255;255m█[38;2;253;253;251m█[38;2;253;253;253m████████████[38;2;253;253;251m█[38;2;255;255;255m█[38;2;208;208;233m█[38;2;0;0;25m█[38;2;2;2;123m█[38;2;4;4;125m█[38;2;13;13;9m██[38;2;13;13;16m██
██[38;2;13;13;9m██[38;2;4;4;125m█[38;2;2;2;123m█[38;2;0;0;25m█[38;2;208;208;233m█[38;2;255;255;255m█[38;2;253;253;251m█[38;2;253;253;253m████████████[38;2;253;253;251m█[38;2;255;255;255m█[38;2;208;208;233m█[38;2;0;0;25m█[38;2;2;2;123m█[38;2;4;4;125m█[38;2;13;13;9m██[38;2;13;13;16m██
██[38;2;13;13;9m██[38;2;4;4;125m█[38;2;2;2;123m█[38;2;0;0;25m█[38;2;208;208;233m█[38;2;255;255;255m█[38;2;253;253;251m█[38;2;253;253;253m████████████[38;2;253;253;251m█[38;2;255;255;255m█[38;2;208;208;233m█[38;2;0;0;25m█[38;2;2;2;123m█[38;2;4;4;125m█[38;2;13;13;9m██[38;2;13;13;16m██
██[38;2;13;13;9m██[38;2;4;4;125m█[38;2;2;2;123m█[38;2;0;0;25m█[38;2;208;208;233m█[38;2;255;255;255m█[38;2;253;253;251m█[38;2;253;253;253m████████████[38;2;253;253;251m█[38;2;255;255;255m█[38;2;208;208;233m█[38;2;0;0;25m█[38;2;2;2;123m█[38;2;4;4;125m█[38;2;13;13;9m██[38;2;13;13;16m██
██[38;2;13;13;9m██[38;2;4;4;125m█[38;2;2;2;123m█[38;2;1;1;26m█[38;2;209;209;235m█[38;2;255;255;255m█[38;2;253;253;251m█[38;2;253;253;253m████████████[38;2;253;253;251m█[38;2;255;255;255m█[38;2;209;209;235m█[38;2;1;1;26m█[38;2;2;2;123m█[38;2;4;4;125m█[38;2;13;13;9m██[38;2;13;13;16m██
██[38;2;13;13;9m██[38;2;4;4;125m█[38;2;3;3;124m█[38;2;0;0;23m█[38;2;201;201;228m█[38;2;255;255;255m█[38;2;253;253;249m█[38;2;253;253;253m██[38;2;255;255;255m██[38;2;253;253;253m████[38;2;255;255;255m██[38;2;253;253;253m██[38;2;253;253;251m█[38;2;255;255;255m█[38;2;202;202;229m█[38;2;0;0;23m█[38;2;3;3;124m█[38;2;4;4;125m█[38;2;13;13;9m██[38;2;13;13;16m██
██[38;2;13;15;6m██[38;2;5;5;118m█[38;2;6;6;119m█[38;2;0;0;33m█[38;2;112;113;159m█[38;2;255;255;255m█[38;2;255;255;251m█[38;2;255;255;255m██[38;2;250;250;250m█[38;2;249;249;249m█[38;2;255;255;255m████[38;2;247;247;247m█[38;2;250;250;250m█[38;2;255;255;255m██[38;2;255;255;253m█[38;2;255;255;255m█[38;2;116;118;160m█[38;2;0;0;31m█[38;2;6;6;119m█[38;2;5;5;118m█[38;2;13;15;6m██[38;2;13;13;16m██
██[38;2;13;15;6m██[38;2;8;6;94m█[38;2;9;8;95m█[38;2;1;2;97m█[38;2;0;0;88m█[38;2;137;138;124m█[38;2;236;237;223m█[38;2;242;242;239m█[38;2;171;171;168m█[38;2;44;45;34m█[38;2;37;38;27m█[38;2;158;158;155m█[38;2;239;239;237m██[38;2;159;159;157m█[38;2;35;37;26m█[38;2;41;42;32m█[38;2;171;171;168m█[38;2;242;242;239m█[38;2;238;237;224m█[38;2;141;140;127m█[38;2;0;0;87m█[38;2;0;2;94m█[38;2;9;8;95m█[38;2;8;6;94m█[38;2;13;15;6m██[38;2;13;13;16m██
██[38;2;13;13;11m██[38;2;11;11;37m██[38;2;4;3;176m█[38;2;0;0;168m█[38;2;0;0;10m█[38;2;15;15;35m█[38;2;23;22;31m█[38;2;0;0;3m█[38;2;0;0;115m█[38;2;0;0;116m█[38;2;0;0;6m█[38;2;19;20;35m██[38;2;0;0;6m█[38;2;0;0;116m█[38;2;0;0;115m█[38;2;0;0;5m█[38;2;24;23;34m█[38;2;16;17;34m█[38;2;0;0;9m█[38;2;0;0;167m█[38;2;3;3;176m█[38;2;11;11;38m██[38;2;13;13;11m██[38;2;13;13;16m██
████[38;2;13;15;6m██[38;2;5;6;110m█[38;2;6;8;111m█[38;2;0;0;208m█[38;2;0;0;202m█[38;2;0;0;190m█[38;2;0;0;196m█[38;2;3;1;197m██[38;2;0;0;198m█[38;2;0;0;192m██[38;2;0;0;198m█[38;2;3;1;197m█[38;2;2;0;196m█[38;2;0;0;196m█[38;2;0;0;190m█[38;2;0;0;202m█[38;2;0;0;208m█[38;2;6;6;113m█[38;2;5;5;112m█[38;2;13;15;6m██[38;2;13;13;16m████
██████[38;2;13;13;11m██[38;2;8;8;84m█[38;2;9;9;86m█[38;2;9;8;93m██[38;2;13;13;17m██[38;2;8;8;87m█[38;2;9;9;88m██[38;2;8;8;87m█[38;2;13;13;17m██[38;2;9;8;93m██[38;2;9;9;86m█[38;2;8;8;84m█[38;2;13;13;11m██[38;2;13;13;16m██████
████████[38;2;13;15;6m████[38;2;13;13;13m██[38;2;13;15;6m████[38;2;13;13;13m██[38;2;13;15;6m████[38;2;13;13;16m████████
████████████████████████████████