[38;2;13;13;16m██████████[38;2;13;13;9m██[38;2;13;12;22m██[38;2;9;9;70m█[38;2;10;10;72m█[38;2;10;10;74m█[38;2;9;9;73m█[38;2;13;12;22m██[38;2;13;13;9m██[38;2;13;13;16m██████████
████████[38;2;13;15;6m██[38;2;9;10;55m█[38;2;10;11;56m█[38;2;0;1;196m██[38;2;0;0;208m█[38;2;0;0;205m██[38;2;0;0;208m█[38;2;2;0;196m██[38;2;10;11;59m█[38;2;9;10;58m█[38;2;13;15;6m██[38;2;13;13;16m████████
██████[38;2;13;13;9m██[38;2;11;10;42m██[38;2;1;2;201m█[38;2;0;0;197m█[38;2;0;0;91m█[38;2;0;0;83m█[38;2;0;0;5m█[38;2;6;5;15m██[38;2;0;0;5m█[38;2;0;0;83m█[38;2;0;0;91m█[38;2;0;0;197m█[38;2;1;2;201m█[38;2;11;10;42m██[38;2;13;13;9m██[38;2;13;13;16m██████
██████[38;2;13;13;11m██[38;2;3;3;162m██[38;2;0;0;82m█[38;2;0;0;73m█[38;2;54;53;38m█[38;2;141;140;125m█[38;2;196;196;194m█[38;2;218;218;216m██[38;2;196;196;194m█[38;2;141;140;125m█[38;2;54;53;38m█[38;2;0;0;73m█[38;2;0;0;82m█[38;2;4;4;164m█[38;2;3;3;162m█[38;2;13;13;11m██[38;2;13;13;16m██████
████[38;2;13;13;9m██[38;2;9;9;70m█[38;2;10;10;72m█[38;2;3;4;152m█[38;2;0;0;131m█[38;2;24;25;15m█[38;2;169;171;160m█[38;2;255;255;255m████████[38;2;169;171;160m█[38;2;24;25;15m█[38;2;0;0;131m█[38;2;3;4;152m█[38;2;10;10;72m█[38;2;9;9;70m█[38;2;13;13;9m██[38;2;13;13;16m████
████[38;2;13;15;6m██[38;2;4;3;138m█[38;2;6;5;140m█[38;2;0;0;41m█[38;2;38;39;90m█[38;2;225;226;218m█[38;2;255;255;255m█[38;2;254;254;254m█[38;2;253;253;253m██████[38;2;254;254;254m█[38;2;255;255;255m█[38;2;225;226;218m█[38;2;38;39;90m█[38;2;0;0;41m█[38;2;6;5;140m█[38;2;4;3;138m█[38;2;13;15;6m██[38;2;13;13;16m████
██[38;2;13;13;13m██[38;2;11;12;27m██[38;2;5;3;150m█[38;2;0;0;137m█[38;2;22;22;24m█[38;2;224;224;226m█[38;2;255;255;255m█[38;2;253;253;253m██████████[38;2;255;255;255m█[38;2;224;224;226m█[38;2;22;22;24m█[38;2;0;0;137m█[38;2;5;3;150m█[38;2;11;12;30m██[38;2;13;13;13m██[38;2;13;13;16m██
██[38;2;13;13;9m██[38;2;9;10;63m██[38;2;4;4;117m█[38;2;0;0;96m█[38;2;165;166;154m█[38;2;255;255;255m█[38;2;253;253;253m████████████[38;2;255;255;255m█[38;2;165;166;154m█[38;2;0;0;96m█[38;2;4;4;117m█[38;2;9;10;63m██[38;2;13;13;9m██[38;2;13;13;16m██
██[38;2;13;15;6m██[38;2;8;6;95m█[38;2;9;8;96m█[38;2;0;0;70m█[38;2;40;40;116m█[38;2;253;254;244m█[38;2;255;255;246m█[38;2;253;253;253m████████████[38;2;255;255;246m█[38;2;253;254;244m█[38;2;40;40;116m█[38;2;0;0;70m█[38;2;9;8;96m█[38;2;8;6;95m█[38;2;13;15;6m██[38;2;13;13;16m██
██[38;2;13;15;6m██[38;2;5;5;112m█[38;2;6;6;113m█[38;2;0;0;34m█[38;2;125;126;174m█[38;2;255;255;255m█[38;2;255;255;249m█[38;2;255;255;255m█[38;2;254;254;254m█[38;2;253;253;253m██████████[38;2;253;254;246m█[38;2;255;255;255m█[38;2;125;126;174m█[38;2;0;0;34m█[38;2;6;6;113m█[38;2;5;5;112m█[38;2;13;15;6m██[38;2;13;13;16m██
██[38;2;13;15;6m██[38;2;5;5;120m██[38;2;0;0;25m█[38;2;183;182;217m█[38;2;255;255;255m█[38;2;245;245;240m█[38;2;222;222;222m█[38;2;252;252;252m█[38;2;255;255;255m███[38;2;253;253;253m█[38;2;254;254;254m█[38;2;255;255;255m█████[38;2;255;255;251m█[38;2;255;255;255m█[38;2;183;182;217m█[38;2;0;0;25m█[38;2;5;5;120m██[38;2;13;15;6m██[38;2;13;13;16m██
██[38;2;13;13;9m██[38;2;5;4;125m█[38;2;3;2;123m█[38;2;0;0;25m█[38;2;205;205;232m█[38;2;255;255;255m█[38;2;116;116;113m█[38;2;0;0;0m█[38;2;46;46;46m█[38;2;104;104;104m█[38;2;167;167;167m█[38;2;231;231;231m█[38;2;255;255;255m█[38;2;249;249;249m█[38;2;209;209;209m█[38;2;204;204;204m█[38;2;205;205;205m███[38;2;244;244;242m█[38;2;255;255;255m█[38;2;205;205;232m█[38;2;0;0;25m█[38;2;2;2;123m█[38;2;4;4;125m█[38;2;13;13;9m██[38;2;13;13;16m██
██[38;2;13;13;9m██[38;2;4;4;125m█[38;2;2;2;123m█[38;2;0;0;25m█[38;2;208;208;233m█[38;2;255;255;255m█[38;2;165;165;162m█[38;2;0;0;0m████[38;2;40;40;40m█[38;2;255;255;255m█[38;2;148;148;148m█[38;2;0;0;0m█████[38;2;116;116;113m█[38;2;255;255;255m█[38;2;208;208;233m█[38;2;0;0;25m█[38;2;2;2;123m█[38;2;5;5;126m█[38;2;13;13;9m██[38;2;13;13;16m██
██[38;2;13;13;9m██[38;2;4;4;125m█[38;2;2;2;123m█[38;2;0;0;25m█[38;2;208;208;233m█[38;2;255;255;255m█[38;2;115;115;112m█[38;2;0;0;0m██[38;2;10;10;10m█[38;2;48;48;48m█[38;2;139;139;139m█[38;2;255;255;255m█[38;2;204;204;204m█[38;2;89;89;89m████[38;2;86;86;86m█[38;2;187;187;185m█[38;2;255;255;255m█[38;2;208;208;233m█[38;2;0;0;25m█[38;2;2;2;123m█[38;2;4;4;125m█[38;2;13;13;9m██[38;2;13;13;16m██
██[38;2;13;13;9m██[38;2;4;4;125m█[38;2;2;2;123m█[38;2;0;0;25m█[38;2;208;208;233m█[38;2;255;255;255m█[38;2;188;188;186m█[38;2;109;109;109m█[38;2;171;171;171m█[38;2;224;224;224m█[38;2;255;255;255m██[38;2;253;253;253m█[38;2;255;255;255m████████[38;2;208;208;233m█[38;2;0;0;25m█[38;2;2;2;123m█[38;2;4;4;125m█[38;2;13;13;9m██[38;2;13;13;16m██
██[38;2;13;13;9m██[38;2;4;4;125m█[38;2;2;2;123m█[38;2;0;0;25m█[38;2;208;208;233m█[38;2;255;255;255m█████[38;2;254;254;254m█[38;2;253;253;253m████████[38;2;253;253;251m█[38;2;255;255;255m█[38;2;208;208;233m█[38;2;0;0;25m█[38;2;2;2;123m█[38;2;4;4;125m█[38;2;13;13;9m██[38;2;13;13;16m██
██[38;2;13;13;9m██[38;2;4;4;125m█[38;2;2;2;123m█[38;2;0;0;25m█[38;2;208;208;233m█[38;2;255;255;255m█[38;2;253;253;251m█[38;2;253;253;253m████████████[38;2;253;253;251m█[38;2;255;255;255m█[38;2;208;208;233m█[38;2;0;0;25m█[38;2;2;2;123m█[38;2;4;4;125m█[38;2;13;13;9m██[38;2;13;13;16m██
██[38;2;13;13;9m██[38;2;4;4;125m█[38;2;2;2;123m█[38;2;0;0;25m█[38;2;208;208;233m█[38;2;255;255;255m█[38;2;253;253;251m█[38;2;253;253;253m████████████[38;2;253;253;251m█[38;2;255;255;255m█[38;2;208;208;233m█[38;2;0;0;25m█[38;2;2;2;123m█[38;2;4;4;125m█[38;2;13;13;9m██[38;2;13;13;16m██
██[38;2;13;13;9m██[38;2;4;4;125m█[38;2;2;2;123m█[38;2;0;0;25m█[38;2;208;208;233m█[38;2;255;255;255m█[38;2;253;253;251m█[38;2;253;253;253m████████████[38;2;253;253;251m█[38;2;255;255;255m█[38;2;208;208;233m█[38;2;0;0;25m█[38;2;2;2;123m█[38;2;4;4;125m█[38;2;13;13;9m██[38;2;13;13;16m██
██[38;2;13;13;9m██[38;2;4;4;125m█[38;2;2;2;123m█[38;2;0;0;25m█[38;2;208;208;233m█[38;2;255;255;255m█[38;2;253;253;251m█[38;2;253;253;253m████████████[38;2;253;253;251m█[38;2;255;255;255m█[38;2;208;208;233m█[38;2;0;0;25m█[38;2;2;2;123m█[38;2;4;4;125m█[38;2;13;13;9m██[38;2;13;13;16m██
██[38;2;13;13;9m██[38;2;4;4;125m█[38;2;2;2;123m█[38;2;0;0;25m█[38;2;208;208;233m█[38;2;255;255;255m█[38;2;253;253;251m█[38;2;253;253;253m████████████[38;2;253;253;251m█[38;2;255;255;255m█[38;2;208;208;233m█[38;2;0;0;25m█[38;2;2;2;123m█[38;2;4;4;125m█[38;2;13;13;9m██[38;2;13;13;16m██
██[38;2;13;13;9m██[38;2;5;4;125m█[38;2;3;2;123m█[38;2;0;0;25m█[38;2;208;208;233m█[38;2;255;255;255m█[38;2;253;253;251m█[38;2;253;253;253m████████████[38;2;253;253;251m█[38;2;255;255;255m█[38;2;208;208;233m█[38;2;0;0;25m█[38;2;2;2;123m█[38;2;4;4;125m█[38;2;13;13;9m██[38;2;13;13;16m██
██[38;2;13;13;9m██[38;2;5;5;126m█[38;2;2;2;123m█[38;2;1;1;26m█[38;2;208;208;233m█[38;2;255;255;255m█[38;2;253;253;251m█[38;2;253;253;253m████████████[38;2;253;253;251m█[38;2;255;255;255m█[38;2;208;208;233m█[38;2;1;1;26m█[38;2;2;2;123m█[38;2;5;5;126m█[38;2;13;13;9m██[38;2;13;13;16m██
██[38;2;13;13;9m██[38;2;4;4;127m█[38;2;3;3;126m█[38;2;0;0;24m█[38;2;204;204;231m█[38;2;255;255;255m█[38;2;253;253;251m█[38;2;253;253;253m███[38;2;254;254;254m█[38;2;253;253;253m████[38;2;254;254;254m█[38;2;253;253;253m███[38;2;253;253;251m█[38;2;255;255;255m█[38;2;205;205;232m█[38;2;0;0;24m█[38;2;3;3;126m█[38;2;5;5;129m█[38;2;13;13;9m██[38;2;13;13;16m██
██[38;2;13;15;6m██[38;2;4;4;131m█[38;2;5;5;132m█[38;2;0;0;28m█[38;2;136;134;175m█[38;2;255;255;255m█[38;2;255;255;251m█[38;2;254;254;254m█[38;2;255;255;255m████[38;2;254;254;254m██[38;2;255;255;255m████[38;2;254;254;254m█[38;2;254;254;250m█[38;2;255;255;255m█[38;2;136;138;176m█[38;2;0;0;27m█[38;2;5;5;132m█[38;2;4;4;131m█[38;2;13;15;6m██[38;2;13;13;16m██
██[38;2;13;15;4m██[38;2;5;5;120m█[38;2;6;6;122m█[38;2;0;0;86m█[38;2;3;2;89m█[38;2;172;173;161m█[38;2;254;255;244m█[38;2;255;255;255m█[38;2;203;203;203m█[38;2;76;77;67m█[38;2;68;69;59m█[38;2;192;192;189m█[38;2;255;255;254m██[38;2;192;192;189m█[38;2;67;68;58m█[38;2;74;75;65m█[38;2;202;202;202m█[38;2;255;255;255m█[38;2;255;255;245m█[38;2;175;176;165m█[38;2;5;4;89m█[38;2;0;0;83m█[38;2;6;6;124m█[38;2;5;5;123m█[38;2;13;15;4m██[38;2;13;13;16m██
██[38;2;13;15;6m██[38;2;8;9;74m██[38;2;3;2;185m█[38;2;0;0;172m█[38;2;0;0;0m█[38;2;42;42;42m█[38;2;51;51;48m█[38;2;4;4;2m█[38;2;0;0;73m█[38;2;0;0;74m█[38;2;1;1;3m█[38;2;48;48;51m██[38;2;1;1;3m█[38;2;0;0;74m██[38;2;4;4;2m█[38;2;52;52;49m█[38;2;44;44;41m█[38;2;0;0;0m█[38;2;0;0;169m█[38;2;3;3;182m█[38;2;9;10;77m█[38;2;8;9;76m█[38;2;13;15;6m██[38;2;13;13;16m██
██[38;2;13;13;13m██[38;2;13;13;17m██[38;2;2;0;194m█[38;2;3;1;195m█[38;2;0;0;182m█[38;2;0;0;173m█[38;2;0;0;157m█[38;2;0;0;166m█[38;2;0;0;245m██[38;2;0;0;171m█[38;2;0;0;161m██[38;2;0;0;171m█[38;2;0;0;245m██[38;2;0;0;166m█[38;2;0;0;157m█[38;2;0;0;173m█[38;2;0;0;182m█[38;2;1;2;197m█[38;2;0;1;196m█[38;2;13;13;17m██[38;2;13;13;13m██[38;2;13;13;16m██
████[38;2;13;13;9m██[38;2;9;10;61m██[38;2;0;0;217m█[38;2;1;0;218m█[38;2;0;0;221m█[38;2;0;0;219m█[38;2;5;5;129m██[38;2;0;0;215m█[38;2;1;1;216m██[38;2;0;0;215m█[38;2;6;5;129m██[38;2;0;0;219m█[38;2;1;0;221m█[38;2;1;0;218m█[38;2;0;0;217m█[38;2;9;10;63m██[38;2;13;13;9m██[38;2;13;13;16m████
██████[38;2;13;13;9m██[38;2;11;11;32m██[38;2;11;11;37m██[38;2;13;15;4m██[38;2;11;11;34m████[38;2;13;15;4m██[38;2;11;11;37m██[38;2;11;11;32m██[38;2;13;13;9m██[38;2;13;13;16m██████
████████[38;2;13;13;11m████[38;2;13;13;16m██[38;2;13;13;11m████[38;2;13;13;16m██[38;2;13;13;11m████[38;2;13;13;16m████████
████████████████████████████████