[38;2;13;13;16m████████████████████████████████
████████████[38;2;13;15;6m████████[38;2;13;13;16m████████████
████████[38;2;13;13;13m██[38;2;13;13;9m██[38;2;8;8;79m█[38;2;9;9;80m█[38;2;3;3;165m██[38;2;3;3;168m██[38;2;9;9;86m█[38;2;8;8;84m█[38;2;13;13;9m██[38;2;13;13;13m██[38;2;13;13;16m████████
████████[38;2;13;15;6m██[38;2;5;5;120m█[38;2;6;6;122m█[38;2;0;0;233m█[38;2;0;0;231m█[38;2;0;0;179m█[38;2;0;0;175m█[38;2;0;0;171m█[38;2;0;0;174m█[38;2;0;0;230m█[38;2;0;0;233m█[38;2;5;4;137m█[38;2;4;3;136m█[38;2;13;13;9m██[38;2;13;13;16m████████
██████[38;2;13;15;6m██[38;2;8;8;84m█[38;2;9;9;86m█[38;2;1;1;216m█[38;2;0;0;209m█[38;2;0;0;48m██[38;2;15;16;8m█[38;2;34;35;27m█[38;2;35;37;26m█[38;2;19;20;10m█[38;2;0;0;38m█[38;2;0;0;33m█[38;2;0;0;201m█[38;2;1;1;210m█[38;2;6;8;105m█[38;2;5;6;104m█[38;2;13;15;4m██[38;2;13;13;16m██████
████[38;2;13;13;13m██[38;2;13;12;22m██[38;2;2;1;192m██[38;2;0;0;54m█[38;2;0;0;58m█[38;2;89;88;75m█[38;2;183;182;169m█[38;2;230;230;230m█[38;2;246;246;246m█[38;2;247;247;247m█[38;2;235;235;235m█[38;2;194;195;183m█[38;2;109;110;98m█[38;2;8;10;52m█[38;2;0;0;32m█[38;2;1;0;197m█[38;2;2;0;198m█[38;2;11;11;32m██[38;2;13;13;11m██[38;2;13;13;16m████
████[38;2;13;15;6m██[38;2;8;6;95m█[38;2;9;8;96m█[38;2;5;4;147m█[38;2;0;0;124m█[38;2;42;44;32m█[38;2;200;201;189m█[38;2;255;255;255m████████[38;2;224;223;210m█[38;2;75;74;61m█[38;2;0;0;103m█[38;2;2;2;125m█[38;2;6;6;118m█[38;2;5;5;117m█[38;2;13;15;4m██[38;2;13;13;16m████
████[38;2;13;13;9m██[38;2;3;4;155m██[38;2;0;0;37m█[38;2;53;54;102m█[38;2;240;242;233m█[38;2;255;255;255m█[38;2;253;253;253m████████[38;2;255;255;255m█[38;2;255;255;253m█[38;2;97;97;124m█[38;2;0;0;13m█[38;2;2;2;165m█[38;2;3;3;166m█[38;2;13;13;16m██████
██[38;2;13;13;13m██[38;2;11;11;34m██[38;2;4;5;157m█[38;2;0;0;143m█[38;2;26;26;26m█[38;2;232;232;232m█[38;2;255;255;255m█[38;2;253;253;253m██████████[38;2;255;255;255m█[38;2;255;255;250m█[38;2;67;68;60m█[38;2;0;0;126m█[38;2;6;5;148m█[38;2;11;10;51m██[38;2;13;13;11m██[38;2;13;13;16m██
██[38;2;13;13;9m██[38;2;9;9;70m█[38;2;10;10;72m█[38;2;5;5;123m█[38;2;0;0;101m█[38;2;168;169;158m█[38;2;255;255;255m█[38;2;253;253;253m████████████[38;2;255;255;252m█[38;2;214;215;203m█[38;2;0;0;97m█[38;2;1;2;100m█[38;2;9;8;90m█[38;2;8;6;89m█[38;2;13;15;6m██[38;2;13;13;16m██
██[38;2;13;15;6m██[38;2;8;6;97m█[38;2;9;8;98m█[38;2;0;0;77m█[38;2;35;34;117m█[38;2;231;232;222m█[38;2;255;255;249m█[38;2;255;255;255m█[38;2;253;253;253m███████████[38;2;253;254;246m█[38;2;255;255;255m█[38;2;87;87;146m█[38;2;0;0;48m█[38;2;6;6;116m█[38;2;5;5;115m█[38;2;13;15;4m██[38;2;13;13;16m██
██[38;2;13;15;6m██[38;2;5;5;112m█[38;2;6;6;113m█[38;2;0;0;48m█[38;2;65;66;119m█[38;2;23;24;16m█[38;2;72;73;65m█[38;2;209;209;209m█[38;2;255;255;255m██[38;2;253;253;253m█[38;2;254;254;254m█[38;2;255;255;255m██████[38;2;253;253;253m█[38;2;253;253;249m█[38;2;255;255;255m█[38;2;171;169;204m█[38;2;0;0;24m█[38;2;4;4;127m██[38;2;13;15;6m██[38;2;13;13;16m██
██[38;2;13;15;6m██[38;2;5;5;118m█[38;2;6;6;119m█[38;2;0;0;32m█[38;2;140;139;180m█[38;2;69;69;65m█[38;2;0;0;0m█[38;2;2;2;2m█[38;2;112;112;112m█[38;2;235;235;235m█[38;2;255;255;255m█[38;2;252;252;252m█[38;2;214;214;214m█[38;2;205;205;205m█[38;2;207;207;207m██[38;2;205;205;205m█[38;2;238;238;238m█[38;2;255;255;255m█[38;2;253;253;251m█[38;2;255;255;255m█[38;2;214;214;237m█[38;2;3;3;26m█[38;2;1;1;125m█[38;2;5;5;130m█[38;2;13;13;11m██[38;2;13;13;16m██
██[38;2;13;15;6m██[38;2;5;5;120m██[38;2;0;0;25m█[38;2;186;185;219m█[38;2;255;255;255m█[38;2;145;145;140m█[38;2;0;0;0m██[38;2;60;60;60m█[38;2;255;255;255m█[38;2;183;183;183m█[38;2;0;0;0m█████[38;2;79;79;79m█[38;2;255;255;255m█[38;2;253;253;251m█[38;2;255;255;255m█[38;2;228;229;246m█[38;2;12;13;31m█[38;2;0;0;123m█[38;2;5;5;130m█[38;2;13;13;11m██[38;2;13;13;16m██
██[38;2;13;15;6m██[38;2;5;5;118m██[38;2;0;0;26m█[38;2;185;183;218m█[38;2;187;187;182m█[38;2;48;48;44m█[38;2;0;0;0m█[38;2;12;12;12m█[38;2;150;150;150m█[38;2;255;255;255m█[38;2;223;223;223m█[38;2;95;95;95m█[38;2;86;86;86m█[38;2;88;88;88m█[38;2;87;87;87m█[38;2;82;82;82m█[38;2;164;164;164m█[38;2;255;255;255m█[38;2;253;253;251m█[38;2;255;255;255m█[38;2;228;229;246m█[38;2;13;15;32m█[38;2;0;0;123m█[38;2;5;5;130m█[38;2;13;13;11m██[38;2;13;13;16m██
██[38;2;13;15;6m██[38;2;5;5;120m██[38;2;0;0;33m█[38;2;132;131;166m█[38;2;0;0;0m██[38;2;97;97;97m█[38;2;225;225;225m█[38;2;255;255;255m█[38;2;253;253;253m█[38;2;255;255;255m███████[38;2;253;253;253m█[38;2;253;253;251m█[38;2;255;255;255m█[38;2;226;228;245m█[38;2;12;13;31m█[38;2;0;0;123m█[38;2;5;5;130m█[38;2;13;13;11m██[38;2;13;13;16m██
██[38;2;13;15;6m██[38;2;5;5;120m██[38;2;0;0;28m█[38;2;169;168;203m█[38;2;138;138;133m█[38;2;192;192;187m█[38;2;255;255;255m██[38;2;253;253;253m██████████[38;2;253;253;251m█[38;2;255;255;255m█[38;2;226;228;245m█[38;2;12;13;31m█[38;2;0;0;124m█[38;2;5;5;130m█[38;2;13;13;11m██[38;2;13;13;16m██
██[38;2;13;15;6m██[38;2;4;5;120m██[38;2;0;0;26m█[38;2;188;187;222m█[38;2;255;255;255m██[38;2;253;253;253m████████████[38;2;253;253;251m█[38;2;255;255;255m█[38;2;225;226;244m█[38;2;11;12;30m█[38;2;0;0;124m█[38;2;5;5;130m█[38;2;13;13;11m██[38;2;13;13;16m██
██[38;2;13;13;9m██[38;2;4;5;120m█[38;2;3;4;119m█[38;2;0;0;24m█[38;2;188;187;219m█[38;2;255;255;255m█[38;2;253;253;249m█[38;2;253;253;253m████████████[38;2;253;253;251m█[38;2;255;255;255m█[38;2;224;225;243m█[38;2;10;11;28m█[38;2;0;0;124m█[38;2;5;5;130m█[38;2;13;13;11m██[38;2;13;13;16m██
██[38;2;13;13;9m██[38;2;4;5;120m█[38;2;3;4;119m█[38;2;0;0;25m█[38;2;189;188;221m█[38;2;255;255;255m█[38;2;253;253;249m█[38;2;253;253;253m████████████[38;2;253;253;251m█[38;2;255;255;255m█[38;2;223;223;244m█[38;2;9;9;30m█[38;2;0;0;124m█[38;2;5;5;130m█[38;2;13;13;11m██[38;2;13;13;16m██
██[38;2;13;13;9m██[38;2;5;5;123m█[38;2;4;4;122m█[38;2;0;0;25m█[38;2;192;190;223m█[38;2;255;255;255m█[38;2;253;253;249m█[38;2;253;253;253m████████████[38;2;253;253;251m█[38;2;255;255;255m█[38;2;221;221;242m█[38;2;8;8;28m█[38;2;0;0;124m█[38;2;5;5;130m█[38;2;13;13;11m██[38;2;13;13;16m██
██[38;2;13;13;9m██[38;2;5;5;123m█[38;2;4;4;122m█[38;2;0;0;24m█[38;2;194;194;223m█[38;2;255;255;255m█[38;2;253;253;249m█[38;2;253;253;253m████████████[38;2;253;253;251m█[38;2;255;255;255m█[38;2;219;219;240m█[38;2;6;6;27m█[38;2;1;1;124m█[38;2;5;5;129m█[38;2;13;13;11m██[38;2;13;13;16m██
██[38;2;13;13;9m██[38;2;5;5;123m█[38;2;4;4;122m█[38;2;0;0;25m█[38;2;197;197;226m█[38;2;255;255;255m█[38;2;253;253;249m█[38;2;253;253;253m████████████[38;2;253;253;251m█[38;2;255;255;255m█[38;2;218;218;242m█[38;2;5;5;28m█[38;2;1;1;124m█[38;2;5;5;129m█[38;2;13;13;11m██[38;2;13;13;16m██
██[38;2;13;13;9m██[38;2;5;5;123m█[38;2;4;4;122m█[38;2;0;0;24m█[38;2;197;197;226m█[38;2;255;255;255m█[38;2;253;253;249m█[38;2;253;253;253m████████████[38;2;253;253;251m█[38;2;255;255;255m█[38;2;215;215;238m█[38;2;2;2;25m█[38;2;2;2;125m█[38;2;5;5;129m█[38;2;13;13;11m██[38;2;13;13;16m██
██[38;2;13;15;6m██[38;2;5;5;120m█[38;2;6;6;122m█[38;2;0;0;27m█[38;2;133;136;175m█[38;2;255;255;255m████[38;2;253;253;253m█[38;2;254;254;254m█[38;2;255;255;255m████[38;2;253;253;253m█[38;2;255;255;255m█████[38;2;153;152;189m█[38;2;0;0;25m█[38;2;5;5;123m██[38;2;13;15;6m██[38;2;13;13;16m██
██[38;2;13;15;6m██[38;2;8;6;100m█[38;2;9;8;101m█[38;2;0;0;83m█[38;2;12;11;96m█[38;2;144;144;125m█[38;2;79;79;60m█[38;2;112;112;108m█[38;2;233;233;229m█[38;2;255;255;255m██[38;2;167;168;160m█[38;2;66;67;59m█[38;2;123;123;118m█[38;2;240;240;236m█[38;2;255;255;255m█[38;2;252;252;252m█[38;2;155;157;148m█[38;2;66;67;59m█[38;2;143;141;129m█[38;2;192;190;178m█[38;2;15;15;91m█[38;2;0;0;74m█[38;2;6;8;105m█[38;2;5;6;104m█[38;2;13;15;6m██[38;2;13;13;16m██
██[38;2;13;13;11m██[38;2;11;10;49m██[38;2;4;5;159m█[38;2;0;0;146m█[38;2;0;0;48m█[38;2;0;0;54m█[38;2;0;0;17m█[38;2;20;20;49m█[38;2;72;72;53m█[38;2;48;48;30m█[38;2;0;0;54m█[38;2;0;0;53m█[38;2;0;0;15m█[38;2;26;26;53m█[38;2;74;74;55m█[38;2;44;44;25m█[38;2;0;0;52m█[38;2;0;0;54m█[38;2;0;0;20m█[38;2;0;0;24m█[38;2;0;0;145m█[38;2;4;5;159m█[38;2;9;11;51m██[38;2;13;13;11m██[38;2;13;13;16m██
████[38;2;13;15;6m██[38;2;4;3;136m█[38;2;5;4;137m█[38;2;0;0;226m█[38;2;0;0;229m█[38;2;2;0;194m█[38;2;0;0;185m█[38;2;0;0;132m█[38;2;0;0;136m█[38;2;0;0;210m█[38;2;1;1;214m█[38;2;2;1;192m█[38;2;0;0;181m█[38;2;0;0;131m█[38;2;0;0;137m█[38;2;0;0;208m█[38;2;1;1;211m█[38;2;0;0;216m█[38;2;0;0;214m█[38;2;5;4;139m██[38;2;13;15;6m██[38;2;13;13;16m████
████[38;2;13;13;13m██[38;2;13;12;26m██[38;2;12;11;52m█[38;2;11;10;51m█[38;2;8;6;94m█[38;2;9;8;95m█[38;2;3;3;160m██[38;2;10;11;59m█[38;2;9;10;58m█[38;2;8;6;97m█[38;2;9;8;98m█[38;2;5;3;158m██[38;2;10;11;59m█[38;2;9;10;58m█[38;2;8;8;81m█[38;2;9;9;82m█[38;2;13;12;26m██[38;2;13;13;13m██[38;2;13;13;16m████
██████[38;2;13;13;13m██[38;2;13;13;9m██[38;2;13;15;6m██[38;2;13;15;4m██[38;2;13;13;9m██[38;2;13;15;6m██[38;2;13;15;4m██[38;2;13;13;9m██[38;2;13;15;6m██[38;2;13;13;13m██[38;2;13;13;16m██████
████████████████████████████████
████████████████████████████████