[38;2;13;13;16m████████████████████████████████
████████████[38;2;13;13;9m██[38;2;13;15;4m████[38;2;13;13;9m██[38;2;13;13;16m████████████
██████████[38;2;13;15;6m██[38;2;9;11;51m██[38;2;5;5;132m██[38;2;5;5;134m██[38;2;9;10;60m██[38;2;13;15;6m██[38;2;13;13;16m██████████
████████[38;2;13;15;4m██[38;2;8;6;94m█[38;2;9;8;95m█[38;2;0;0;224m█[38;2;0;0;222m█[38;2;0;0;188m█[38;2;0;0;185m█[38;2;0;0;180m█[38;2;0;0;182m█[38;2;0;0;223m█[38;2;0;0;226m█[38;2;6;6;113m█[38;2;5;5;112m█[38;2;13;15;6m██[38;2;13;13;16m████████
██████[38;2;13;15;6m██[38;2;9;9;66m██[38;2;1;1;211m█[38;2;0;0;205m█[38;2;0;0;60m█[38;2;0;0;56m█[38;2;9;9;4m█[38;2;27;27;23m█[38;2;30;31;23m█[38;2;15;16;8m█[38;2;0;0;42m█[38;2;0;0;39m█[38;2;0;0;198m█[38;2;1;1;208m█[38;2;9;9;88m█[38;2;8;8;87m█[38;2;13;15;6m██[38;2;13;13;16m██████
████[38;2;13;13;13m██[38;2;13;13;16m██[38;2;2;2;179m██[38;2;0;0;67m█[38;2;0;0;63m█[38;2;77;76;61m█[38;2;172;171;155m█[38;2;223;223;223m█[38;2;242;242;242m█[38;2;244;244;244m█[38;2;230;230;230m█[38;2;188;189;175m█[38;2;103;104;90m█[38;2;5;6;54m█[38;2;0;0;37m█[38;2;1;0;188m█[38;2;2;1;189m█[38;2;11;12;26m██[38;2;13;13;13m██[38;2;13;13;16m████
████[38;2;13;15;6m██[38;2;8;8;81m█[38;2;9;9;82m█[38;2;3;4;152m█[38;2;0;0;130m█[38;2;31;32;20m█[38;2;187;188;176m█[38;2;255;255;255m████████[38;2;221;219;207m█[38;2;73;72;59m█[38;2;0;0;103m█[38;2;2;2;125m█[38;2;6;8;109m█[38;2;5;6;108m█[38;2;13;15;4m██[38;2;13;13;16m████
████[38;2;13;15;6m██[38;2;4;3;144m█[38;2;6;5;146m█[38;2;0;0;44m█[38;2;40;41;95m█[38;2;231;232;224m█[38;2;255;255;255m█[38;2;254;254;254m█[38;2;253;253;253m███████[38;2;255;255;255m█[38;2;255;255;253m█[38;2;98;98;125m█[38;2;0;0;13m█[38;2;2;2;159m██[38;2;13;13;16m██████
██[38;2;13;13;13m██[38;2;11;12;27m██[38;2;3;4;153m█[38;2;0;0;143m█[38;2;17;17;19m█[38;2;221;221;223m█[38;2;255;255;255m█[38;2;253;253;253m██████████[38;2;255;255;255m█[38;2;255;255;250m█[38;2;69;70;62m█[38;2;0;0;124m█[38;2;5;4;145m█[38;2;11;10;49m██[38;2;13;13;11m██[38;2;13;13;16m██
██[38;2;13;13;9m██[38;2;9;10;61m██[38;2;4;4;125m█[38;2;0;0;102m█[38;2;151;152;141m█[38;2;255;255;255m█[38;2;253;253;253m████████████[38;2;255;255;251m█[38;2;217;218;207m█[38;2;1;2;97m█[38;2;0;1;96m█[38;2;9;9;88m█[38;2;8;8;87m█[38;2;13;15;6m██[38;2;13;13;16m██
██[38;2;13;15;6m██[38;2;8;6;89m█[38;2;9;8;90m█[38;2;0;0;84m█[38;2;25;24;111m█[38;2;240;242;231m█[38;2;246;247;237m█[38;2;255;255;255m██[38;2;253;253;253m██████████[38;2;253;254;246m█[38;2;255;255;255m█[38;2;93;93;150m█[38;2;0;0;45m█[38;2;6;6;116m█[38;2;5;5;115m█[38;2;13;15;6m██[38;2;13;13;16m██
██[38;2;13;15;6m██[38;2;5;6;108m█[38;2;6;8;109m█[38;2;0;0;47m█[38;2;105;105;165m█[38;2;118;119;111m█[38;2;18;19;11m█[38;2;150;150;150m█[38;2;252;252;252m█[38;2;255;255;255m█[38;2;253;253;253m██[38;2;255;255;255m██████[38;2;253;253;253m█[38;2;253;253;249m█[38;2;255;255;255m█[38;2;179;178;210m█[38;2;0;0;23m█[38;2;4;4;127m██[38;2;13;13;9m██[38;2;13;13;16m██
██[38;2;13;15;6m██[38;2;5;5;117m█[38;2;6;6;118m█[38;2;0;0;30m█[38;2;157;159;201m█[38;2;160;160;155m█[38;2;0;0;0m██[38;2;52;52;52m█[38;2;188;188;188m█[38;2;255;255;255m██[38;2;240;240;240m█[38;2;212;212;212m█[38;2;214;214;214m██[38;2;212;212;212m█[38;2;222;222;222m█[38;2;254;254;254m█[38;2;253;253;251m█[38;2;255;255;255m█[38;2;221;221;242m█[38;2;6;6;27m█[38;2;1;1;125m█[38;2;5;5;130m█[38;2;13;13;11m██[38;2;13;13;16m██
██[38;2;13;15;6m██[38;2;5;5;118m██[38;2;0;0;28m█[38;2;172;171;210m█[38;2;255;255;255m█[38;2;225;225;221m█[38;2;53;53;53m█[38;2;0;0;0m██[38;2;182;182;182m█[38;2;255;255;255m█[38;2;70;70;70m█[38;2;0;0;0m█████[38;2;196;196;196m█[38;2;255;255;255m█[38;2;255;255;254m█[38;2;233;235;250m█[38;2;18;19;34m█[38;2;0;0;124m█[38;2;5;5;132m█[38;2;13;13;13m██[38;2;13;13;16m██
██[38;2;13;15;6m██[38;2;5;5;117m██[38;2;0;0;26m█[38;2;178;176;214m█[38;2;247;247;243m█[38;2;123;123;118m█[38;2;10;10;10m█[38;2;0;0;0m█[38;2;54;54;54m█[38;2;221;221;221m█[38;2;255;255;255m█[38;2;147;147;147m█[38;2;73;73;73m█[38;2;79;79;79m██[38;2;76;76;76m█[38;2;90;90;90m█[38;2;226;226;226m█[38;2;255;255;255m█[38;2;255;255;254m█[38;2;233;235;250m█[38;2;19;20;35m█[38;2;0;0;122m█[38;2;5;5;130m█[38;2;13;13;13m██[38;2;13;13;16m██
██[38;2;13;15;6m██[38;2;5;5;118m██[38;2;0;0;26m█[38;2;185;183;221m█[38;2;95;95;90m█[38;2;0;0;0m█[38;2;24;24;24m█[38;2;155;155;155m█[38;2;254;254;254m█[38;2;255;255;255m█[38;2;252;252;252m█[38;2;255;255;255m███████[38;2;253;253;251m█[38;2;255;255;254m█[38;2;233;235;250m█[38;2;18;19;34m█[38;2;0;0;122m█[38;2;5;5;130m█[38;2;13;13;13m██[38;2;13;13;16m██
██[38;2;13;15;6m██[38;2;5;5;118m██[38;2;0;0;26m█[38;2;181;180;217m█[38;2;186;186;181m█[38;2;125;125;120m█[38;2;236;236;236m█[38;2;255;255;255m██[38;2;253;253;253m█████████[38;2;253;253;251m█[38;2;255;255;254m█[38;2;232;233;249m█[38;2;17;18;33m█[38;2;0;0;122m█[38;2;5;5;130m█[38;2;13;13;13m██[38;2;13;13;16m██
██[38;2;13;15;6m██[38;2;5;5;118m██[38;2;0;0;27m█[38;2;178;176;214m█[38;2;255;255;255m███[38;2;253;253;253m███████████[38;2;253;253;251m█[38;2;255;255;254m█[38;2;231;232;247m█[38;2;16;17;32m█[38;2;0;0;123m█[38;2;5;5;130m█[38;2;13;13;13m██[38;2;13;13;16m██
██[38;2;13;15;6m██[38;2;5;5;118m██[38;2;0;0;27m█[38;2;180;179;216m█[38;2;255;255;255m█[38;2;253;253;249m█[38;2;253;253;253m████████████[38;2;253;253;251m█[38;2;255;255;255m█[38;2;230;231;249m█[38;2;15;16;33m█[38;2;0;0;123m█[38;2;5;5;130m█[38;2;13;13;13m██[38;2;13;13;16m██
██[38;2;13;15;6m██[38;2;4;5;118m██[38;2;0;0;25m█[38;2;182;181;216m█[38;2;255;255;255m█[38;2;253;253;249m█[38;2;253;253;253m████████████[38;2;253;253;251m█[38;2;255;255;255m█[38;2;228;229;246m█[38;2;13;15;32m█[38;2;0;0;123m█[38;2;5;5;130m█[38;2;13;13;11m██[38;2;13;13;16m██
██[38;2;13;15;6m██[38;2;4;5;120m██[38;2;0;0;26m█[38;2;186;185;219m█[38;2;255;255;255m█[38;2;253;253;249m█[38;2;253;253;253m████████████[38;2;253;253;251m█[38;2;255;255;255m█[38;2;225;226;244m█[38;2;11;12;30m█[38;2;0;0;124m█[38;2;5;5;130m█[38;2;13;13;11m██[38;2;13;13;16m██
██[38;2;13;13;9m██[38;2;5;5;120m█[38;2;4;4;119m█[38;2;0;0;25m█[38;2;189;188;221m█[38;2;255;255;255m█[38;2;253;253;249m█[38;2;253;253;253m████████████[38;2;253;253;251m█[38;2;255;255;255m█[38;2;223;223;244m█[38;2;9;9;30m█[38;2;0;0;124m█[38;2;5;5;130m█[38;2;13;13;11m██[38;2;13;13;16m██
██[38;2;13;13;9m██[38;2;5;5;123m█[38;2;4;4;122m█[38;2;0;0;26m█[38;2;193;192;224m█[38;2;255;255;255m█[38;2;253;253;249m█[38;2;253;253;253m████████████[38;2;253;253;251m█[38;2;255;255;255m█[38;2;221;221;242m█[38;2;8;8;28m█[38;2;0;0;123m█[38;2;5;5;129m█[38;2;13;13;11m██[38;2;13;13;16m██
██[38;2;13;13;9m██[38;2;4;5;123m█[38;2;3;4;122m█[38;2;0;0;24m█[38;2;197;197;226m█[38;2;255;255;255m█[38;2;253;253;249m█[38;2;253;253;253m████████████[38;2;253;253;251m█[38;2;255;255;255m█[38;2;219;219;240m█[38;2;5;5;26m█[38;2;1;1;124m█[38;2;4;4;127m█[38;2;13;13;11m██[38;2;13;13;16m██
██[38;2;13;15;6m██[38;2;5;5;120m██[38;2;0;0;25m█[38;2;164;162;200m█[38;2;255;255;255m████[38;2;253;253;253m██[38;2;254;254;254m█[38;2;255;255;255m███[38;2;253;253;253m██[38;2;255;255;255m████[38;2;185;185;214m█[38;2;0;0;22m█[38;2;3;3;124m█[38;2;4;4;125m█[38;2;13;13;9m██[38;2;13;13;16m██
██[38;2;13;15;6m██[38;2;5;6;108m█[38;2;6;8;109m█[38;2;0;0;60m█[38;2;37;38;103m█[38;2;232;233;222m█[38;2;185;186;174m█[38;2;146;146;144m█[38;2;232;232;230m█[38;2;255;255;255m██[38;2;255;255;254m█[38;2;172;172;169m█[38;2;148;148;146m█[38;2;239;239;237m█[38;2;255;255;255m██[38;2;252;252;250m█[38;2;165;165;162m█[38;2;160;161;150m█[38;2;228;229;217m█[38;2;53;53;115m█[38;2;0;0;54m█[38;2;6;6;113m█[38;2;5;5;112m█[38;2;13;15;6m██[38;2;13;13;16m██
██[38;2;13;13;9m██[38;2;9;9;66m██[38;2;5;4;141m█[38;2;0;0;124m█[38;2;19;19;19m█[38;2;0;0;0m██[38;2;26;27;42m█[38;2;125;124;111m█[38;2;143;141;129m█[38;2;66;65;74m█[38;2;0;0;0m██[38;2;38;37;51m█[38;2;131;130;117m█[38;2;140;139;126m█[38;2;56;55;65m█[38;2;0;0;0m██[38;2;12;12;18m█[38;2;0;0;119m█[38;2;5;4;137m█[38;2;10;10;72m█[38;2;9;9;70m█[38;2;13;13;9m██[38;2;13;13;16m██
████[38;2;13;13;13m██[38;2;3;3;160m██[38;2;0;0;186m█[38;2;0;0;192m█[38;2;2;1;187m█[38;2;0;0;175m█[38;2;0;0;53m██[38;2;0;0;151m█[38;2;1;1;166m█[38;2;2;1;186m█[38;2;0;0;173m█[38;2;0;0;51m██[38;2;0;0;154m█[38;2;2;2;169m█[38;2;0;0;205m█[38;2;0;0;197m█[38;2;2;2;164m█[38;2;3;3;165m█[38;2;13;13;16m██████
████[38;2;13;13;9m██[38;2;11;10;49m██[38;2;5;5;130m██[38;2;5;5;120m█[38;2;6;6;122m█[38;2;0;0;212m██[38;2;5;4;139m██[38;2;4;5;123m█[38;2;5;6;124m█[38;2;0;0;215m██[38;2;5;4;137m██[38;2;5;5;117m█[38;2;6;6;118m█[38;2;9;11;51m██[38;2;13;13;9m██[38;2;13;13;16m████
██████[38;2;13;13;11m██[38;2;13;15;6m██[38;2;13;13;9m██[38;2;13;12;22m██[38;2;13;13;9m████[38;2;13;12;22m██[38;2;13;13;9m██[38;2;13;15;4m██[38;2;13;13;11m██[38;2;13;13;16m██████
████████████[38;2;13;13;13m██[38;2;13;13;16m████[38;2;13;13;13m██[38;2;13;13;16m████████████
████████████████████████████████