[38;2;13;13;16m██████████[38;2;13;15;6m██[38;2;9;9;68m██[38;2;5;3;152m████[38;2;10;10;69m█[38;2;9;9;68m█[38;2;13;15;6m██[38;2;13;13;16m██████████
████████[38;2;13;15;6m██[38;2;5;5;117m█[38;2;6;6;118m█[38;2;0;0;225m█[38;2;0;0;223m█[38;2;0;0;173m█[38;2;0;0;169m██[38;2;0;0;173m█[38;2;0;0;223m█[38;2;0;0;226m█[38;2;6;6;118m█[38;2;5;5;117m█[38;2;13;15;6m██[38;2;13;13;16m████████
██████[38;2;13;15;6m██[38;2;8;8;84m█[38;2;9;9;86m█[38;2;1;1;208m█[38;2;0;0;200m█[38;2;0;0;38m█[38;2;0;0;42m█[38;2;19;20;10m█[38;2;39;40;30m█[38;2;38;39;28m█[38;2;19;20;10m█[38;2;0;0;42m█[38;2;0;0;38m█[38;2;0;0;200m█[38;2;1;1;208m█[38;2;9;9;86m█[38;2;8;8;84m█[38;2;13;15;6m██[38;2;13;13;16m██████
████[38;2;13;13;13m██[38;2;13;12;24m██[38;2;2;1;187m█[38;2;1;0;186m█[38;2;0;0;40m█[38;2;3;4;54m█[38;2;104;105;91m█[38;2;193;194;180m█[38;2;236;236;236m█[38;2;250;250;250m█[38;2;249;249;249m█[38;2;236;236;236m█[38;2;193;194;180m█[38;2;104;105;91m█[38;2;3;4;54m█[38;2;0;0;40m█[38;2;1;0;186m█[38;2;2;1;187m█[38;2;13;12;24m██[38;2;13;13;13m██[38;2;13;13;16m████
████[38;2;13;15;4m██[38;2;8;6;100m█[38;2;9;8;101m█[38;2;3;3;132m█[38;2;0;0;109m█[38;2;62;61;48m█[38;2;217;216;203m█[38;2;255;255;255m████████[38;2;217;216;203m█[38;2;62;61;48m█[38;2;0;0;109m█[38;2;3;3;132m█[38;2;9;8;101m█[38;2;8;6;100m█[38;2;13;15;4m██[38;2;13;13;16m████
████[38;2;13;13;11m██[38;2;3;4;155m██[38;2;0;0;24m█[38;2;79;77;115m█[38;2;252;252;247m█[38;2;255;255;255m█[38;2;253;253;253m████████[38;2;255;255;255m█[38;2;252;252;247m█[38;2;80;79;116m█[38;2;0;0;24m█[38;2;3;4;155m██[38;2;13;13;11m██[38;2;13;13;16m████
██[38;2;13;13;11m██[38;2;11;11;40m██[38;2;6;4;151m█[38;2;0;0;132m█[38;2;48;48;44m█[38;2;247;247;243m█[38;2;255;255;255m█[38;2;253;253;253m██████████[38;2;255;255;255m█[38;2;247;247;243m█[38;2;47;47;42m█[38;2;0;0;132m█[38;2;4;5;151m█[38;2;11;11;40m██[38;2;13;13;11m██[38;2;13;13;16m██
██[38;2;13;15;6m██[38;2;8;9;76m█[38;2;9;10;77m█[38;2;3;3;110m█[38;2;0;0;96m█[38;2;193;194;182m█[38;2;255;255;255m████[38;2;253;253;253m█████████[38;2;255;255;254m█[38;2;193;194;182m█[38;2;0;0;96m█[38;2;3;3;110m█[38;2;9;10;77m█[38;2;8;9;76m█[38;2;13;15;6m██[38;2;13;13;16m██
██[38;2;13;15;6m██[38;2;5;6;104m█[38;2;6;8;105m█[38;2;0;0;62m█[38;2;59;59;130m█[38;2;255;255;255m█[38;2;196;197;187m█[38;2;45;45;45m█[38;2;146;146;146m█[38;2;253;253;253m█[38;2;255;255;255m█[38;2;253;253;253m███[38;2;255;255;255m█████[38;2;254;255;245m█[38;2;255;255;251m█[38;2;59;59;130m█[38;2;0;0;62m█[38;2;6;8;105m█[38;2;5;6;104m█[38;2;13;15;6m██[38;2;13;13;16m██
██[38;2;13;15;6m██[38;2;5;5;118m█[38;2;6;6;119m█[38;2;0;0;30m█[38;2;141;144;186m█[38;2;255;255;255m█[38;2;189;189;185m█[38;2;0;0;0m██[38;2;53;53;53m█[38;2;190;190;190m█[38;2;255;255;255m█[38;2;253;253;253m█[38;2;255;255;255m█[38;2;249;249;249m█[38;2;245;245;245m█[38;2;246;246;246m██[38;2;247;247;247m█[38;2;255;255;252m█[38;2;255;255;255m█[38;2;141;143;188m█[38;2;0;0;32m█[38;2;6;6;119m█[38;2;5;5;118m█[38;2;13;15;6m██[38;2;13;13;16m██
██[38;2;13;13;9m██[38;2;4;4;125m█[38;2;3;3;124m█[38;2;0;0;25m█[38;2;190;189;222m█[38;2;255;255;255m█[38;2;255;255;254m█[38;2;224;224;224m█[38;2;86;86;86m█[38;2;0;0;0m██[38;2;130;130;130m█[38;2;255;255;255m█[38;2;171;171;171m█[38;2;23;23;23m█[38;2;27;27;27m███[38;2;20;20;20m█[38;2;146;146;141m█[38;2;255;255;255m█[38;2;190;189;222m█[38;2;0;0;25m█[38;2;3;3;124m█[38;2;4;4;125m█[38;2;13;13;9m██[38;2;13;13;16m██
██[38;2;13;13;9m██[38;2;5;5;126m█[38;2;2;2;123m█[38;2;0;0;25m█[38;2;207;207;232m█[38;2;255;255;255m██[38;2;223;223;223m█[38;2;83;83;83m█[38;2;0;0;0m██[38;2;131;131;131m█[38;2;255;255;255m█[38;2;172;172;172m█[38;2;25;25;25m█[38;2;28;28;28m█[38;2;30;30;30m██[38;2;22;22;22m█[38;2;147;147;145m█[38;2;255;255;255m█[38;2;207;207;232m█[38;2;0;0;25m█[38;2;2;2;123m█[38;2;4;4;125m█[38;2;13;13;9m██[38;2;13;13;16m██
██[38;2;13;13;9m██[38;2;5;5;126m█[38;2;2;2;123m█[38;2;0;0;25m█[38;2;208;208;233m█[38;2;255;255;255m█[38;2;189;189;187m█[38;2;0;0;0m██[38;2;54;54;54m█[38;2;193;193;193m█[38;2;255;255;255m█[38;2;253;253;253m█[38;2;255;255;255m█[38;2;249;249;249m█[38;2;246;246;246m█[38;2;247;247;247m█[38;2;246;246;246m█[38;2;247;247;247m█[38;2;255;255;254m█[38;2;255;255;255m█[38;2;208;208;233m█[38;2;0;0;25m█[38;2;2;2;123m█[38;2;4;4;125m█[38;2;13;13;9m██[38;2;13;13;16m██
██[38;2;13;13;9m██[38;2;5;5;126m█[38;2;2;2;123m█[38;2;0;0;25m█[38;2;208;208;233m█[38;2;255;255;255m█[38;2;196;196;194m█[38;2;46;46;46m█[38;2;147;147;147m█[38;2;253;253;253m█[38;2;255;255;255m█[38;2;253;253;253m███[38;2;255;255;255m█████[38;2;253;253;251m█[38;2;255;255;255m█[38;2;208;208;233m█[38;2;0;0;25m█[38;2;2;2;123m█[38;2;4;4;125m█[38;2;13;13;9m██[38;2;13;13;16m██
██[38;2;13;13;9m██[38;2;5;5;126m█[38;2;2;2;123m█[38;2;0;0;25m█[38;2;208;208;233m█[38;2;255;255;255m█[38;2;255;255;254m█[38;2;255;255;255m███[38;2;253;253;253m█████████[38;2;253;253;251m█[38;2;255;255;255m█[38;2;208;208;233m█[38;2;0;0;25m█[38;2;2;2;123m█[38;2;4;4;125m█[38;2;13;13;9m██[38;2;13;13;16m██
██[38;2;13;13;9m██[38;2;5;5;126m█[38;2;2;2;123m█[38;2;0;0;25m█[38;2;208;208;233m█[38;2;255;255;255m█[38;2;253;253;251m█[38;2;254;254;254m█[38;2;253;253;253m███████████[38;2;253;253;251m█[38;2;255;255;255m█[38;2;208;208;233m█[38;2;0;0;25m█[38;2;2;2;123m█[38;2;4;4;125m█[38;2;13;13;9m██[38;2;13;13;16m██
██[38;2;13;13;9m██[38;2;5;5;126m█[38;2;2;2;123m█[38;2;0;0;25m█[38;2;208;208;233m█[38;2;255;255;255m█[38;2;253;253;251m█[38;2;253;253;253m████████████[38;2;253;253;251m█[38;2;255;255;255m█[38;2;208;208;233m█[38;2;0;0;25m█[38;2;2;2;123m█[38;2;4;4;125m█[38;2;13;13;9m██[38;2;13;13;16m██
██[38;2;13;13;9m██[38;2;5;5;126m█[38;2;2;2;123m█[38;2;0;0;25m█[38;2;208;208;233m█[38;2;255;255;255m█[38;2;253;253;251m█[38;2;253;253;253m████████████[38;2;253;253;251m█[38;2;255;255;255m█[38;2;208;208;233m█[38;2;0;0;25m█[38;2;2;2;123m█[38;2;4;4;125m█[38;2;13;13;9m██[38;2;13;13;16m██
██[38;2;13;13;9m██[38;2;5;5;126m█[38;2;2;2;123m█[38;2;0;0;25m█[38;2;208;208;233m█[38;2;255;255;255m█[38;2;253;253;251m█[38;2;253;253;253m████████████[38;2;253;253;251m█[38;2;255;255;255m█[38;2;208;208;233m█[38;2;0;0;25m█[38;2;2;2;123m█[38;2;4;4;125m█[38;2;13;13;9m██[38;2;13;13;16m██
██[38;2;13;13;9m██[38;2;5;5;126m█[38;2;2;2;123m█[38;2;0;0;25m█[38;2;208;208;233m█[38;2;255;255;255m█[38;2;253;253;251m█[38;2;253;253;253m████████████[38;2;253;253;251m█[38;2;255;255;255m█[38;2;208;208;233m█[38;2;0;0;25m█[38;2;2;2;123m█[38;2;4;4;125m█[38;2;13;13;9m██[38;2;13;13;16m██
██[38;2;13;13;9m██[38;2;5;5;126m█[38;2;2;2;123m█[38;2;0;0;25m█[38;2;208;208;233m█[38;2;255;255;255m█[38;2;253;253;251m█[38;2;253;253;253m████████████[38;2;253;253;251m█[38;2;255;255;255m█[38;2;207;207;232m█[38;2;0;0;25m█[38;2;2;2;123m█[38;2;4;4;125m█[38;2;13;13;9m██[38;2;13;13;16m██
██[38;2;13;13;9m██[38;2;5;5;126m█[38;2;2;2;123m█[38;2;1;1;26m█[38;2;208;208;233m█[38;2;255;255;255m█[38;2;253;253;251m█[38;2;253;253;253m████████████[38;2;253;253;251m█[38;2;255;255;255m█[38;2;208;208;233m█[38;2;1;1;26m█[38;2;2;2;123m█[38;2;4;4;125m█[38;2;13;13;9m██[38;2;13;13;16m██
██[38;2;13;13;9m██[38;2;4;4;127m█[38;2;3;3;126m█[38;2;0;0;24m█[38;2;204;204;231m█[38;2;255;255;255m█[38;2;253;253;251m█[38;2;253;253;253m██[38;2;254;254;254m██[38;2;253;253;253m████[38;2;254;254;254m██[38;2;253;253;253m██[38;2;253;253;251m█[38;2;255;255;255m█[38;2;203;203;230m█[38;2;0;0;23m█[38;2;3;3;126m█[38;2;4;4;127m█[38;2;13;13;9m██[38;2;13;13;16m██
██[38;2;13;15;6m██[38;2;4;4;127m█[38;2;5;5;129m█[38;2;0;0;28m█[38;2;125;127;167m█[38;2;255;255;255m█[38;2;255;255;252m█[38;2;255;255;255m████████[38;2;254;254;254m█[38;2;255;255;255m███[38;2;255;255;252m█[38;2;255;255;255m█[38;2;125;127;167m█[38;2;0;0;28m█[38;2;5;5;126m█[38;2;4;4;125m█[38;2;13;15;6m██[38;2;13;13;16m██
██[38;2;13;15;4m██[38;2;5;6;108m█[38;2;6;8;109m█[38;2;1;0;90m█[38;2;0;0;88m█[38;2;157;158;144m█[38;2;247;249;235m█[38;2;251;251;249m█[38;2;188;188;186m█[38;2;59;60;49m█[38;2;52;53;42m█[38;2;176;176;174m█[38;2;250;250;247m██[38;2;175;175;173m█[38;2;51;52;41m█[38;2;58;59;48m█[38;2;187;187;185m█[38;2;251;251;249m█[38;2;247;249;235m█[38;2;157;158;144m█[38;2;0;0;88m█[38;2;1;0;90m█[38;2;6;8;109m█[38;2;5;6;108m█[38;2;13;15;4m██[38;2;13;13;16m██
██[38;2;13;13;11m██[38;2;9;11;53m██[38;2;3;3;182m█[38;2;0;0;172m█[38;2;0;0;0m█[38;2;30;30;35m█[38;2;37;37;39m█[38;2;0;0;1m█[38;2;0;0;93m█[38;2;0;0;94m█[38;2;0;0;4m█[38;2;34;33;42m█[38;2;34;34;40m█[38;2;0;0;2m█[38;2;0;0;94m█[38;2;0;0;93m█[38;2;0;0;2m█[38;2;37;37;40m█[38;2;30;30;35m█[38;2;0;0;0m█[38;2;0;0;172m█[38;2;3;3;182m█[38;2;9;11;53m██[38;2;13;13;9m██[38;2;13;13;16m██
████[38;2;13;13;9m██[38;2;3;4;153m█[38;2;4;5;154m█[38;2;0;0;202m█[38;2;0;0;194m█[38;2;0;0;175m█[38;2;0;0;183m█[38;2;0;0;233m██[38;2;0;0;189m█[38;2;0;0;181m██[38;2;0;0;189m█[38;2;0;0;235m██[38;2;0;0;186m█[38;2;0;0;178m█[38;2;0;0;194m█[38;2;0;0;202m█[38;2;4;5;154m█[38;2;3;4;153m█[38;2;13;13;9m██[38;2;13;13;16m████
████[38;2;13;13;11m██[38;2;13;12;26m██[38;2;3;4;152m██[38;2;3;4;158m██[38;2;9;10;58m██[38;2;5;3;152m██[38;2;3;4;152m██[38;2;9;10;55m██[38;2;3;4;155m██[38;2;3;4;150m██[38;2;13;12;26m██[38;2;13;13;11m██[38;2;13;13;16m████
██████[38;2;13;13;13m██[38;2;13;15;6m████[38;2;13;13;9m██[38;2;13;15;6m████[38;2;13;13;9m██[38;2;13;15;6m████[38;2;13;13;13m██[38;2;13;13;16m██████
████████████████████████████████
████████████████████████████████
████████████████████████████████