[38;2;13;13;16m████████████████████████████████
████████████[38;2;13;13;11m██[38;2;13;15;4m████[38;2;13;13;11m██[38;2;13;13;16m████████████
██████████[38;2;13;15;6m██[38;2;11;11;38m██[38;2;5;6;110m█[38;2;6;8;111m█[38;2;6;6;116m██[38;2;11;10;47m██[38;2;13;15;6m██[38;2;13;13;16m██████████
████████[38;2;13;15;6m██[38;2;8;9;76m██[38;2;0;0;210m█[38;2;0;0;209m█[38;2;0;0;183m█[38;2;0;0;179m█[38;2;0;0;175m█[38;2;0;0;179m█[38;2;0;0;212m█[38;2;0;0;215m█[38;2;9;8;98m█[38;2;8;6;97m█[38;2;13;15;6m██[38;2;13;13;16m████████
██████[38;2;13;13;9m██[38;2;9;11;53m██[38;2;0;1;202m█[38;2;0;0;197m█[38;2;0;0;58m█[38;2;0;0;55m█[38;2;12;13;5m█[38;2;31;32;24m█[38;2;34;35;25m█[38;2;18;19;9m█[38;2;0;0;42m█[38;2;0;0;38m█[38;2;0;0;189m█[38;2;0;1;198m█[38;2;9;10;77m█[38;2;8;9;76m█[38;2;13;15;6m██[38;2;13;13;16m██████
██████[38;2;13;13;11m██[38;2;3;3;166m██[38;2;0;0;66m█[38;2;0;0;65m█[38;2;80;79;63m█[38;2;176;175;160m█[38;2;226;226;226m█[38;2;245;245;245m█[38;2;246;246;246m█[38;2;235;235;235m█[38;2;195;196;185m█[38;2;112;113;102m█[38;2;10;12;54m█[38;2;0;0;31m█[38;2;0;0;176m█[38;2;2;2;179m█[38;2;13;12;24m██[38;2;13;13;13m██[38;2;13;13;16m████
████[38;2;13;13;9m██[38;2;9;9;70m██[38;2;3;5;147m█[38;2;0;0;125m█[38;2;32;33;22m█[38;2;189;190;179m█[38;2;255;255;255m████████[38;2;228;226;214m█[38;2;82;81;68m█[38;2;0;0;96m█[38;2;2;2;117m█[38;2;6;8;103m█[38;2;5;6;102m█[38;2;13;15;4m██[38;2;13;13;16m████
████[38;2;13;15;6m██[38;2;4;3;136m█[38;2;6;5;138m█[38;2;0;0;45m█[38;2;39;40;94m█[38;2;231;232;224m█[38;2;255;255;255m█[38;2;253;253;253m████████[38;2;255;255;255m██[38;2;109;109;134m█[38;2;0;0;12m█[38;2;1;2;151m█[38;2;3;4;153m█[38;2;13;13;13m██[38;2;13;13;16m████
██[38;2;13;13;13m██[38;2;13;12;26m██[38;2;5;3;150m█[38;2;0;0;139m█[38;2;16;16;19m█[38;2;219;219;223m█[38;2;255;255;255m█[38;2;253;253;253m██████████[38;2;255;255;255m█[38;2;255;255;253m█[38;2;80;81;73m█[38;2;0;0;116m█[38;2;5;4;139m█[38;2;11;10;47m██[38;2;13;13;11m██[38;2;13;13;16m██
██[38;2;13;13;11m██[38;2;9;10;55m██[38;2;5;4;125m█[38;2;0;0;102m█[38;2;145;146;136m█[38;2;255;255;255m█[38;2;254;254;254m█[38;2;253;253;253m███████████[38;2;255;255;250m█[38;2;225;226;215m█[38;2;8;6;97m█[38;2;1;0;90m█[38;2;9;9;88m█[38;2;8;8;87m█[38;2;13;15;6m██[38;2;13;13;16m██
██[38;2;13;15;6m██[38;2;8;8;84m█[38;2;9;9;86m█[38;2;0;0;84m█[38;2;20;19;107m█[38;2;243;244;233m█[38;2;242;243;232m█[38;2;252;252;252m█[38;2;255;255;255m█[38;2;253;253;253m██████████[38;2;253;254;246m█[38;2;255;255;255m█[38;2;103;104;155m█[38;2;0;0;39m█[38;2;6;6;113m█[38;2;5;5;112m█[38;2;13;15;6m██[38;2;13;13;16m██
██[38;2;13;15;6m██[38;2;5;6;104m█[38;2;6;8;105m█[38;2;0;0;51m█[38;2;94;94;155m█[38;2;245;246;238m█[38;2;27;28;20m█[38;2;54;54;54m█[38;2;195;195;195m█[38;2;255;255;255m██[38;2;253;253;253m██[38;2;255;255;255m██████[38;2;253;253;249m█[38;2;255;255;255m█[38;2;187;187;216m█[38;2;0;0;22m█[38;2;3;3;124m█[38;2;4;4;125m█[38;2;13;13;9m██[38;2;13;13;16m██
██[38;2;13;15;6m██[38;2;5;5;112m█[38;2;6;6;113m█[38;2;0;0;32m█[38;2;144;145;190m█[38;2;255;255;251m█[38;2;79;80;72m█[38;2;0;0;0m██[38;2;95;95;95m█[38;2;224;224;224m█[38;2;255;255;255m█[38;2;254;254;254m█[38;2;222;222;222m█[38;2;207;207;207m█[38;2;209;209;209m██[38;2;207;207;207m█[38;2;233;233;233m█[38;2;255;255;253m█[38;2;255;255;255m█[38;2;226;228;245m█[38;2;11;12;30m█[38;2;0;0;124m█[38;2;5;5;130m█[38;2;13;13;11m██[38;2;13;13;16m██
██[38;2;13;15;6m██[38;2;5;5;117m█[38;2;6;6;118m█[38;2;0;0;28m█[38;2;165;164;204m█[38;2;255;255;255m██[38;2;171;171;171m█[38;2;8;8;8m█[38;2;0;0;0m█[38;2;31;31;31m█[38;2;252;252;252m█[38;2;215;215;215m█[38;2;1;1;1m█[38;2;0;0;0m████[38;2;48;48;48m█[38;2;252;252;250m█[38;2;255;255;255m█[38;2;238;239;253m█[38;2;23;24;38m█[38;2;0;0;123m█[38;2;5;5;132m█[38;2;13;13;13m██[38;2;13;13;16m██
██[38;2;13;15;6m██[38;2;5;5;117m█[38;2;6;6;118m█[38;2;0;0;27m█[38;2;167;166;205m█[38;2;255;255;255m█[38;2;197;197;193m█[38;2;67;67;67m█[38;2;0;0;0m█[38;2;1;1;1m█[38;2;122;122;122m█[38;2;255;255;255m█[38;2;238;238;238m█[38;2;103;103;103m█[38;2;82;82;82m█[38;2;84;84;84m██[38;2;79;79;79m█[38;2;139;139;139m█[38;2;255;255;253m█[38;2;255;255;254m█[38;2;238;239;253m█[38;2;24;25;39m█[38;2;0;0;123m█[38;2;5;5;132m█[38;2;13;13;13m██[38;2;13;13;16m██
██[38;2;13;15;6m██[38;2;5;5;117m██[38;2;0;0;27m█[38;2;173;172;211m█[38;2;238;238;233m█[38;2;0;0;0m██[38;2;75;75;75m█[38;2;209;209;209m█[38;2;255;255;255m█[38;2;254;254;254m█[38;2;255;255;255m███████[38;2;253;253;251m█[38;2;255;255;254m█[38;2;237;238;252m█[38;2;23;24;38m█[38;2;0;0;124m█[38;2;5;5;132m█[38;2;13;13;13m██[38;2;13;13;16m██
██[38;2;13;15;6m██[38;2;5;5;117m██[38;2;0;0;27m█[38;2;171;169;209m█[38;2;255;255;253m█[38;2;134;134;130m█[38;2;172;172;172m█[38;2;255;255;255m██[38;2;253;253;253m█████████[38;2;253;253;251m█[38;2;255;255;254m█[38;2;236;237;252m█[38;2;22;23;38m█[38;2;0;0;124m█[38;2;5;5;132m█[38;2;13;13;13m██[38;2;13;13;16m██
██[38;2;13;15;6m██[38;2;5;5;117m██[38;2;0;0;28m█[38;2;172;171;210m█[38;2;255;255;255m███[38;2;254;254;254m█[38;2;253;253;253m██████████[38;2;253;253;251m█[38;2;255;255;254m█[38;2;235;236;251m█[38;2;19;20;35m█[38;2;0;0;122m█[38;2;5;5;130m█[38;2;13;13;13m██[38;2;13;13;16m██
██[38;2;13;15;6m██[38;2;5;5;118m██[38;2;0;0;26m█[38;2;174;173;210m█[38;2;255;255;255m█[38;2;253;253;249m█[38;2;253;253;253m████████████[38;2;253;253;251m█[38;2;255;255;254m█[38;2;233;235;250m█[38;2;18;19;34m█[38;2;0;0;122m█[38;2;5;5;130m█[38;2;13;13;13m██[38;2;13;13;16m██
██[38;2;13;15;6m██[38;2;4;5;118m██[38;2;0;0;27m█[38;2;178;176;214m█[38;2;255;255;255m█[38;2;253;253;249m█[38;2;253;253;253m████████████[38;2;253;253;251m█[38;2;255;255;254m█[38;2;231;232;247m█[38;2;16;17;32m█[38;2;0;0;123m█[38;2;5;5;130m█[38;2;13;13;13m██[38;2;13;13;16m██
██[38;2;13;15;6m██[38;2;5;5;118m██[38;2;0;0;25m█[38;2;181;180;215m█[38;2;255;255;255m█[38;2;253;253;249m█[38;2;253;253;253m████████████[38;2;253;253;251m█[38;2;255;255;255m█[38;2;229;230;247m█[38;2;13;15;32m█[38;2;0;0;123m█[38;2;5;5;130m█[38;2;13;13;11m██[38;2;13;13;16m██
██[38;2;13;15;6m██[38;2;4;5;120m██[38;2;0;0;26m█[38;2;186;185;219m█[38;2;255;255;255m█[38;2;253;253;249m█[38;2;253;253;253m████████████[38;2;253;253;251m█[38;2;255;255;255m█[38;2;225;226;244m█[38;2;11;12;30m█[38;2;0;0;124m█[38;2;5;5;130m█[38;2;13;13;11m██[38;2;13;13;16m██
██[38;2;13;13;9m██[38;2;4;5;120m█[38;2;3;4;119m█[38;2;0;0;25m█[38;2;189;188;221m█[38;2;255;255;255m█[38;2;253;253;249m█[38;2;253;253;253m████████████[38;2;253;253;251m█[38;2;255;255;255m█[38;2;223;223;244m█[38;2;9;9;30m█[38;2;0;0;123m█[38;2;5;5;129m█[38;2;13;13;11m██[38;2;13;13;16m██
██[38;2;13;13;9m██[38;2;4;5;123m█[38;2;3;4;122m█[38;2;0;0;24m█[38;2;195;195;224m█[38;2;255;255;255m█[38;2;253;253;249m█[38;2;253;253;253m████████████[38;2;253;253;251m█[38;2;255;255;255m█[38;2;222;222;243m█[38;2;8;8;28m█[38;2;0;0;123m█[38;2;5;5;129m█[38;2;13;13;11m██[38;2;13;13;16m██
██[38;2;13;13;9m██[38;2;4;5;123m██[38;2;0;0;23m█[38;2;183;182;215m█[38;2;255;255;255m█[38;2;253;253;249m█[38;2;255;255;255m██[38;2;253;253;253m███[38;2;254;254;254m█[38;2;255;255;255m██[38;2;253;253;253m███[38;2;254;254;254m█[38;2;255;255;255m██[38;2;205;205;231m█[38;2;0;0;24m█[38;2;2;2;125m█[38;2;4;4;127m█[38;2;13;13;9m██[38;2;13;13;16m██
██[38;2;13;15;6m██[38;2;5;5;115m█[38;2;6;6;116m█[38;2;0;0;41m█[38;2;80;81;132m█[38;2;255;255;255m██[38;2;222;222;222m█[38;2;232;232;232m█[38;2;255;255;255m████[38;2;218;218;218m█[38;2;236;236;236m█[38;2;255;255;255m████[38;2;218;219;211m█[38;2;245;246;238m█[38;2;101;102;147m█[38;2;0;0;34m█[38;2;6;6;119m█[38;2;5;5;118m█[38;2;13;15;6m██[38;2;13;13;16m██
██[38;2;13;15;6m██[38;2;8;8;83m█[38;2;9;9;84m█[38;2;3;3;115m█[38;2;0;0;97m█[38;2;100;100;81m█[38;2;111;111;93m█[38;2;5;5;3m█[38;2;19;19;17m█[38;2;141;141;137m█[38;2;216;216;211m█[38;2;202;202;197m█[38;2;93;93;88m█[38;2;2;2;0m█[38;2;26;26;22m█[38;2;153;153;148m█[38;2;218;218;214m█[38;2;196;196;192m█[38;2;81;81;76m█[38;2;3;2;0m█[38;2;26;25;12m█[38;2;0;0;98m█[38;2;2;3;107m█[38;2;9;9;88m█[38;2;8;8;87m█[38;2;13;15;6m██[38;2;13;13;16m██
██[38;2;13;13;13m██[38;2;13;12;26m██[38;2;3;2;175m█[38;2;0;0;172m█[38;2;0;0;70m█[38;2;0;0;69m█[38;2;0;0;155m█[38;2;0;0;152m█[38;2;0;0;16m█[38;2;1;1;27m█[38;2;0;0;46m█[38;2;0;0;40m█[38;2;0;0;159m█[38;2;0;0;152m█[38;2;0;0;12m█[38;2;2;2;25m█[38;2;0;0;49m█[38;2;0;0;46m█[38;2;0;0;168m█[38;2;0;0;161m█[38;2;0;0;171m█[38;2;2;2;175m█[38;2;11;12;27m██[38;2;13;13;13m██[38;2;13;13;16m██
████[38;2;13;15;6m██[38;2;8;8;84m█[38;2;9;9;86m█[38;2;0;0;212m██[38;2;3;3;166m██[38;2;0;0;211m█[38;2;0;0;209m█[38;2;0;0;204m█[38;2;0;0;207m█[38;2;3;3;166m██[38;2;0;0;211m█[38;2;0;0;209m█[38;2;0;0;202m█[38;2;0;1;204m█[38;2;3;3;171m██[38;2;9;8;90m█[38;2;8;6;89m█[38;2;13;15;6m██[38;2;13;13;16m████
██████[38;2;13;13;11m██[38;2;11;12;30m██[38;2;13;13;11m██[38;2;9;10;60m█[38;2;10;11;61m█[38;2;12;11;51m█[38;2;11;10;49m█[38;2;13;13;9m██[38;2;9;10;63m█[38;2;10;11;65m█[38;2;11;10;47m██[38;2;13;15;6m██[38;2;13;13;11m██[38;2;13;13;16m██████
████████[38;2;13;13;13m██[38;2;13;13;16m██[38;2;13;13;9m██[38;2;13;13;11m██[38;2;13;13;16m██[38;2;13;13;9m██[38;2;13;13;11m██[38;2;13;13;16m██████████
████████████████████████████████