[38;2;13;13;16m██████████[38;2;13;13;13m██[38;2;13;15;6m██[38;2;13;13;17m████[38;2;13;15;6m██[38;2;13;13;13m██[38;2;13;13;16m██████████
████████[38;2;13;13;11m██[38;2;13;13;17m██[38;2;6;5;126m██[38;2;0;1;202m████[38;2;5;5;126m██[38;2;13;13;17m██[38;2;13;13;11m██[38;2;13;13;16m████████
██████[38;2;13;13;13m██[38;2;13;13;16m██[38;2;3;3;165m██[38;2;0;0;180m█[38;2;0;0;168m█[38;2;0;0;68m█[38;2;0;0;66m██[38;2;0;0;68m█[38;2;0;0;169m█[38;2;0;0;180m█[38;2;4;4;166m█[38;2;3;3;165m█[38;2;13;13;16m██[38;2;13;13;13m██[38;2;13;13;16m██████
██████[38;2;13;15;4m██[38;2;4;5;123m█[38;2;5;6;124m█[38;2;1;2;153m█[38;2;0;0;134m█[38;2;0;0;0m█[38;2;51;51;46m█[38;2;105;107;95m█[38;2;134;136;124m██[38;2;105;107;95m█[38;2;51;51;46m█[38;2;0;0;0m█[38;2;0;0;134m█[38;2;0;1;152m█[38;2;8;8;125m█[38;2;5;5;123m█[38;2;13;15;4m██[38;2;13;13;16m██████
████[38;2;13;13;11m██[38;2;11;10;42m██[38;2;4;3;176m█[38;2;0;0;166m█[38;2;0;0;0m█[38;2;80;80;86m█[38;2;202;202;197m█[38;2;255;255;251m█[38;2;255;255;255m████[38;2;255;255;251m█[38;2;202;202;197m█[38;2;80;80;86m█[38;2;0;0;0m█[38;2;0;0;166m█[38;2;3;3;176m█[38;2;11;10;42m██[38;2;13;13;11m██[38;2;13;13;16m████
████[38;2;13;15;4m██[38;2;5;5;118m█[38;2;8;8;120m█[38;2;0;0;84m█[38;2;0;0;81m█[38;2;153;154;143m█[38;2;255;255;253m█[38;2;255;255;255m█[38;2;254;254;254m█[38;2;253;253;253m████[38;2;254;254;254m█[38;2;255;255;255m█[38;2;255;255;253m█[38;2;153;154;143m█[38;2;0;0;80m█[38;2;0;0;84m█[38;2;8;8;120m█[38;2;5;5;118m█[38;2;13;15;4m██[38;2;13;13;16m████
████[38;2;13;13;17m██[38;2;3;4;152m█[38;2;0;0;147m█[38;2;0;0;8m█[38;2;161;162;176m█[38;2;255;255;255m█[38;2;254;254;252m█[38;2;253;253;253m████████[38;2;254;254;252m█[38;2;255;255;255m█[38;2;161;162;176m█[38;2;0;0;8m█[38;2;0;0;147m█[38;2;3;4;152m█[38;2;13;13;17m██[38;2;13;13;16m████
██[38;2;13;13;11m██[38;2;11;10;51m██[38;2;5;5;132m█[38;2;0;0;108m█[38;2;109;110;100m█[38;2;255;255;255m█[38;2;254;254;254m█[38;2;253;253;253m██████████[38;2;254;254;254m█[38;2;255;255;255m█[38;2;109;110;100m█[38;2;0;0;108m█[38;2;5;5;132m█[38;2;9;11;51m██[38;2;13;13;11m██[38;2;13;13;16m██
██[38;2;13;15;6m██[38;2;8;8;84m█[38;2;9;9;86m█[38;2;0;0;87m█[38;2;13;12;101m█[38;2;232;233;223m█[38;2;255;255;252m█[38;2;255;255;255m██[38;2;253;253;253m██████████[38;2;255;255;250m█[38;2;232;233;223m█[38;2;12;11;100m█[38;2;0;0;87m█[38;2;9;9;86m█[38;2;8;8;84m█[38;2;13;15;6m██[38;2;13;13;16m██
██[38;2;13;15;6m██[38;2;5;6;108m█[38;2;6;8;109m█[38;2;0;0;45m█[38;2;96;96;153m█[38;2;255;255;255m█[38;2;230;231;223m█[38;2;140;140;140m█[38;2;218;218;218m█[38;2;255;255;255m██[38;2;253;253;253m████████[38;2;253;254;246m█[38;2;255;255;255m█[38;2;96;96;153m█[38;2;0;0;45m█[38;2;6;8;109m█[38;2;5;6;108m█[38;2;13;15;6m██[38;2;13;13;16m██
██[38;2;13;15;6m██[38;2;5;5;118m█[38;2;6;6;119m█[38;2;0;0;27m█[38;2;167;166;205m█[38;2;255;255;255m█[38;2;167;167;162m█[38;2;0;0;0m█[38;2;8;8;8m█[38;2;132;132;132m█[38;2;245;245;245m█[38;2;255;255;255m█[38;2;252;252;252m█[38;2;255;255;255m██████[38;2;255;255;254m█[38;2;255;255;255m█[38;2;167;166;205m█[38;2;0;0;27m█[38;2;5;6;119m█[38;2;4;5;118m█[38;2;13;15;6m██[38;2;13;13;16m██
██[38;2;13;13;9m██[38;2;5;5;126m█[38;2;3;3;124m█[38;2;0;0;24m█[38;2;201;201;228m█[38;2;255;255;255m█[38;2;247;247;243m█[38;2;143;143;143m█[38;2;23;23;23m█[38;2;0;0;0m█[38;2;34;34;34m█[38;2;186;186;186m█[38;2;255;255;255m█[38;2;210;210;210m█[38;2;104;104;104m█[38;2;102;102;102m█[38;2;103;103;103m██[38;2;101;101;101m█[38;2;195;195;190m█[38;2;255;255;255m█[38;2;201;201;228m█[38;2;0;0;24m█[38;2;3;4;122m█[38;2;4;5;123m█[38;2;13;13;9m██[38;2;13;13;16m██
██[38;2;13;13;9m██[38;2;5;5;126m█[38;2;2;2;123m█[38;2;0;0;25m█[38;2;208;208;233m█[38;2;255;255;255m███[38;2;122;122;122m█[38;2;0;0;0m██[38;2;93;93;93m█[38;2;255;255;255m█[38;2;144;144;144m█[38;2;0;0;0m█████[38;2;112;112;110m█[38;2;255;255;255m█[38;2;208;208;233m█[38;2;0;0;25m█[38;2;2;2;123m█[38;2;4;4;125m█[38;2;13;13;9m██[38;2;13;13;16m██
██[38;2;13;13;9m██[38;2;5;5;126m█[38;2;2;2;123m█[38;2;0;0;25m█[38;2;208;208;233m█[38;2;255;255;255m█[38;2;217;217;215m█[38;2;49;49;49m█[38;2;0;0;0m█[38;2;5;5;5m█[38;2;119;119;119m█[38;2;239;239;239m█[38;2;255;255;255m█[38;2;245;245;245m█[38;2;197;197;197m█[38;2;194;194;194m█[38;2;195;195;195m█[38;2;194;194;194m█[38;2;195;195;195m█[38;2;239;239;237m█[38;2;255;255;255m█[38;2;208;208;233m█[38;2;0;0;25m█[38;2;2;2;123m█[38;2;4;4;125m█[38;2;13;13;9m██[38;2;13;13;16m██
██[38;2;13;13;9m██[38;2;5;5;126m█[38;2;2;2;123m█[38;2;0;0;25m█[38;2;208;208;233m█[38;2;255;255;255m█[38;2;174;174;172m█[38;2;0;0;0m█[38;2;80;80;80m█[38;2;215;215;215m█[38;2;255;255;255m██[38;2;252;252;252m█[38;2;254;254;254m█[38;2;255;255;255m█████[38;2;255;255;253m█[38;2;255;255;255m█[38;2;208;208;233m█[38;2;0;0;25m█[38;2;2;2;123m█[38;2;4;4;125m█[38;2;13;13;9m██[38;2;13;13;16m██
██[38;2;13;13;9m██[38;2;5;5;126m█[38;2;2;2;123m█[38;2;0;0;25m█[38;2;208;208;233m█[38;2;255;255;255m█[38;2;252;252;250m█[38;2;224;224;224m█[38;2;255;255;255m██[38;2;253;253;253m█████████[38;2;253;253;251m█[38;2;255;255;255m█[38;2;208;208;233m█[38;2;0;0;25m█[38;2;2;2;123m█[38;2;4;4;125m█[38;2;13;13;9m██[38;2;13;13;16m██
██[38;2;13;13;9m██[38;2;5;5;126m█[38;2;2;2;123m█[38;2;0;0;25m█[38;2;208;208;233m█[38;2;255;255;255m█[38;2;254;254;252m█[38;2;255;255;255m█[38;2;254;254;254m█[38;2;253;253;253m██████████[38;2;253;253;251m█[38;2;255;255;255m█[38;2;208;208;233m█[38;2;0;0;25m█[38;2;2;2;123m█[38;2;4;4;125m█[38;2;13;13;9m██[38;2;13;13;16m██
██[38;2;13;13;9m██[38;2;5;5;126m█[38;2;2;2;123m█[38;2;0;0;25m█[38;2;208;208;233m█[38;2;255;255;255m█[38;2;253;253;251m█[38;2;253;253;253m████████████[38;2;253;253;251m█[38;2;255;255;255m█[38;2;208;208;233m█[38;2;0;0;25m█[38;2;2;2;123m█[38;2;4;4;125m█[38;2;13;13;9m██[38;2;13;13;16m██
██[38;2;13;13;9m██[38;2;5;5;126m█[38;2;2;2;123m█[38;2;0;0;25m█[38;2;208;208;233m█[38;2;255;255;255m█[38;2;253;253;251m█[38;2;253;253;253m████████████[38;2;253;253;251m█[38;2;255;255;255m█[38;2;208;208;233m█[38;2;0;0;25m█[38;2;2;2;123m█[38;2;4;4;125m█[38;2;13;13;9m██[38;2;13;13;16m██
██[38;2;13;13;9m██[38;2;5;5;126m█[38;2;2;2;123m█[38;2;0;0;25m█[38;2;208;208;233m█[38;2;255;255;255m█[38;2;253;253;251m█[38;2;253;253;253m████████████[38;2;253;253;251m█[38;2;255;255;255m█[38;2;208;208;233m█[38;2;0;0;25m█[38;2;2;2;123m█[38;2;4;4;125m█[38;2;13;13;9m██[38;2;13;13;16m██
██[38;2;13;13;9m██[38;2;5;5;126m█[38;2;2;2;123m█[38;2;0;0;25m█[38;2;208;208;233m█[38;2;255;255;255m█[38;2;253;253;251m█[38;2;253;253;253m████████████[38;2;253;253;251m█[38;2;255;255;255m█[38;2;208;208;233m█[38;2;0;0;25m█[38;2;2;2;123m█[38;2;5;5;126m█[38;2;13;13;9m██[38;2;13;13;16m██
██[38;2;13;13;9m██[38;2;5;5;126m█[38;2;2;2;123m█[38;2;0;0;25m█[38;2;208;208;233m█[38;2;255;255;255m█[38;2;253;253;251m█[38;2;253;253;253m████████████[38;2;253;253;251m█[38;2;255;255;255m█[38;2;208;208;233m█[38;2;0;0;25m█[38;2;2;2;123m█[38;2;4;4;125m█[38;2;13;13;9m██[38;2;13;13;16m██
██[38;2;13;13;9m██[38;2;6;5;126m█[38;2;3;2;123m█[38;2;0;0;25m█[38;2;208;208;233m█[38;2;255;255;255m█[38;2;253;253;251m█[38;2;253;253;253m████████████[38;2;253;253;251m█[38;2;255;255;255m█[38;2;208;208;233m█[38;2;0;0;25m█[38;2;2;2;123m█[38;2;4;4;125m█[38;2;13;13;9m██[38;2;13;13;16m██
██[38;2;13;13;9m██[38;2;5;5;126m█[38;2;2;2;123m█[38;2;0;0;25m█[38;2;209;209;235m█[38;2;255;255;255m█[38;2;253;253;251m█[38;2;253;253;253m████████████[38;2;253;253;251m█[38;2;255;255;255m█[38;2;209;209;235m█[38;2;1;1;26m█[38;2;2;2;123m█[38;2;4;4;125m█[38;2;13;13;9m██[38;2;13;13;16m██
██[38;2;13;13;9m██[38;2;4;4;127m██[38;2;0;0;22m█[38;2;187;187;216m█[38;2;255;255;255m█[38;2;253;253;249m█[38;2;253;253;253m██[38;2;255;255;255m██[38;2;254;254;254m█[38;2;253;253;253m██[38;2;254;254;254m█[38;2;255;255;255m██[38;2;253;253;253m██[38;2;253;253;249m█[38;2;255;255;255m█[38;2;189;189;218m█[38;2;0;0;22m█[38;2;3;3;126m█[38;2;4;4;127m█[38;2;13;13;9m██[38;2;13;13;16m██
██[38;2;13;15;6m██[38;2;5;5;123m█[38;2;6;6;124m█[38;2;0;0;47m█[38;2;68;68;125m█[38;2;255;255;251m█[38;2;255;255;255m███[38;2;204;204;202m█[38;2;200;200;197m█[38;2;255;255;255m████[38;2;198;198;196m█[38;2;203;203;201m█[38;2;255;255;255m███[38;2;255;255;252m█[38;2;72;73;126m█[38;2;0;0;45m█[38;2;6;6;124m█[38;2;5;5;123m█[38;2;13;15;6m██[38;2;13;13;16m██
██[38;2;13;15;6m██[38;2;8;6;91m█[38;2;9;8;93m█[38;2;4;4;129m█[38;2;0;0;108m█[38;2;68;67;52m█[38;2;175;174;159m█[38;2;185;186;178m█[38;2;97;98;90m█[38;2;0;0;2m█[38;2;0;0;0m█[38;2;86;87;79m█[38;2;181;182;174m█[38;2;180;181;173m█[38;2;86;87;79m█[38;2;0;0;0m█[38;2;0;0;2m█[38;2;97;98;90m█[38;2;185;186;178m█[38;2;176;175;160m█[38;2;72;70;55m█[38;2;0;0;107m█[38;2;3;3;126m█[38;2;9;8;95m█[38;2;8;6;94m█[38;2;13;15;6m██[38;2;13;13;16m██
██[38;2;13;13;13m██[38;2;11;12;30m██[38;2;0;1;196m█[38;2;0;0;195m█[38;2;0;0;61m█[38;2;0;0;56m█[38;2;0;0;42m██[38;2;0;0;185m█[38;2;0;0;186m█[38;2;0;0;51m█[38;2;0;0;49m██[38;2;0;0;51m█[38;2;0;0;186m█[38;2;0;0;185m█[38;2;0;0;42m██[38;2;0;0;54m█[38;2;0;0;59m█[38;2;0;0;194m█[38;2;2;0;196m█[38;2;11;11;32m██[38;2;13;13;13m██[38;2;13;13;16m██
████[38;2;13;15;6m██[38;2;5;6;102m█[38;2;6;8;103m█[38;2;0;0;237m█[38;2;0;0;235m█[38;2;0;0;229m█[38;2;0;0;230m█[38;2;2;1;186m██[38;2;0;0;231m█[38;2;0;0;229m██[38;2;0;0;230m█[38;2;2;1;186m██[38;2;0;0;230m█[38;2;0;0;229m█[38;2;0;0;235m█[38;2;0;0;237m█[38;2;6;8;103m█[38;2;5;6;102m█[38;2;13;15;6m██[38;2;13;13;16m████
██████[38;2;13;13;11m██[38;2;9;9;70m█[38;2;10;10;72m█[38;2;10;9;80m█[38;2;9;8;79m█[38;2;13;13;16m██[38;2;9;9;74m█[38;2;10;10;75m██[38;2;9;9;74m█[38;2;13;13;16m██[38;2;8;8;79m█[38;2;9;9;80m█[38;2;9;9;73m██[38;2;13;13;11m██[38;2;13;13;16m██████
████████[38;2;13;15;6m████[38;2;13;13;13m██[38;2;13;15;6m████[38;2;13;13;13m██[38;2;13;15;6m████[38;2;13;13;16m████████
████████████████████████████████