[38;2;13;13;16m██████████[38;2;13;13;9m██[38;2;13;12;22m██[38;2;9;9;73m████[38;2;13;12;22m██[38;2;13;13;9m██[38;2;13;13;16m██████████
████████[38;2;13;15;6m██[38;2;9;10;55m██[38;2;0;1;198m██[38;2;0;0;245m████[38;2;1;2;200m█[38;2;0;1;198m█[38;2;9;10;55m██[38;2;13;15;6m██[38;2;13;13;16m████████
██████[38;2;13;13;9m██[38;2;11;11;40m██[38;2;0;0;219m█[38;2;1;0;221m█[38;2;0;0;192m█[38;2;0;0;182m█[38;2;0;0;83m█[38;2;0;0;80m█[38;2;0;0;81m█[38;2;0;0;83m█[38;2;0;0;182m█[38;2;0;0;192m█[38;2;1;0;221m█[38;2;0;0;219m█[38;2;11;11;40m██[38;2;13;13;9m██[38;2;13;13;16m██████
██████[38;2;13;13;9m██[38;2;2;2;169m█[38;2;4;4;172m█[38;2;1;2;167m█[38;2;0;0;150m█[38;2;0;0;0m█[38;2;33;33;35m█[38;2;83;82;69m█[38;2;111;110;97m██[38;2;83;82;69m█[38;2;33;33;35m█[38;2;0;0;0m█[38;2;0;0;150m█[38;2;2;2;167m█[38;2;4;4;172m█[38;2;2;2;169m█[38;2;13;13;9m██[38;2;13;13;16m██████
████[38;2;13;13;9m██[38;2;9;9;68m██[38;2;1;2;201m█[38;2;0;0;193m█[38;2;0;0;1m█[38;2;59;58;69m█[38;2;182;183;175m█[38;2;246;247;239m█[38;2;255;255;255m████[38;2;246;247;239m█[38;2;182;183;175m█[38;2;59;58;69m█[38;2;0;0;0m█[38;2;0;0;193m█[38;2;1;2;201m█[38;2;9;9;68m██[38;2;13;13;9m██[38;2;13;13;16m████
████[38;2;13;15;6m██[38;2;2;3;151m█[38;2;4;5;153m█[38;2;0;0;95m█[38;2;0;0;83m█[38;2;132;133;122m█[38;2;255;255;246m█[38;2;255;255;255m██[38;2;253;253;253m████[38;2;255;255;255m██[38;2;255;255;246m█[38;2;132;133;122m█[38;2;0;0;83m█[38;2;0;0;95m█[38;2;4;5;153m█[38;2;2;3;151m█[38;2;13;15;6m██[38;2;13;13;16m████
██[38;2;13;13;13m██[38;2;13;12;26m██[38;2;2;2;175m█[38;2;0;0;172m█[38;2;0;0;5m█[38;2;143;144;159m█[38;2;255;255;255m█[38;2;255;255;253m█[38;2;253;253;253m████████[38;2;255;255;253m█[38;2;255;255;255m█[38;2;143;144;159m█[38;2;0;0;5m█[38;2;0;0;172m█[38;2;2;2;175m█[38;2;13;12;26m██[38;2;13;13;13m██[38;2;13;13;16m██
██[38;2;13;13;9m██[38;2;9;10;63m██[38;2;5;4;145m█[38;2;0;0;122m█[38;2;94;95;84m█[38;2;255;255;255m██[38;2;253;253;253m██████████[38;2;254;254;254m█[38;2;255;255;255m█[38;2;94;95;84m█[38;2;0;0;122m█[38;2;5;4;145m█[38;2;9;10;63m██[38;2;13;13;9m██[38;2;13;13;16m██
██[38;2;13;15;6m██[38;2;8;6;100m█[38;2;9;8;101m█[38;2;0;0;95m█[38;2;4;5;101m█[38;2;225;226;215m█[38;2;255;255;253m█[38;2;255;255;255m██[38;2;254;254;254m█[38;2;253;253;253m█████████[38;2;255;255;250m█[38;2;225;226;215m█[38;2;4;5;101m█[38;2;0;0;95m█[38;2;9;8;98m█[38;2;8;6;97m█[38;2;13;15;6m██[38;2;13;13;16m██
██[38;2;13;15;4m██[38;2;5;5;118m█[38;2;8;8;120m█[38;2;0;0;48m█[38;2;88;88;147m█[38;2;255;255;255m█[38;2;200;201;193m█[38;2;56;56;56m█[38;2;155;155;155m█[38;2;255;255;255m██[38;2;253;253;253m███[38;2;255;255;255m█████[38;2;253;254;246m█[38;2;255;255;255m█[38;2;88;88;147m█[38;2;0;0;48m█[38;2;8;8;120m█[38;2;5;5;118m█[38;2;13;15;4m██[38;2;13;13;16m██
██[38;2;13;15;6m██[38;2;4;4;127m█[38;2;5;5;129m█[38;2;0;0;27m█[38;2;160;162;201m█[38;2;255;255;255m█[38;2;186;186;181m█[38;2;0;0;0m██[38;2;58;58;58m█[38;2;194;194;194m█[38;2;255;255;255m█[38;2;253;253;253m█[38;2;255;255;255m█[38;2;249;249;249m█[38;2;245;245;245m███[38;2;247;247;247m█[38;2;255;255;252m█[38;2;255;255;255m█[38;2;162;161;201m█[38;2;0;0;27m█[38;2;5;5;129m█[38;2;4;4;127m█[38;2;13;15;6m██[38;2;13;13;16m██
██[38;2;13;13;9m██[38;2;4;4;127m█[38;2;3;3;126m█[38;2;0;0;23m█[38;2;198;198;225m█[38;2;255;255;255m█[38;2;255;255;254m█[38;2;217;217;217m█[38;2;79;79;79m█[38;2;0;0;0m██[38;2;131;131;131m█[38;2;255;255;255m█[38;2;172;172;172m█[38;2;24;24;24m█[38;2;27;27;27m███[38;2;20;20;20m█[38;2;146;146;141m█[38;2;255;255;255m█[38;2;198;198;225m█[38;2;0;0;23m█[38;2;3;3;126m█[38;2;4;4;127m█[38;2;13;13;9m██[38;2;13;13;16m██
██[38;2;13;13;9m██[38;2;5;5;126m█[38;2;2;2;123m█[38;2;0;0;25m█[38;2;208;208;233m█[38;2;255;255;255m██[38;2;218;218;218m█[38;2;79;79;79m█[38;2;0;0;0m██[38;2;131;131;131m█[38;2;255;255;255m█[38;2;172;172;172m█[38;2;23;23;23m█[38;2;27;27;27m█[38;2;28;28;28m██[38;2;20;20;20m█[38;2;146;146;144m█[38;2;255;255;255m█[38;2;208;208;233m█[38;2;0;0;25m█[38;2;2;2;123m█[38;2;4;4;125m█[38;2;13;13;9m██[38;2;13;13;16m██
██[38;2;13;13;9m██[38;2;5;5;126m█[38;2;2;2;123m█[38;2;0;0;25m█[38;2;208;208;233m█[38;2;255;255;255m█[38;2;186;186;183m█[38;2;0;0;0m██[38;2;58;58;58m█[38;2;193;193;193m█[38;2;255;255;255m█[38;2;253;253;253m█[38;2;255;255;255m█[38;2;249;249;249m█[38;2;246;246;246m███[38;2;247;247;247m█[38;2;255;255;254m█[38;2;255;255;255m█[38;2;208;208;233m█[38;2;0;0;25m█[38;2;2;2;123m█[38;2;4;4;125m█[38;2;13;13;9m██[38;2;13;13;16m██
██[38;2;13;13;9m██[38;2;5;5;126m█[38;2;2;2;123m█[38;2;0;0;25m█[38;2;208;208;233m█[38;2;255;255;255m█[38;2;200;200;197m█[38;2;55;55;55m█[38;2;154;154;154m█[38;2;255;255;255m██[38;2;253;253;253m███[38;2;255;255;255m█████[38;2;253;253;251m█[38;2;255;255;255m█[38;2;208;208;233m█[38;2;0;0;25m█[38;2;2;2;123m█[38;2;4;4;125m█[38;2;13;13;9m██[38;2;13;13;16m██
██[38;2;13;13;9m██[38;2;5;5;126m█[38;2;2;2;123m█[38;2;0;0;25m█[38;2;208;208;233m█[38;2;255;255;255m█[38;2;255;255;254m█[38;2;255;255;255m███[38;2;253;253;253m█████████[38;2;253;253;251m█[38;2;255;255;255m█[38;2;208;208;233m█[38;2;0;0;25m█[38;2;2;2;123m█[38;2;4;4;125m█[38;2;13;13;9m██[38;2;13;13;16m██
██[38;2;13;13;9m██[38;2;5;5;126m█[38;2;2;2;123m█[38;2;0;0;25m█[38;2;208;208;233m█[38;2;255;255;255m█[38;2;253;253;251m█[38;2;254;254;254m█[38;2;253;253;253m███████████[38;2;253;253;251m█[38;2;255;255;255m█[38;2;208;208;233m█[38;2;0;0;25m█[38;2;2;2;123m█[38;2;4;4;125m█[38;2;13;13;9m██[38;2;13;13;16m██
██[38;2;13;13;9m██[38;2;5;5;126m█[38;2;2;2;123m█[38;2;0;0;25m█[38;2;208;208;233m█[38;2;255;255;255m█[38;2;253;253;251m█[38;2;253;253;253m████████████[38;2;253;253;251m█[38;2;255;255;255m█[38;2;208;208;233m█[38;2;0;0;25m█[38;2;2;2;123m█[38;2;4;4;125m█[38;2;13;13;9m██[38;2;13;13;16m██
██[38;2;13;13;9m██[38;2;5;5;126m█[38;2;2;2;123m█[38;2;0;0;25m█[38;2;208;208;233m█[38;2;255;255;255m█[38;2;253;253;251m█[38;2;253;253;253m████████████[38;2;253;253;251m█[38;2;255;255;255m█[38;2;208;208;233m█[38;2;0;0;25m█[38;2;2;2;123m█[38;2;4;4;125m█[38;2;13;13;9m██[38;2;13;13;16m██
██[38;2;13;13;9m██[38;2;5;5;126m█[38;2;2;2;123m█[38;2;0;0;25m█[38;2;208;208;233m█[38;2;255;255;255m█[38;2;253;253;251m█[38;2;253;253;253m████████████[38;2;253;253;251m█[38;2;255;255;255m█[38;2;208;208;233m█[38;2;0;0;25m█[38;2;2;2;123m█[38;2;4;4;125m█[38;2;13;13;9m██[38;2;13;13;16m██
██[38;2;13;13;9m██[38;2;5;5;126m█[38;2;2;2;123m█[38;2;0;0;25m█[38;2;208;208;233m█[38;2;255;255;255m█[38;2;253;253;251m█[38;2;253;253;253m████████████[38;2;253;253;251m█[38;2;255;255;255m█[38;2;207;207;232m█[38;2;0;0;25m█[38;2;2;2;123m█[38;2;4;4;125m█[38;2;13;13;9m██[38;2;13;13;16m██
██[38;2;13;13;9m██[38;2;5;5;126m█[38;2;2;2;123m█[38;2;1;1;26m█[38;2;208;208;233m█[38;2;255;255;255m█[38;2;253;253;251m█[38;2;253;253;253m████████████[38;2;253;253;251m█[38;2;255;255;255m█[38;2;208;208;233m█[38;2;1;1;26m█[38;2;2;2;123m█[38;2;4;4;125m█[38;2;13;13;9m██[38;2;13;13;16m██
██[38;2;13;13;9m██[38;2;4;4;125m█[38;2;3;3;124m█[38;2;0;0;24m█[38;2;203;203;230m█[38;2;255;255;255m█[38;2;253;253;251m█[38;2;253;253;253m██[38;2;254;254;254m██[38;2;253;253;253m████[38;2;254;254;254m██[38;2;253;253;253m██[38;2;253;253;251m█[38;2;255;255;255m█[38;2;203;203;230m█[38;2;0;0;23m█[38;2;3;3;124m█[38;2;4;4;125m█[38;2;13;13;9m██[38;2;13;13;16m██
██[38;2;13;15;6m██[38;2;5;5;120m█[38;2;6;6;122m█[38;2;0;0;31m█[38;2;124;126;168m█[38;2;255;255;255m█[38;2;255;255;252m█[38;2;255;255;255m███[38;2;254;254;254m█[38;2;255;255;255m████[38;2;254;254;254m█[38;2;255;255;255m███[38;2;255;255;252m█[38;2;255;255;255m█[38;2;123;125;167m█[38;2;0;0;31m█[38;2;6;6;122m█[38;2;5;5;120m█[38;2;13;15;6m██[38;2;13;13;16m██
██[38;2;13;15;6m██[38;2;8;6;95m█[38;2;9;8;96m█[38;2;2;1;91m█[38;2;0;0;88m█[38;2;154;155;141m█[38;2;246;247;233m█[38;2;250;250;247m█[38;2;186;186;183m█[38;2;56;58;47m█[38;2;49;51;40m█[38;2;173;173;171m█[38;2;247;247;245m██[38;2;173;173;171m█[38;2;48;49;39m█[38;2;55;56;46m█[38;2;185;185;182m█[38;2;250;250;247m█[38;2;246;247;233m█[38;2;154;155;141m█[38;2;0;0;88m█[38;2;2;1;91m█[38;2;6;9;96m█[38;2;5;8;95m█[38;2;13;15;6m██[38;2;13;13;16m██
██[38;2;13;13;11m██[38;2;11;11;40m██[38;2;3;3;174m█[38;2;0;0;164m█[38;2;0;0;2m█[38;2;28;27;37m█[38;2;34;34;38m█[38;2;0;0;2m█[38;2;0;0;100m█[38;2;0;0;102m█[38;2;0;0;3m█[38;2;32;31;40m██[38;2;0;0;3m█[38;2;0;0;102m█[38;2;0;0;100m█[38;2;0;0;1m█[38;2;34;34;38m█[38;2;28;27;37m█[38;2;0;0;2m█[38;2;0;0;164m█[38;2;3;3;174m█[38;2;11;11;40m██[38;2;13;13;11m██[38;2;13;13;16m██
████[38;2;13;15;6m██[38;2;4;5;120m█[38;2;5;6;122m█[38;2;0;0;201m█[38;2;0;0;193m█[38;2;0;0;179m█[38;2;0;0;186m█[38;2;0;0;207m█[38;2;1;1;208m█[38;2;0;0;189m█[38;2;0;0;181m██[38;2;0;0;189m█[38;2;1;1;208m██[38;2;0;0;186m█[38;2;0;0;179m█[38;2;0;0;193m█[38;2;0;0;200m█[38;2;5;6;122m█[38;2;4;5;120m█[38;2;13;15;6m██[38;2;13;13;16m████
████[38;2;13;13;13m████[38;2;5;8;100m█[38;2;6;9;101m█[38;2;6;8;108m██[38;2;13;12;24m██[38;2;6;8;103m████[38;2;13;12;24m██[38;2;6;8;108m██[38;2;9;8;98m██[38;2;13;13;13m████[38;2;13;13;16m████
████████[38;2;13;15;6m██[38;2;13;15;4m██[38;2;13;13;13m██[38;2;13;15;6m████[38;2;13;13;13m██[38;2;13;15;6m████[38;2;13;13;16m████████
████████████████████████████████
████████████████████████████████
████████████████████████████████