[38;2;13;13;16m██████████[38;2;13;13;11m████[38;2;11;10;45m████[38;2;13;13;11m████[38;2;13;13;16m██████████
████████[38;2;13;13;9m██[38;2;11;11;37m██[38;2;3;3;171m██[38;2;0;0;217m█[38;2;0;0;216m██[38;2;0;0;217m█[38;2;4;3;174m█[38;2;3;2;173m█[38;2;12;12;38m█[38;2;11;11;37m█[38;2;13;13;9m██[38;2;13;13;16m████████
██████[38;2;13;13;11m██[38;2;11;12;30m██[38;2;2;1;192m██[38;2;0;0;131m█[38;2;0;0;119m█[38;2;0;0;22m█[38;2;0;0;26m██[38;2;0;0;22m█[38;2;0;0;119m█[38;2;0;0;131m█[38;2;2;1;192m██[38;2;11;12;30m██[38;2;13;13;11m██[38;2;13;13;16m██████
██████[38;2;13;15;6m██[38;2;4;2;148m█[38;2;6;4;151m█[38;2;0;0;111m█[38;2;0;0;94m█[38;2;27;26;11m█[38;2;103;102;87m█[38;2;161;162;154m█[38;2;188;189;181m██[38;2;161;162;154m█[38;2;104;103;88m█[38;2;27;26;11m█[38;2;0;0;94m█[38;2;0;0;111m█[38;2;6;4;151m█[38;2;5;3;150m█[38;2;13;15;6m██[38;2;13;13;16m██████
████[38;2;13;13;9m██[38;2;9;10;60m██[38;2;4;4;164m█[38;2;0;0;146m█[38;2;5;5;1m█[38;2;133;133;129m█[38;2;240;240;238m█[38;2;255;255;255m██████[38;2;240;240;238m█[38;2;133;133;129m█[38;2;5;5;1m█[38;2;0;0;146m█[38;2;4;4;164m█[38;2;10;11;61m█[38;2;9;10;60m█[38;2;13;13;9m██[38;2;13;13;16m████
████[38;2;13;15;6m██[38;2;4;4;131m█[38;2;6;6;133m█[38;2;0;0;59m█[38;2;17;17;82m█[38;2;200;201;190m█[38;2;255;255;255m██[38;2;253;253;253m██████[38;2;255;255;255m██[38;2;200;201;190m█[38;2;17;17;82m█[38;2;0;0;59m█[38;2;6;6;133m█[38;2;4;4;131m█[38;2;13;15;6m██[38;2;13;13;16m████
██[38;2;13;13;13m██[38;2;13;12;24m██[38;2;5;3;152m█[38;2;0;0;143m█[38;2;8;8;13m█[38;2;203;203;209m█[38;2;255;255;255m█[38;2;253;253;251m█[38;2;253;253;253m████████[38;2;253;253;251m█[38;2;255;255;255m█[38;2;203;203;209m█[38;2;8;8;13m█[38;2;0;0;143m█[38;2;4;5;153m█[38;2;13;12;24m██[38;2;13;13;13m██[38;2;13;13;16m██
██[38;2;13;13;9m██[38;2;9;10;60m██[38;2;5;5;123m█[38;2;0;0;100m█[38;2;143;144;133m█[38;2;255;255;255m█[38;2;253;253;253m████████████[38;2;255;255;255m█[38;2;143;144;133m█[38;2;0;0;100m█[38;2;5;5;123m█[38;2;9;10;60m██[38;2;13;13;9m██[38;2;13;13;16m██
██[38;2;13;15;6m██[38;2;8;6;91m█[38;2;9;8;93m█[38;2;0;0;79m█[38;2;28;27;110m█[38;2;246;247;237m█[38;2;255;255;251m█[38;2;255;255;255m██[38;2;254;254;254m█[38;2;253;253;253m█████████[38;2;255;255;247m█[38;2;246;247;237m█[38;2;28;27;110m█[38;2;0;0;79m█[38;2;9;8;93m█[38;2;8;6;91m█[38;2;13;15;6m██[38;2;13;13;16m██
██[38;2;13;15;6m██[38;2;5;6;110m█[38;2;6;8;111m█[38;2;0;0;39m█[38;2;113;115;166m█[38;2;255;255;255m█[38;2;209;210;202m█[38;2;80;80;80m█[38;2;175;175;175m█[38;2;255;255;255m██[38;2;253;253;253m███[38;2;254;254;254m█████[38;2;253;254;246m█[38;2;255;255;255m█[38;2;113;115;166m█[38;2;0;0;39m█[38;2;6;8;111m█[38;2;5;6;110m█[38;2;13;15;6m██[38;2;13;13;16m██
██[38;2;13;15;6m██[38;2;5;5;120m██[38;2;0;0;24m█[38;2;178;176;211m█[38;2;255;255;255m█[38;2;178;178;173m█[38;2;0;0;0m██[38;2;79;79;79m█[38;2;211;211;211m█[38;2;255;255;255m█[38;2;253;253;253m█[38;2;255;255;255m██████[38;2;255;255;254m█[38;2;255;255;255m█[38;2;178;176;211m█[38;2;0;0;24m█[38;2;5;5;120m██[38;2;13;15;6m██[38;2;13;13;16m██
██[38;2;13;13;9m██[38;2;5;4;125m█[38;2;3;2;123m█[38;2;0;0;25m█[38;2;204;204;231m█[38;2;255;255;255m█[38;2;255;255;254m█[38;2;197;197;197m█[38;2;62;62;62m█[38;2;0;0;0m██[38;2;146;146;146m█[38;2;255;255;255m█[38;2;183;183;183m█[38;2;45;45;45m█[38;2;48;48;48m███[38;2;42;42;42m█[38;2;160;160;158m█[38;2;255;255;255m█[38;2;204;204;231m█[38;2;0;0;25m█[38;2;3;3;124m█[38;2;5;5;126m█[38;2;13;13;9m██[38;2;13;13;16m██
██[38;2;13;13;9m██[38;2;4;4;125m█[38;2;2;2;123m█[38;2;1;1;26m█[38;2;208;208;233m█[38;2;255;255;255m██[38;2;236;236;236m█[38;2;94;94;94m█[38;2;0;0;0m██[38;2;117;117;117m█[38;2;255;255;255m█[38;2;161;161;161m█[38;2;4;4;4m█[38;2;10;10;10m█[38;2;11;11;11m██[38;2;2;2;2m█[38;2;134;134;132m█[38;2;255;255;255m█[38;2;208;208;233m█[38;2;1;1;26m█[38;2;2;2;123m█[38;2;5;5;126m█[38;2;13;13;9m██[38;2;13;13;16m██
██[38;2;13;13;9m██[38;2;4;4;125m█[38;2;2;2;123m█[38;2;0;0;25m█[38;2;208;208;233m█[38;2;255;255;255m█[38;2;194;194;192m█[38;2;4;4;4m█[38;2;0;0;0m█[38;2;39;39;39m█[38;2;173;173;173m█[38;2;255;255;255m█[38;2;254;254;254m█[38;2;255;255;255m█[38;2;237;237;237m█[38;2;233;233;233m█[38;2;235;235;235m█[38;2;233;233;233m█[38;2;236;236;236m█[38;2;254;254;252m█[38;2;255;255;255m█[38;2;208;208;233m█[38;2;0;0;25m█[38;2;2;2;123m█[38;2;4;4;125m█[38;2;13;13;9m██[38;2;13;13;16m██
██[38;2;13;13;9m██[38;2;4;4;125m█[38;2;2;2;123m█[38;2;0;0;25m█[38;2;208;208;233m█[38;2;255;255;255m█[38;2;192;192;189m█[38;2;34;34;34m█[38;2;133;133;133m█[38;2;246;246;246m█[38;2;255;255;255m█[38;2;254;254;254m█[38;2;253;253;253m██[38;2;255;255;255m█████[38;2;254;254;252m█[38;2;255;255;255m█[38;2;208;208;233m█[38;2;0;0;25m█[38;2;2;2;123m█[38;2;4;4;125m█[38;2;13;13;9m██[38;2;13;13;16m██
██[38;2;13;13;9m██[38;2;4;4;125m█[38;2;2;2;123m█[38;2;0;0;25m█[38;2;208;208;233m█[38;2;255;255;255m█[38;2;255;255;254m█[38;2;253;253;253m█[38;2;255;255;255m██[38;2;253;253;253m█████████[38;2;253;253;251m█[38;2;255;255;255m█[38;2;208;208;233m█[38;2;0;0;25m█[38;2;2;2;123m█[38;2;4;4;125m█[38;2;13;13;9m██[38;2;13;13;16m██
██[38;2;13;13;9m██[38;2;4;4;125m█[38;2;2;2;123m█[38;2;0;0;25m█[38;2;208;208;233m█[38;2;255;255;255m█[38;2;253;253;251m█[38;2;254;254;254m█[38;2;253;253;253m███████████[38;2;253;253;251m█[38;2;255;255;255m█[38;2;208;208;233m█[38;2;0;0;25m█[38;2;2;2;123m█[38;2;4;4;125m█[38;2;13;13;9m██[38;2;13;13;16m██
██[38;2;13;13;9m██[38;2;4;4;125m█[38;2;2;2;123m█[38;2;0;0;25m█[38;2;208;208;233m█[38;2;255;255;255m█[38;2;253;253;251m█[38;2;253;253;253m████████████[38;2;253;253;251m█[38;2;255;255;255m█[38;2;208;208;233m█[38;2;0;0;25m█[38;2;2;2;123m█[38;2;4;4;125m█[38;2;13;13;9m██[38;2;13;13;16m██
██[38;2;13;13;9m██[38;2;4;4;125m█[38;2;2;2;123m█[38;2;0;0;25m█[38;2;208;208;233m█[38;2;255;255;255m█[38;2;253;253;251m█[38;2;253;253;253m████████████[38;2;253;253;251m█[38;2;255;255;255m█[38;2;208;208;233m█[38;2;0;0;25m█[38;2;2;2;123m█[38;2;4;4;125m█[38;2;13;13;9m██[38;2;13;13;16m██
██[38;2;13;13;9m██[38;2;4;4;125m█[38;2;2;2;123m█[38;2;0;0;25m█[38;2;208;208;233m█[38;2;255;255;255m█[38;2;253;253;251m█[38;2;253;253;253m████████████[38;2;253;253;251m█[38;2;255;255;255m█[38;2;208;208;233m█[38;2;0;0;25m█[38;2;2;2;123m█[38;2;4;4;125m█[38;2;13;13;9m██[38;2;13;13;16m██
██[38;2;13;13;9m██[38;2;5;4;125m█[38;2;3;2;123m█[38;2;0;0;25m█[38;2;208;208;233m█[38;2;255;255;255m█[38;2;253;253;251m█[38;2;253;253;253m████████████[38;2;253;253;251m█[38;2;255;255;255m█[38;2;208;208;233m█[38;2;0;0;25m█[38;2;2;2;123m█[38;2;4;4;125m█[38;2;13;13;9m██[38;2;13;13;16m██
██[38;2;13;13;9m██[38;2;5;4;125m█[38;2;3;2;123m█[38;2;0;0;25m█[38;2;208;208;233m█[38;2;255;255;255m█[38;2;253;253;251m█[38;2;253;253;253m████████████[38;2;253;253;251m█[38;2;255;255;255m█[38;2;208;208;233m█[38;2;0;0;25m█[38;2;2;2;123m█[38;2;4;4;125m█[38;2;13;13;9m██[38;2;13;13;16m██
██[38;2;13;13;9m██[38;2;5;4;125m█[38;2;3;2;123m█[38;2;0;0;25m█[38;2;208;208;233m█[38;2;255;255;255m█[38;2;253;253;251m█[38;2;253;253;253m████████████[38;2;253;253;251m█[38;2;255;255;255m█[38;2;208;208;233m█[38;2;0;0;25m█[38;2;2;2;123m█[38;2;4;4;125m█[38;2;13;13;9m██[38;2;13;13;16m██
██[38;2;13;13;9m██[38;2;5;4;125m█[38;2;3;2;123m█[38;2;0;0;25m█[38;2;208;208;233m█[38;2;255;255;255m█[38;2;253;253;251m█[38;2;253;253;253m████████████[38;2;253;253;251m█[38;2;255;255;255m█[38;2;209;209;235m█[38;2;0;0;25m█[38;2;3;2;123m█[38;2;5;4;125m█[38;2;13;13;9m██[38;2;13;13;16m██
██[38;2;13;13;9m██[38;2;4;4;129m██[38;2;0;0;24m█[38;2;168;167;202m█[38;2;255;255;255m█[38;2;253;253;249m█[38;2;253;253;253m█[38;2;255;255;255m████[38;2;253;253;253m██[38;2;255;255;255m████[38;2;253;253;253m█[38;2;253;253;249m█[38;2;255;255;255m█[38;2;171;169;204m█[38;2;0;0;24m█[38;2;4;4;129m██[38;2;13;13;9m██[38;2;13;13;16m██
██[38;2;13;15;4m██[38;2;5;5;123m█[38;2;6;6;124m█[38;2;0;0;62m█[38;2;35;35;103m█[38;2;230;231;221m█[38;2;255;255;255m██[38;2;247;247;247m█[38;2;151;151;146m█[38;2;144;144;139m█[38;2;240;240;240m█[38;2;255;255;255m██[38;2;240;240;240m█[38;2;144;144;139m█[38;2;150;150;145m█[38;2;247;247;247m█[38;2;255;255;255m██[38;2;232;233;223m█[38;2;38;38;103m█[38;2;0;0;60m█[38;2;8;8;125m█[38;2;5;5;123m█[38;2;13;15;4m██[38;2;13;13;16m██
██[38;2;13;15;6m██[38;2;8;8;84m█[38;2;9;9;86m█[38;2;3;4;153m█[38;2;0;0;133m█[38;2;26;25;10m█[38;2;115;113;98m█[38;2;124;125;115m█[38;2;46;47;37m█[38;2;0;0;17m█[38;2;0;0;16m█[38;2;38;39;31m█[38;2;120;122;113m██[38;2;38;39;31m█[38;2;0;0;16m█[38;2;0;0;17m█[38;2;46;47;37m█[38;2;125;126;116m█[38;2;116;115;100m█[38;2;28;27;12m█[38;2;0;0;132m█[38;2;5;3;152m█[38;2;9;9;88m█[38;2;8;8;87m█[38;2;13;15;6m██[38;2;13;13;16m██
██[38;2;13;13;13m██[38;2;13;12;26m██[38;2;0;1;200m██[38;2;0;0;116m█[38;2;0;0;103m█[38;2;0;0;84m█[38;2;0;0;95m█[38;2;0;0;222m█[38;2;0;0;223m█[38;2;0;0;103m█[38;2;0;0;93m██[38;2;0;0;103m█[38;2;0;0;223m█[38;2;0;0;222m█[38;2;0;0;95m█[38;2;0;0;84m█[38;2;0;0;101m█[38;2;0;0;112m█[38;2;0;1;202m██[38;2;13;12;26m██[38;2;13;13;13m██[38;2;13;13;16m██
████[38;2;13;15;6m██[38;2;8;8;84m█[38;2;9;9;86m█[38;2;0;0;237m██[38;2;0;0;235m██[38;2;3;3;165m██[38;2;0;0;233m████[38;2;3;3;165m██[38;2;0;0;235m██[38;2;0;0;239m█[38;2;0;0;238m█[38;2;9;9;88m█[38;2;8;8;87m█[38;2;13;15;6m██[38;2;13;13;16m████
██████[38;2;13;13;9m██[38;2;9;11;53m██[38;2;10;11;61m█[38;2;9;10;60m█[38;2;13;13;9m██[38;2;9;10;58m██[38;2;10;11;59m█[38;2;9;10;58m█[38;2;13;13;9m██[38;2;9;10;60m█[38;2;10;11;61m█[38;2;9;10;55m██[38;2;13;13;9m██[38;2;13;13;16m██████
████████[38;2;13;13;9m████[38;2;13;13;16m██[38;2;13;13;9m████[38;2;13;13;16m██[38;2;13;13;9m████[38;2;13;13;16m████████
████████████████████████████████