[38;2;13;13;16m████████████[38;2;13;13;13m██[38;2;13;13;9m████[38;2;13;13;13m██[38;2;13;13;16m████████████
██████████[38;2;13;13;9m██[38;2;13;13;17m██[38;2;9;10;60m████[38;2;13;13;17m██[38;2;13;13;9m██[38;2;13;13;16m██████████
████████[38;2;13;15;6m██[38;2;11;10;47m██[38;2;2;1;186m██[38;2;0;0;244m████[38;2;2;1;186m██[38;2;11;10;47m██[38;2;13;13;9m██[38;2;13;13;16m████████
██████[38;2;13;13;11m██[38;2;11;11;37m██[38;2;0;0;210m█[38;2;1;1;211m█[38;2;0;0;209m█[38;2;0;0;202m█[38;2;0;0;108m█[38;2;0;0;104m█[38;2;0;0;107m█[38;2;0;0;110m█[38;2;0;0;202m█[38;2;0;0;209m█[38;2;1;1;211m█[38;2;0;0;210m█[38;2;11;11;34m██[38;2;13;13;11m██[38;2;13;13;16m██████
██████[38;2;13;13;9m██[38;2;2;2;164m█[38;2;4;4;166m█[38;2;2;1;183m█[38;2;0;0;168m█[38;2;0;0;3m█[38;2;18;17;31m█[38;2;61;60;47m█[38;2;87;86;73m██[38;2;60;59;46m█[38;2;17;16;30m█[38;2;0;0;3m█[38;2;0;0;172m█[38;2;2;1;186m█[38;2;4;4;164m█[38;2;3;3;162m█[38;2;13;15;6m██[38;2;13;13;16m██████
████[38;2;13;13;9m██[38;2;9;10;61m█[38;2;10;11;62m█[38;2;1;1;208m█[38;2;0;0;202m█[38;2;0;0;5m█[38;2;39;40;58m█[38;2;159;160;152m█[38;2;233;235;226m█[38;2;255;255;255m████[38;2;232;233;223m█[38;2;157;158;147m█[38;2;37;37;58m█[38;2;0;0;8m█[38;2;0;0;202m█[38;2;1;1;208m█[38;2;10;11;61m█[38;2;9;10;60m█[38;2;13;13;9m██[38;2;13;13;16m████
████[38;2;13;15;4m██[38;2;4;2;148m█[38;2;6;4;151m█[38;2;1;2;105m█[38;2;0;0;88m█[38;2;110;111;97m█[38;2;249;250;236m█[38;2;255;255;255m██[38;2;254;254;254m█[38;2;253;253;253m██[38;2;254;254;254m█[38;2;255;255;255m██[38;2;249;247;235m█[38;2;108;107;94m█[38;2;0;0;91m█[38;2;1;1;110m█[38;2;6;5;146m█[38;2;4;3;144m█[38;2;13;15;4m██[38;2;13;13;16m████
██[38;2;13;13;13m██[38;2;13;12;26m██[38;2;2;2;176m█[38;2;0;0;174m█[38;2;0;0;9m█[38;2;125;125;146m█[38;2;255;255;255m█[38;2;255;255;252m█[38;2;253;253;253m████████[38;2;255;255;253m█[38;2;255;255;255m█[38;2;120;120;141m█[38;2;0;0;8m█[38;2;0;0;174m█[38;2;2;2;176m█[38;2;13;12;24m██[38;2;13;13;13m██[38;2;13;13;16m██
██[38;2;13;13;9m██[38;2;9;10;63m██[38;2;6;4;151m█[38;2;0;0;127m█[38;2;82;83;73m█[38;2;255;255;253m█[38;2;255;255;255m█[38;2;253;253;253m██████████[38;2;255;255;255m█[38;2;255;255;251m█[38;2;75;76;66m█[38;2;0;0;130m█[38;2;4;5;153m█[38;2;9;10;60m██[38;2;13;13;9m██[38;2;13;13;16m██
██[38;2;13;15;6m██[38;2;8;6;97m█[38;2;9;8;98m█[38;2;0;1;98m█[38;2;1;2;100m█[38;2;219;221;209m█[38;2;255;255;252m█[38;2;255;255;255m██[38;2;253;253;253m██████████[38;2;255;255;251m█[38;2;214;215;203m█[38;2;0;0;100m█[38;2;1;2;103m█[38;2;9;8;96m█[38;2;8;6;95m█[38;2;13;15;6m██[38;2;13;13;16m██
██[38;2;13;15;4m██[38;2;5;5;118m█[38;2;8;8;120m█[38;2;0;0;51m█[38;2;83;83;145m█[38;2;255;255;255m█[38;2;243;244;236m█[38;2;188;188;188m█[38;2;244;244;244m█[38;2;255;255;255m█[38;2;254;254;254m█[38;2;253;253;253m████████[38;2;253;254;246m█[38;2;255;255;255m█[38;2;76;76;140m█[38;2;0;0;54m█[38;2;8;8;119m█[38;2;5;5;117m█[38;2;13;15;4m██[38;2;13;13;16m██
██[38;2;13;15;6m██[38;2;4;4;127m█[38;2;5;5;129m█[38;2;0;0;26m█[38;2;158;160;198m█[38;2;255;255;255m█[38;2;164;164;159m█[38;2;0;0;0m█[38;2;42;42;42m█[38;2;180;180;180m█[38;2;255;255;255m██[38;2;252;252;252m█[38;2;255;255;255m██████[38;2;255;255;253m█[38;2;255;255;255m█[38;2;151;153;193m█[38;2;0;0;27m█[38;2;5;5;126m█[38;2;4;4;125m█[38;2;13;15;6m██[38;2;13;13;16m██
██[38;2;13;13;9m██[38;2;5;5;129m█[38;2;3;3;126m█[38;2;0;0;23m█[38;2;200;200;226m█[38;2;255;255;255m█[38;2;232;232;228m█[38;2;90;90;90m█[38;2;0;0;0m██[38;2;77;77;77m█[38;2;218;218;218m█[38;2;255;255;255m█[38;2;230;230;230m█[38;2;155;155;155m█[38;2;152;152;152m█[38;2;153;153;153m█[38;2;152;152;152m██[38;2;222;222;217m█[38;2;255;255;255m█[38;2;194;194;223m█[38;2;0;0;24m█[38;2;3;3;126m█[38;2;4;4;127m█[38;2;13;13;9m██[38;2;13;13;16m██
██[38;2;13;13;9m██[38;2;5;5;126m█[38;2;2;2;123m█[38;2;2;2;27m█[38;2;210;210;236m█[38;2;255;255;255m███[38;2;127;127;127m█[38;2;0;0;0m██[38;2;88;88;88m█[38;2;255;255;255m█[38;2;136;136;136m█[38;2;0;0;0m█████[38;2;109;109;107m█[38;2;255;255;255m█[38;2;204;204;231m█[38;2;0;0;25m█[38;2;2;2;123m█[38;2;5;5;126m█[38;2;13;13;9m██[38;2;13;13;16m██
██[38;2;13;13;9m██[38;2;5;5;126m█[38;2;2;2;123m█[38;2;2;2;27m█[38;2;210;210;236m█[38;2;255;255;255m█[38;2;235;235;232m█[38;2;95;95;95m█[38;2;0;0;0m██[38;2;74;74;74m█[38;2;216;216;216m█[38;2;255;255;255m█[38;2;229;229;229m█[38;2;152;152;152m█[38;2;150;150;150m███[38;2;148;148;148m█[38;2;221;221;218m█[38;2;255;255;255m█[38;2;204;204;231m█[38;2;0;0;25m█[38;2;2;2;123m█[38;2;5;5;126m█[38;2;13;13;9m██[38;2;13;13;16m██
██[38;2;13;13;9m██[38;2;5;5;126m█[38;2;2;2;123m█[38;2;1;1;26m█[38;2;210;210;236m█[38;2;255;255;255m█[38;2;164;164;161m█[38;2;0;0;0m█[38;2;39;39;39m█[38;2;176;176;176m█[38;2;255;255;255m██[38;2;252;252;252m█[38;2;255;255;255m██████[38;2;255;255;253m█[38;2;255;255;255m█[38;2;204;204;231m█[38;2;0;0;25m█[38;2;2;2;123m█[38;2;5;5;126m█[38;2;13;13;9m██[38;2;13;13;16m██
██[38;2;13;13;9m██[38;2;5;5;126m█[38;2;2;2;123m█[38;2;1;1;26m█[38;2;210;210;236m█[38;2;255;255;255m█[38;2;242;242;239m█[38;2;185;185;185m█[38;2;243;243;243m█[38;2;255;255;255m█[38;2;254;254;254m█[38;2;253;253;253m████████[38;2;253;253;251m█[38;2;255;255;255m█[38;2;205;205;232m█[38;2;0;0;25m█[38;2;2;2;123m█[38;2;5;5;126m█[38;2;13;13;9m██[38;2;13;13;16m██
██[38;2;13;13;9m██[38;2;5;5;126m█[38;2;2;2;123m█[38;2;1;1;26m█[38;2;210;210;236m█[38;2;255;255;255m█[38;2;255;255;253m█[38;2;255;255;255m██[38;2;253;253;253m██████████[38;2;253;253;251m█[38;2;255;255;255m█[38;2;205;205;232m█[38;2;0;0;25m█[38;2;2;2;123m█[38;2;5;5;126m█[38;2;13;13;9m██[38;2;13;13;16m██
██[38;2;13;13;9m██[38;2;5;5;126m█[38;2;2;2;123m█[38;2;1;1;26m█[38;2;209;209;235m█[38;2;255;255;255m█[38;2;253;253;251m█[38;2;253;253;253m████████████[38;2;253;253;251m█[38;2;255;255;255m█[38;2;205;205;232m█[38;2;0;0;26m█[38;2;2;2;123m█[38;2;5;5;126m█[38;2;13;13;9m██[38;2;13;13;16m██
██[38;2;13;13;9m██[38;2;5;5;126m█[38;2;2;2;123m█[38;2;1;1;26m█[38;2;209;209;235m█[38;2;255;255;255m█[38;2;253;253;251m█[38;2;253;253;253m████████████[38;2;253;253;251m█[38;2;255;255;255m█[38;2;205;205;232m█[38;2;0;0;26m█[38;2;2;2;123m█[38;2;5;5;126m█[38;2;13;13;9m██[38;2;13;13;16m██
██[38;2;13;13;9m██[38;2;5;5;126m█[38;2;2;2;123m█[38;2;1;1;26m█[38;2;209;209;235m█[38;2;255;255;255m█[38;2;253;253;251m█[38;2;253;253;253m████████████[38;2;253;253;251m█[38;2;255;255;255m█[38;2;205;205;232m█[38;2;0;0;26m█[38;2;2;2;123m█[38;2;4;4;125m█[38;2;13;13;9m██[38;2;13;13;16m██
██[38;2;13;13;9m██[38;2;5;5;126m█[38;2;2;2;123m█[38;2;1;1;26m█[38;2;209;209;235m█[38;2;255;255;255m█[38;2;253;253;251m█[38;2;253;253;253m████████████[38;2;253;253;251m█[38;2;255;255;255m█[38;2;205;205;232m█[38;2;0;0;26m█[38;2;2;2;123m█[38;2;4;4;125m█[38;2;13;13;9m██[38;2;13;13;16m██
██[38;2;13;13;9m██[38;2;5;5;126m█[38;2;2;2;123m█[38;2;1;1;26m█[38;2;210;210;236m█[38;2;255;255;255m█[38;2;253;253;251m█[38;2;253;253;253m████████████[38;2;253;253;251m█[38;2;255;255;255m█[38;2;208;208;233m█[38;2;0;0;25m█[38;2;2;2;123m█[38;2;5;5;126m█[38;2;13;13;9m██[38;2;13;13;16m██
██[38;2;13;13;9m██[38;2;5;4;125m██[38;2;0;0;23m█[38;2;182;181;214m█[38;2;255;255;255m█[38;2;253;253;249m█[38;2;253;253;253m█[38;2;254;254;254m█[38;2;255;255;255m██[38;2;254;254;254m█[38;2;253;253;253m██[38;2;254;254;254m█[38;2;255;255;255m██[38;2;254;254;254m█[38;2;253;253;253m█[38;2;253;253;249m█[38;2;255;255;255m█[38;2;180;179;211m█[38;2;0;0;23m█[38;2;5;5;123m██[38;2;13;13;9m██[38;2;13;13;16m██
██[38;2;13;15;6m██[38;2;5;5;112m█[38;2;6;6;113m█[38;2;0;0;52m█[38;2;55;55;115m█[38;2;249;250;242m█[38;2;255;255;255m███[38;2;183;183;181m█[38;2;176;176;174m█[38;2;253;253;253m█[38;2;255;255;255m██[38;2;253;253;253m█[38;2;176;176;174m█[38;2;181;181;179m█[38;2;255;255;255m███[38;2;249;250;239m█[38;2;55;55;115m█[38;2;0;0;52m█[38;2;6;6;113m█[38;2;5;5;112m█[38;2;13;15;6m██[38;2;13;13;16m██
██[38;2;13;13;9m██[38;2;9;9;73m█[38;2;10;10;74m█[38;2;4;4;133m█[38;2;0;0;112m█[38;2;49;48;33m█[38;2;151;150;134m█[38;2;160;161;151m█[38;2;75;76;66m█[38;2;0;0;6m█[38;2;0;0;3m█[38;2;63;65;56m█[38;2;155;157;148m██[38;2;63;65;56m█[38;2;0;0;3m█[38;2;0;0;5m█[38;2;74;75;65m█[38;2;159;160;150m█[38;2;151;150;134m█[38;2;49;48;33m█[38;2;0;0;112m█[38;2;4;4;133m█[38;2;10;10;74m█[38;2;9;9;73m█[38;2;13;13;9m██[38;2;13;13;16m██
██[38;2;13;13;13m██[38;2;13;13;17m██[38;2;3;2;173m█[38;2;2;1;172m█[38;2;0;0;88m█[38;2;0;0;79m█[38;2;0;0;61m█[38;2;0;0;67m█[38;2;0;0;204m█[38;2;0;0;205m█[38;2;0;0;75m█[38;2;0;0;68m██[38;2;0;0;75m█[38;2;0;0;205m█[38;2;0;0;204m█[38;2;0;0;67m█[38;2;0;0;61m█[38;2;0;0;79m█[38;2;0;0;88m█[38;2;1;1;174m█[38;2;2;2;175m█[38;2;13;13;17m██[38;2;13;13;13m██[38;2;13;13;16m██
████[38;2;13;13;9m██[38;2;9;11;53m█[38;2;10;12;54m█[38;2;0;1;200m██[38;2;0;1;202m██[38;2;6;6;116m██[38;2;0;1;198m███[38;2;1;2;200m█[38;2;6;6;113m██[38;2;0;1;202m██[38;2;0;1;200m██[38;2;10;11;56m█[38;2;9;10;55m█[38;2;13;13;9m██[38;2;13;13;16m████
██████[38;2;13;13;9m██[38;2;13;12;22m██[38;2;13;12;26m██[38;2;13;15;4m██[38;2;13;12;24m████[38;2;13;15;4m██[38;2;13;12;26m██[38;2;13;12;22m██[38;2;13;13;9m██[38;2;13;13;16m██████
████████[38;2;13;13;13m████[38;2;13;13;16m██[38;2;13;13;13m████[38;2;13;13;16m██[38;2;13;13;13m████[38;2;13;13;16m████████
████████████████████████████████
████████████████████████████████