[38;2;13;13;16m██████████[38;2;13;13;9m██[38;2;13;13;13m██[38;2;11;11;40m██[38;2;11;11;32m██[38;2;13;15;6m██[38;2;13;13;13m██[38;2;13;13;16m██████████
████████[38;2;13;15;6m██[38;2;11;10;53m██[38;2;2;2;181m██[38;2;0;0;232m█[38;2;0;0;233m█[38;2;0;0;223m█[38;2;0;0;222m█[38;2;5;5;130m██[38;2;13;13;16m██[38;2;13;13;13m██[38;2;13;13;16m████████
██████[38;2;13;15;6m██[38;2;9;10;55m██[38;2;0;0;223m█[38;2;0;0;224m█[38;2;0;0;209m█[38;2;0;0;203m█[38;2;0;0;139m█[38;2;0;0;138m█[38;2;0;0;165m█[38;2;0;0;171m█[38;2;0;0;244m█[38;2;0;0;245m█[38;2;5;4;145m█[38;2;4;3;144m█[38;2;13;13;9m██[38;2;13;13;16m████████
████[38;2;13;13;13m██[38;2;13;12;22m██[38;2;0;1;200m█[38;2;1;2;201m█[38;2;0;0;155m█[38;2;0;0;139m█[38;2;0;0;2m█[38;2;18;17;26m█[38;2;44;45;33m█[38;2;52;53;41m█[38;2;38;39;28m█[38;2;9;10;0m█[38;2;0;0;63m█[38;2;0;0;73m█[38;2;0;0;231m█[38;2;0;0;233m█[38;2;9;9;80m█[38;2;8;8;79m█[38;2;13;15;6m██[38;2;13;13;16m██████
████[38;2;13;15;4m██[38;2;5;5;118m█[38;2;6;6;119m█[38;2;2;2;181m█[38;2;0;0;165m█[38;2;0;0;0m█[38;2;83;83;81m█[38;2;181;181;176m█[38;2;233;233;229m█[38;2;252;252;252m█[38;2;255;255;255m█[38;2;249;249;249m█[38;2;223;223;223m█[38;2;152;151;136m█[38;2;40;39;24m█[38;2;0;0;93m█[38;2;1;1;112m█[38;2;3;2;187m█[38;2;2;1;186m█[38;2;13;13;11m██[38;2;13;13;16m██████
██[38;2;13;13;13m██[38;2;13;12;24m██[38;2;2;1;192m██[38;2;0;0;30m█[38;2;34;37;76m█[38;2;194;195;185m█[38;2;255;255;255m███[38;2;254;254;254m██[38;2;255;255;255m███[38;2;249;249;246m█[38;2;113;113;117m█[38;2;0;0;0m█[38;2;0;0;185m█[38;2;3;2;193m█[38;2;9;10;60m██[38;2;13;13;9m██[38;2;13;13;16m████
██[38;2;13;15;6m██[38;2;8;8;83m█[38;2;9;9;84m█[38;2;3;4;155m█[38;2;0;0;133m█[38;2;59;60;48m█[38;2;239;240;229m█[38;2;255;255;255m█[38;2;253;253;253m████████[38;2;255;255;255m██[38;2;131;132;120m█[38;2;0;0;97m█[38;2;3;3;118m█[38;2;5;6;122m█[38;2;4;5;120m█[38;2;13;15;4m██[38;2;13;13;16m████
██[38;2;13;15;4m██[38;2;4;3;136m█[38;2;6;5;138m█[38;2;0;0;68m█[38;2;26;26;100m█[38;2;236;237;226m█[38;2;255;255;252m█[38;2;253;253;253m██████████[38;2;255;255;249m█[38;2;255;255;255m█[38;2;79;80;127m█[38;2;0;0;35m█[38;2;4;5;157m█[38;2;2;3;154m█[38;2;13;13;9m██[38;2;13;13;16m████
████[38;2;3;4;155m█[38;2;1;2;153m█[38;2;0;0;15m█[38;2;175;175;198m█[38;2;255;255;255m█[38;2;253;253;251m█[38;2;253;253;253m██████████[38;2;253;253;251m█[38;2;255;255;255m█[38;2;218;217;229m█[38;2;8;6;18m█[38;2;0;0;153m█[38;2;3;3;160m█[38;2;13;12;24m██[38;2;13;13;13m██[38;2;13;13;16m██
[38;2;13;13;13m██[38;2;11;12;30m██[38;2;5;3;150m█[38;2;0;0;133m█[38;2;54;54;54m█[38;2;255;255;255m█[38;2;254;254;254m█[38;2;253;253;253m█████████████[38;2;255;255;255m█[38;2;87;87;82m█[38;2;0;0;124m█[38;2;6;5;146m█[38;2;11;11;40m██[38;2;13;13;11m██[38;2;13;13;16m██
[38;2;13;13;11m██[38;2;11;10;45m██[38;2;5;5;134m█[38;2;0;0;110m█[38;2;136;137;129m█[38;2;255;255;255m████████[38;2;253;253;253m███████[38;2;255;255;255m█[38;2;164;165;154m█[38;2;0;0;105m█[38;2;5;5;129m█[38;2;9;11;53m██[38;2;13;13;11m██[38;2;13;13;16m██
[38;2;13;13;11m██[38;2;11;10;53m██[38;2;5;5;118m█[38;2;0;0;97m█[38;2;180;181;171m█[38;2;255;255;255m█[38;2;240;240;240m█[38;2;193;193;193m█[38;2;190;190;190m███[38;2;193;193;193m█[38;2;242;242;242m█[38;2;254;254;254m█[38;2;253;253;253m██████[38;2;255;255;251m█[38;2;204;205;195m█[38;2;0;0;101m█[38;2;4;4;113m█[38;2;10;11;61m█[38;2;9;10;60m█[38;2;13;13;9m██[38;2;13;13;16m██
[38;2;13;13;11m██[38;2;11;10;53m██[38;2;5;5;115m█[38;2;0;0;89m█[38;2;116;117;107m█[38;2;255;255;255m█[38;2;123;123;123m█[38;2;0;0;0m█████[38;2;130;130;130m█[38;2;255;255;255m█[38;2;253;253;253m██████[38;2;255;255;250m█[38;2;218;219;209m█[38;2;0;0;101m█[38;2;2;3;104m█[38;2;10;11;62m█[38;2;9;10;61m█[38;2;13;13;9m██[38;2;13;13;16m██
[38;2;13;13;11m██[38;2;11;10;53m██[38;2;4;4;113m█[38;2;0;0;95m█[38;2;171;172;161m█[38;2;255;255;255m█[38;2;203;203;203m█[38;2;107;107;107m█[38;2;108;108;108m███[38;2;107;107;107m█[38;2;205;205;205m█[38;2;255;255;255m█[38;2;253;253;253m██████[38;2;255;255;250m█[38;2;219;221;210m█[38;2;0;1;101m█[38;2;2;3;103m█[38;2;10;11;62m█[38;2;9;10;61m█[38;2;13;13;9m██[38;2;13;13;16m██
[38;2;13;13;11m██[38;2;11;10;53m██[38;2;4;4;113m█[38;2;0;0;98m█[38;2;198;200;189m█[38;2;255;255;252m█[38;2;255;255;255m███████[38;2;253;253;253m███████[38;2;255;255;250m█[38;2;222;223;212m█[38;2;1;2;102m█[38;2;2;3;103m█[38;2;10;11;65m█[38;2;9;10;63m█[38;2;13;13;9m██[38;2;13;13;16m██
[38;2;13;13;11m██[38;2;11;10;51m██[38;2;5;5;117m█[38;2;0;0;98m█[38;2;190;192;181m█[38;2;255;255;253m█[38;2;253;253;253m██████████████[38;2;255;255;249m█[38;2;226;228;217m█[38;2;4;5;103m█[38;2;1;2;100m█[38;2;10;10;67m█[38;2;9;9;66m█[38;2;13;13;9m██[38;2;13;13;16m██
[38;2;13;13;11m██[38;2;11;10;49m██[38;2;5;5;118m█[38;2;0;0;98m█[38;2;182;183;173m█[38;2;255;255;253m█[38;2;253;253;253m██████████████[38;2;255;255;249m█[38;2;232;233;223m█[38;2;9;10;105m█[38;2;0;1;96m█[38;2;10;10;69m█[38;2;9;9;68m█[38;2;13;13;9m██[38;2;13;13;16m██
[38;2;13;13;11m██[38;2;11;10;45m██[38;2;6;6;122m█[38;2;0;0;98m█[38;2;172;173;162m█[38;2;255;255;254m█[38;2;253;253;253m██████████████[38;2;255;255;247m█[38;2;238;239;229m█[38;2;16;18;108m█[38;2;0;1;90m█[38;2;10;10;74m█[38;2;9;9;73m█[38;2;13;13;9m██[38;2;13;13;16m██
[38;2;13;13;11m██[38;2;11;11;40m██[38;2;6;6;124m█[38;2;0;0;100m█[38;2;158;159;151m█[38;2;255;255;255m█[38;2;253;253;253m██████████████[38;2;255;255;246m█[38;2;245;246;236m█[38;2;27;26;113m█[38;2;0;0;84m█[38;2;9;10;77m█[38;2;8;9;76m█[38;2;13;15;6m██[38;2;13;13;16m██
[38;2;13;13;13m██[38;2;11;11;37m██[38;2;5;5;126m█[38;2;0;0;102m█[38;2;139;140;132m█[38;2;255;255;255m█[38;2;253;253;253m██████████████[38;2;254;255;245m█[38;2;253;254;244m█[38;2;41;40;123m█[38;2;0;0;77m█[38;2;9;9;84m█[38;2;8;8;83m█[38;2;13;15;6m██[38;2;13;13;16m██
[38;2;13;13;13m██[38;2;11;11;32m██[38;2;5;5;130m█[38;2;0;0;107m█[38;2;118;118;113m█[38;2;255;255;255m█[38;2;253;253;253m██████████████[38;2;254;255;245m█[38;2;255;255;250m█[38;2;59;59;134m█[38;2;0;0;68m█[38;2;9;8;90m█[38;2;8;6;89m█[38;2;13;15;6m██[38;2;13;13;16m██
[38;2;13;13;13m██[38;2;13;12;27m██[38;2;5;5;132m█[38;2;0;0;111m█[38;2;96;96;96m█[38;2;255;255;255m█[38;2;253;253;253m██████████████[38;2;253;254;244m█[38;2;255;255;254m█[38;2;81;82;147m█[38;2;0;0;55m█[38;2;9;8;96m█[38;2;8;6;95m█[38;2;13;15;6m██[38;2;13;13;16m██
██[38;2;13;12;22m██[38;2;5;5;134m█[38;2;0;0;118m█[38;2;66;66;68m█[38;2;255;255;255m█[38;2;253;253;253m███[38;2;254;254;254m█[38;2;253;253;253m█████[38;2;254;254;254m█[38;2;253;253;253m████[38;2;253;254;246m█[38;2;255;255;255m█[38;2;98;98;160m█[38;2;0;0;49m█[38;2;6;8;103m█[38;2;5;6;102m█[38;2;13;15;6m██[38;2;13;13;16m██
██[38;2;13;13;13m██[38;2;5;4;137m█[38;2;0;0;131m█[38;2;4;5;23m█[38;2;204;205;223m█[38;2;255;255;255m█[38;2;255;255;254m█[38;2;255;255;255m█[38;2;252;252;252m█[38;2;255;255;255m██[38;2;254;254;254m█[38;2;255;255;255m██[38;2;253;253;253m█[38;2;255;255;255m██[38;2;254;254;254m█[38;2;255;255;255m█[38;2;255;255;254m█[38;2;250;251;240m█[38;2;47;47;118m█[38;2;0;0;63m█[38;2;9;8;98m█[38;2;8;6;97m█[38;2;13;15;6m██[38;2;13;13;16m██
██[38;2;13;15;6m██[38;2;5;5;117m█[38;2;8;8;119m█[38;2;0;0;59m█[38;2;30;30;95m█[38;2;197;198;188m█[38;2;244;245;235m█[38;2;141;143;134m█[38;2;38;39;31m█[38;2;91;91;87m█[38;2;217;217;212m█[38;2;254;254;254m█[38;2;239;239;239m█[38;2;127;129;120m█[38;2;38;39;31m█[38;2;104;104;100m█[38;2;225;225;221m█[38;2;254;254;254m█[38;2;233;233;233m█[38;2;116;116;97m█[38;2;33;33;15m█[38;2;0;0;100m█[38;2;4;4;113m█[38;2;9;10;77m█[38;2;8;9;76m█[38;2;13;13;9m██[38;2;13;13;16m██
██[38;2;13;13;9m██[38;2;9;10;58m██[38;2;3;3;165m█[38;2;0;0;150m█[38;2;2;2;0m█[38;2;23;23;20m█[38;2;0;0;66m█[38;2;0;0;73m█[38;2;0;0;40m█[38;2;4;5;56m█[38;2;46;45;30m█[38;2;25;24;9m█[38;2;0;0;72m█[38;2;0;0;80m█[38;2;0;0;33m█[38;2;9;10;55m█[38;2;45;44;28m█[38;2;20;19;4m█[38;2;0;0;76m█[38;2;0;0;87m█[38;2;0;0;181m█[38;2;2;1;186m█[38;2;11;12;30m██[38;2;13;13;13m██[38;2;13;13;16m██
████[38;2;13;15;6m██[38;2;4;3;136m█[38;2;6;5;138m█[38;2;0;0;201m█[38;2;0;0;195m█[38;2;0;0;205m█[38;2;1;1;208m█[38;2;0;1;200m█[38;2;0;0;194m█[38;2;0;0;164m█[38;2;0;0;167m█[38;2;0;0;205m█[38;2;1;1;208m█[38;2;0;1;198m█[38;2;0;0;192m█[38;2;0;0;166m█[38;2;0;0;171m█[38;2;0;0;212m█[38;2;1;1;214m█[38;2;6;8;105m█[38;2;5;6;104m█[38;2;13;15;6m██[38;2;13;13;16m████
████[38;2;13;13;13m██[38;2;13;13;17m██[38;2;6;8;103m██[38;2;12;11;51m█[38;2;11;10;49m█[38;2;9;9;66m█[38;2;10;10;67m█[38;2;5;5;132m██[38;2;11;10;42m██[38;2;8;9;68m█[38;2;9;10;69m█[38;2;5;5;130m██[38;2;11;10;42m██[38;2;13;13;9m██[38;2;13;13;16m██████
██████[38;2;13;13;13m██[38;2;13;15;4m██[38;2;13;13;11m██[38;2;13;13;9m██[38;2;13;15;4m██[38;2;13;13;11m██[38;2;13;13;9m██[38;2;13;15;4m██[38;2;13;13;11m██[38;2;13;13;16m████████
████████████████████████████████
████████████████████████████████
████████████████████████████████