[38;2;13;13;16m██████████[38;2;13;15;6m██[38;2;11;11;32m██[38;2;9;8;96m████[38;2;11;11;32m██[38;2;13;15;6m██[38;2;13;13;16m██████████
████████[38;2;13;15;6m██[38;2;9;9;74m█[38;2;10;10;75m█[38;2;0;0;209m█[38;2;0;0;208m█[38;2;0;0;195m█[38;2;0;0;192m██[38;2;0;0;195m█[38;2;0;0;208m█[38;2;0;0;209m█[38;2;10;10;75m█[38;2;9;9;74m█[38;2;13;15;6m██[38;2;13;13;16m████████
██████[38;2;13;13;9m██[38;2;9;10;55m█[38;2;10;11;56m█[38;2;1;2;203m█[38;2;0;0;197m█[38;2;0;0;65m█[38;2;0;0;61m█[38;2;6;6;4m█[38;2;22;22;19m██[38;2;6;6;4m█[38;2;0;0;61m█[38;2;0;0;65m█[38;2;0;0;197m█[38;2;1;2;203m█[38;2;9;10;55m██[38;2;13;13;9m██[38;2;13;13;16m██████
██████[38;2;13;13;13m██[38;2;3;3;171m██[38;2;0;0;60m█[38;2;0;0;61m█[38;2;80;79;63m█[38;2;171;169;154m█[38;2;218;218;216m█[38;2;237;237;235m██[38;2;218;218;216m█[38;2;171;169;154m█[38;2;80;79;63m█[38;2;0;0;61m█[38;2;0;0;60m█[38;2;3;3;171m██[38;2;13;13;13m██[38;2;13;13;16m██████
████[38;2;13;15;6m██[38;2;8;8;81m█[38;2;9;9;82m█[38;2;4;3;141m█[38;2;0;0;119m█[38;2;42;44;32m█[38;2;195;196;185m█[38;2;255;255;255m████████[38;2;196;197;186m█[38;2;41;42;31m█[38;2;0;0;119m█[38;2;4;3;141m█[38;2;9;9;82m█[38;2;8;8;81m█[38;2;13;15;6m██[38;2;13;13;16m████
████[38;2;13;13;9m██[38;2;4;3;141m█[38;2;5;4;143m█[38;2;0;0;33m█[38;2;58;59;104m█[38;2;242;243;235m█[38;2;255;255;255m█[38;2;253;253;253m████████[38;2;255;255;255m█[38;2;242;243;235m█[38;2;58;59;104m█[38;2;0;0;33m█[38;2;5;4;143m█[38;2;4;3;141m█[38;2;13;13;9m██[38;2;13;13;16m████
██[38;2;13;13;13m██[38;2;11;11;32m██[38;2;6;5;148m█[38;2;0;0;132m█[38;2;34;34;32m█[38;2;238;238;236m█[38;2;255;255;255m█[38;2;253;253;253m██████████[38;2;255;255;255m█[38;2;238;238;236m█[38;2;34;34;32m█[38;2;0;0;132m█[38;2;6;5;148m█[38;2;11;11;32m██[38;2;13;13;13m██[38;2;13;13;16m██
██[38;2;13;13;9m██[38;2;9;9;68m█[38;2;10;10;69m█[38;2;4;4;113m█[38;2;0;0;95m█[38;2;180;181;169m█[38;2;255;255;255m██[38;2;253;253;253m███████████[38;2;255;255;255m█[38;2;180;181;169m█[38;2;0;0;95m█[38;2;4;4;113m█[38;2;10;10;69m█[38;2;9;9;68m█[38;2;13;13;9m██[38;2;13;13;16m██
██[38;2;13;15;6m██[38;2;8;6;97m█[38;2;9;8;98m█[38;2;0;0;66m█[38;2;51;51;124m█[38;2;255;255;249m█[38;2;255;255;247m█[38;2;245;245;245m█[38;2;255;255;255m██[38;2;253;253;253m█████████[38;2;254;255;245m█[38;2;255;255;249m█[38;2;51;51;124m█[38;2;0;0;66m█[38;2;9;8;98m█[38;2;8;6;97m█[38;2;13;15;6m██[38;2;13;13;16m██
██[38;2;13;15;6m██[38;2;5;5;115m█[38;2;6;6;116m█[38;2;0;0;32m█[38;2;134;136;181m█[38;2;255;255;255m█[38;2;183;185;176m█[38;2;17;17;17m█[38;2;113;113;113m█[38;2;237;237;237m█[38;2;255;255;255m██[38;2;253;253;253m█[38;2;254;254;254m█[38;2;255;255;255m█████[38;2;254;255;247m█[38;2;255;255;255m█[38;2;134;136;181m█[38;2;0;0;32m█[38;2;6;6;116m█[38;2;5;5;115m█[38;2;13;15;6m██[38;2;13;13;16m██
██[38;2;13;13;9m██[38;2;5;5;123m██[38;2;0;0;24m█[38;2;187;186;218m█[38;2;255;255;255m█[38;2;202;202;197m█[38;2;19;19;19m█[38;2;0;0;0m█[38;2;25;25;25m█[38;2;154;154;154m█[38;2;251;251;251m█[38;2;255;255;255m█[38;2;252;252;252m█[38;2;225;225;225m█[38;2;222;222;222m███[38;2;223;223;223m█[38;2;250;250;245m█[38;2;255;255;255m█[38;2;187;186;218m█[38;2;0;0;24m█[38;2;5;5;123m██[38;2;13;13;9m██[38;2;13;13;16m██
██[38;2;13;13;9m██[38;2;5;4;125m█[38;2;3;2;123m█[38;2;0;0;26m█[38;2;207;207;233m█[38;2;255;255;255m██[38;2;249;249;249m█[38;2;105;105;105m█[38;2;0;0;0m██[38;2;107;107;107m█[38;2;255;255;255m█[38;2;153;153;153m█[38;2;0;0;0m█████[38;2;124;124;122m█[38;2;255;255;255m█[38;2;207;207;233m█[38;2;0;0;26m█[38;2;2;2;123m█[38;2;5;5;126m█[38;2;13;13;9m██[38;2;13;13;16m██
██[38;2;13;13;9m██[38;2;4;4;125m█[38;2;2;2;123m█[38;2;0;0;25m█[38;2;208;208;233m█[38;2;255;255;255m█[38;2;254;254;252m█[38;2;179;179;179m█[38;2;47;47;47m█[38;2;0;0;0m█[38;2;11;11;11m█[38;2;160;160;160m█[38;2;255;255;255m█[38;2;193;193;193m█[38;2;66;66;66m█[38;2;67;67;67m███[38;2;62;62;62m█[38;2;173;173;171m█[38;2;255;255;255m█[38;2;208;208;233m█[38;2;0;0;25m█[38;2;2;2;123m█[38;2;4;4;125m█[38;2;13;13;9m██[38;2;13;13;16m██
██[38;2;13;13;9m██[38;2;4;4;125m█[38;2;2;2;123m█[38;2;0;0;25m█[38;2;208;208;233m█[38;2;255;255;255m█[38;2;173;173;171m█[38;2;0;0;0m██[38;2;97;97;97m█[38;2;225;225;225m█[38;2;255;255;255m█[38;2;252;252;252m█[38;2;255;255;255m████████[38;2;208;208;233m█[38;2;0;0;25m█[38;2;2;2;123m█[38;2;4;4;125m█[38;2;13;13;9m██[38;2;13;13;16m██
██[38;2;13;13;9m██[38;2;4;4;125m█[38;2;2;2;123m█[38;2;0;0;25m█[38;2;208;208;233m█[38;2;255;255;255m█[38;2;217;217;215m█[38;2;101;101;101m█[38;2;192;192;192m█[38;2;255;255;255m██[38;2;253;253;253m████████[38;2;253;253;251m█[38;2;255;255;255m█[38;2;208;208;233m█[38;2;0;0;25m█[38;2;2;2;123m█[38;2;4;4;125m█[38;2;13;13;9m██[38;2;13;13;16m██
██[38;2;13;13;9m██[38;2;4;4;125m█[38;2;2;2;123m█[38;2;0;0;25m█[38;2;208;208;233m█[38;2;255;255;255m█[38;2;255;255;254m█[38;2;255;255;255m██[38;2;253;253;253m██████████[38;2;253;253;251m█[38;2;255;255;255m█[38;2;208;208;233m█[38;2;0;0;25m█[38;2;2;2;123m█[38;2;4;4;125m█[38;2;13;13;9m██[38;2;13;13;16m██
██[38;2;13;13;9m██[38;2;4;4;125m█[38;2;2;2;123m█[38;2;0;0;25m█[38;2;208;208;233m█[38;2;255;255;255m█[38;2;253;253;251m█[38;2;253;253;253m████████████[38;2;253;253;251m█[38;2;255;255;255m█[38;2;208;208;233m█[38;2;0;0;25m█[38;2;2;2;123m█[38;2;4;4;125m█[38;2;13;13;9m██[38;2;13;13;16m██
██[38;2;13;13;9m██[38;2;4;4;125m█[38;2;2;2;123m█[38;2;0;0;25m█[38;2;208;208;233m█[38;2;255;255;255m█[38;2;253;253;251m█[38;2;253;253;253m████████████[38;2;253;253;251m█[38;2;255;255;255m█[38;2;208;208;233m█[38;2;0;0;25m█[38;2;2;2;123m█[38;2;4;4;125m█[38;2;13;13;9m██[38;2;13;13;16m██
██[38;2;13;13;9m██[38;2;4;4;125m█[38;2;2;2;123m█[38;2;0;0;25m█[38;2;208;208;233m█[38;2;255;255;255m█[38;2;253;253;251m█[38;2;253;253;253m████████████[38;2;253;253;251m█[38;2;255;255;255m█[38;2;208;208;233m█[38;2;0;0;25m█[38;2;2;2;123m█[38;2;4;4;125m█[38;2;13;13;9m██[38;2;13;13;16m██
██[38;2;13;13;9m██[38;2;4;4;125m█[38;2;2;2;123m█[38;2;0;0;25m█[38;2;208;208;233m█[38;2;255;255;255m█[38;2;253;253;251m█[38;2;253;253;253m████████████[38;2;253;253;251m█[38;2;255;255;255m█[38;2;208;208;233m█[38;2;0;0;25m█[38;2;2;2;123m█[38;2;4;4;125m█[38;2;13;13;9m██[38;2;13;13;16m██
██[38;2;13;13;9m██[38;2;5;4;125m█[38;2;3;2;123m█[38;2;0;0;25m█[38;2;208;208;233m█[38;2;255;255;255m█[38;2;253;253;251m█[38;2;253;253;253m████████████[38;2;253;253;251m█[38;2;255;255;255m█[38;2;208;208;233m█[38;2;0;0;25m█[38;2;2;2;123m█[38;2;4;4;125m█[38;2;13;13;9m██[38;2;13;13;16m██
██[38;2;13;13;9m██[38;2;5;4;125m█[38;2;3;2;123m█[38;2;0;0;25m█[38;2;208;208;233m█[38;2;255;255;255m█[38;2;253;253;251m█[38;2;253;253;253m████████████[38;2;253;253;251m█[38;2;255;255;255m█[38;2;208;208;233m█[38;2;0;0;25m█[38;2;2;2;123m█[38;2;4;4;125m█[38;2;13;13;9m██[38;2;13;13;16m██
██[38;2;13;13;9m██[38;2;5;4;125m█[38;2;3;2;123m█[38;2;0;0;25m█[38;2;209;209;235m█[38;2;255;255;255m█[38;2;253;253;251m█[38;2;253;253;253m████████████[38;2;253;253;251m█[38;2;255;255;255m█[38;2;209;209;235m█[38;2;1;1;26m█[38;2;2;2;123m█[38;2;4;4;125m█[38;2;13;13;9m██[38;2;13;13;16m██
██[38;2;13;13;9m██[38;2;4;4;129m██[38;2;0;0;23m█[38;2;183;182;215m█[38;2;255;255;255m█[38;2;253;253;249m█[38;2;253;253;253m█[38;2;254;254;254m█[38;2;255;255;255m██[38;2;254;254;254m█[38;2;253;253;253m██[38;2;254;254;254m█[38;2;255;255;255m██[38;2;254;254;254m█[38;2;253;253;253m█[38;2;253;253;249m█[38;2;255;255;255m█[38;2;186;186;215m█[38;2;0;0;20m█[38;2;4;4;129m██[38;2;13;13;9m██[38;2;13;13;16m██
██[38;2;13;15;6m██[38;2;4;4;131m█[38;2;6;6;133m█[38;2;0;0;48m█[38;2;61;61;118m█[38;2;253;254;246m█[38;2;255;255;255m███[38;2;195;195;193m█[38;2;189;189;187m█[38;2;255;255;255m████[38;2;189;189;187m█[38;2;194;194;192m█[38;2;255;255;255m███[38;2;255;255;249m█[38;2;65;65;122m█[38;2;0;0;47m█[38;2;5;5;134m█[38;2;4;4;133m█[38;2;13;15;6m██[38;2;13;13;16m██
██[38;2;13;15;4m██[38;2;5;6;107m█[38;2;6;8;108m█[38;2;4;3;136m█[38;2;0;0;115m█[38;2;59;59;40m█[38;2;164;164;145m█[38;2;173;174;166m█[38;2;87;88;80m█[38;2;0;0;3m█[38;2;0;0;1m█[38;2;75;76;68m█[38;2;169;171;162m██[38;2;75;76;68m█[38;2;0;0;1m█[38;2;0;0;3m█[38;2;87;88;80m█[38;2;174;175;167m█[38;2;166;166;147m█[38;2;61;61;42m█[38;2;0;0;112m█[38;2;4;4;133m█[38;2;6;8;109m█[38;2;5;6;108m█[38;2;13;15;4m██[38;2;13;13;16m██
██[38;2;13;13;11m██[38;2;11;10;47m██[38;2;0;0;215m█[38;2;0;0;214m█[38;2;0;0;67m█[38;2;0;0;60m█[38;2;0;0;48m█[38;2;0;0;51m█[38;2;0;0;188m█[38;2;0;0;189m█[38;2;0;0;58m█[38;2;0;0;54m██[38;2;0;0;58m█[38;2;0;0;189m█[38;2;0;0;188m█[38;2;0;0;51m█[38;2;0;0;48m█[38;2;0;0;58m█[38;2;0;0;65m█[38;2;0;0;214m█[38;2;0;0;215m█[38;2;9;11;49m██[38;2;13;13;11m██[38;2;13;13;16m██
████[38;2;13;15;6m██[38;2;4;3;144m█[38;2;5;4;145m█[38;2;0;0;250m█[38;2;0;0;249m█[38;2;0;0;238m█[38;2;0;0;239m█[38;2;0;0;228m██[38;2;0;0;239m█[38;2;0;0;238m██[38;2;0;0;239m█[38;2;0;0;228m██[38;2;0;0;239m█[38;2;0;0;238m█[38;2;0;0;246m█[38;2;0;0;247m█[38;2;3;5;147m█[38;2;2;4;146m█[38;2;13;15;6m██[38;2;13;13;16m████
████[38;2;13;13;13m██[38;2;13;12;24m██[38;2;4;3;136m█[38;2;5;4;137m█[38;2;5;4;143m██[38;2;11;10;51m██[38;2;5;4;139m████[38;2;11;10;49m██[38;2;5;4;143m██[38;2;5;4;137m██[38;2;13;12;24m██[38;2;13;13;13m██[38;2;13;13;16m████
██████[38;2;13;13;13m██[38;2;13;15;6m████[38;2;13;13;9m██[38;2;13;15;6m████[38;2;13;13;9m██[38;2;13;15;6m████[38;2;13;13;13m██[38;2;13;13;16m██████
████████████████████████████████
████████████████████████████████