[38;2;13;13;16m██████████████[38;2;13;13;13m████[38;2;13;13;16m██████████████
██████████[38;2;13;13;13m██[38;2;13;15;6m██[38;2;13;13;19m████[38;2;13;15;6m██[38;2;13;13;13m██[38;2;13;13;16m██████████
████████[38;2;13;13;11m██[38;2;13;13;19m██[38;2;4;4;127m█[38;2;5;5;129m█[38;2;0;0;207m█[38;2;1;1;208m██[38;2;0;0;207m█[38;2;5;5;126m█[38;2;4;4;125m█[38;2;13;13;19m██[38;2;13;13;11m██[38;2;13;13;16m████████
██████[38;2;13;13;13m██[38;2;13;13;16m██[38;2;3;3;168m█[38;2;4;4;169m█[38;2;0;0;230m█[38;2;0;0;226m█[38;2;0;0;152m█[38;2;0;0;148m██[38;2;0;0;152m█[38;2;0;0;226m█[38;2;0;0;230m█[38;2;4;4;169m█[38;2;3;3;168m█[38;2;13;13;16m██[38;2;13;13;13m██[38;2;13;13;16m██████
██████[38;2;13;15;4m██[38;2;4;5;123m█[38;2;5;6;124m█[38;2;1;2;205m█[38;2;0;0;195m█[38;2;0;0;22m█[38;2;0;0;32m█[38;2;30;31;19m█[38;2;52;53;41m██[38;2;30;31;19m█[38;2;0;0;32m█[38;2;0;0;22m█[38;2;0;0;195m█[38;2;1;2;205m█[38;2;5;5;126m█[38;2;4;4;125m█[38;2;13;15;4m██[38;2;13;13;16m██████
████[38;2;13;13;11m██[38;2;11;11;40m██[38;2;0;1;204m█[38;2;0;0;203m█[38;2;0;0;28m█[38;2;13;12;52m█[38;2;120;122;110m█[38;2;207;208;196m█[38;2;244;244;244m█[38;2;255;255;255m██[38;2;244;244;244m█[38;2;207;208;196m█[38;2;120;122;110m█[38;2;13;12;52m█[38;2;0;0;27m█[38;2;0;0;203m█[38;2;1;2;205m█[38;2;11;11;40m██[38;2;13;13;11m██[38;2;13;13;16m████
████[38;2;13;15;4m██[38;2;4;4;125m█[38;2;5;5;126m█[38;2;3;3;127m█[38;2;0;0;104m█[38;2;76;75;62m█[38;2;229;228;215m█[38;2;255;255;255m███[38;2;254;254;254m██[38;2;255;255;255m███[38;2;229;228;215m█[38;2;76;75;62m█[38;2;0;0;104m█[38;2;3;3;127m█[38;2;5;5;126m█[38;2;4;4;125m█[38;2;13;15;4m██[38;2;13;13;16m████
████[38;2;13;13;17m██[38;2;3;3;171m█[38;2;2;2;169m█[38;2;0;0;16m█[38;2;93;93;122m█[38;2;255;255;253m█[38;2;255;255;255m█[38;2;253;253;253m████████[38;2;255;255;255m█[38;2;255;255;253m█[38;2;93;93;122m█[38;2;0;0;16m█[38;2;2;2;169m█[38;2;3;3;171m█[38;2;13;13;17m██[38;2;13;13;16m████
██[38;2;13;13;11m██[38;2;9;11;51m██[38;2;4;5;154m█[38;2;0;0;133m█[38;2;56;58;49m█[38;2;253;254;246m█[38;2;255;255;255m█[38;2;253;253;253m██████████[38;2;255;255;255m█[38;2;253;254;246m█[38;2;56;58;49m█[38;2;0;0;133m█[38;2;4;5;154m█[38;2;9;11;51m██[38;2;13;13;11m██[38;2;13;13;16m██
██[38;2;13;15;6m██[38;2;8;8;87m█[38;2;9;9;88m█[38;2;2;2;109m█[38;2;0;0;98m█[38;2;201;202;190m█[38;2;255;255;253m█[38;2;253;253;253m████████████[38;2;255;255;253m█[38;2;201;202;190m█[38;2;0;0;98m█[38;2;2;2;109m█[38;2;9;9;88m█[38;2;8;8;87m█[38;2;13;15;6m██[38;2;13;13;16m██
██[38;2;13;15;4m██[38;2;5;5;112m█[38;2;6;6;113m█[38;2;0;0;59m█[38;2;65;66;133m█[38;2;255;255;252m█[38;2;253;254;244m█[38;2;253;253;253m████████████[38;2;253;254;244m█[38;2;255;255;252m█[38;2;65;66;133m█[38;2;0;0;59m█[38;2;6;6;113m█[38;2;5;5;112m█[38;2;13;15;4m██[38;2;13;13;16m██
██[38;2;13;15;6m██[38;2;5;5;123m█[38;2;6;6;124m█[38;2;0;0;30m█[38;2;145;147;189m█[38;2;255;255;255m█[38;2;253;253;249m█[38;2;255;255;255m█████[38;2;253;253;253m██[38;2;255;255;255m█████[38;2;254;254;250m█[38;2;255;255;255m█[38;2;145;147;189m█[38;2;0;0;30m█[38;2;5;6;124m█[38;2;4;5;123m█[38;2;13;15;6m██[38;2;13;13;16m██
██[38;2;13;13;9m██[38;2;4;4;127m█[38;2;3;3;126m█[38;2;0;0;23m█[38;2;193;193;222m█[38;2;255;255;255m██[38;2;188;188;188m█[38;2;116;116;116m█[38;2;107;107;107m█[38;2;129;129;129m█[38;2;224;224;224m█[38;2;255;255;255m██[38;2;237;237;237m█[38;2;138;138;138m█[38;2;108;108;108m█[38;2;111;111;111m█[38;2;173;173;173m█[38;2;255;255;252m█[38;2;255;255;255m█[38;2;193;193;222m█[38;2;0;0;23m█[38;2;3;3;126m█[38;2;4;4;127m█[38;2;13;13;9m██[38;2;13;13;16m██
██[38;2;13;13;9m██[38;2;4;4;125m█[38;2;2;2;123m█[38;2;0;0;25m█[38;2;208;208;233m█[38;2;255;255;255m█[38;2;160;160;158m█[38;2;44;44;44m█[38;2;100;100;100m█[38;2;119;119;119m█[38;2;72;72;72m█[38;2;46;46;46m█[38;2;232;232;232m█[38;2;245;245;245m█[38;2;62;62;62m█[38;2;80;80;80m█[38;2;109;109;109m█[38;2;108;108;108m█[38;2;33;33;33m█[38;2;138;138;136m█[38;2;255;255;255m█[38;2;207;207;232m█[38;2;0;0;25m█[38;2;2;2;123m█[38;2;4;4;125m█[38;2;13;13;9m██[38;2;13;13;16m██
██[38;2;13;13;9m██[38;2;4;4;125m█[38;2;2;2;123m█[38;2;0;0;25m█[38;2;208;208;233m█[38;2;255;255;255m█[38;2;61;61;59m█[38;2;102;102;102m█[38;2;24;24;24m█[38;2;59;59;59m█[38;2;53;53;53m█[38;2;58;58;58m█[38;2;175;175;175m█[38;2;181;181;181m█[38;2;58;58;58m█[38;2;61;61;61m██[38;2;16;16;16m█[38;2;101;101;101m█[38;2;55;55;53m█[38;2;255;255;255m█[38;2;208;208;233m█[38;2;0;0;25m█[38;2;2;2;123m█[38;2;4;4;125m█[38;2;13;13;9m██[38;2;13;13;16m██
██[38;2;13;13;9m██[38;2;4;4;125m█[38;2;2;2;123m█[38;2;0;0;25m█[38;2;208;208;233m█[38;2;255;255;255m█[38;2;80;80;77m█[38;2;86;86;86m█[38;2;49;49;49m█[38;2;73;73;73m█[38;2;32;32;32m█[38;2;59;59;59m█[38;2;230;230;230m█[38;2;197;197;197m█[38;2;42;42;42m█[38;2;83;83;83m█[38;2;61;61;61m█[38;2;48;48;48m█[38;2;34;34;34m█[38;2;134;134;132m█[38;2;255;255;255m█[38;2;208;208;233m█[38;2;0;0;25m█[38;2;2;2;123m█[38;2;4;4;125m█[38;2;13;13;9m██[38;2;13;13;16m██
██[38;2;13;13;9m██[38;2;4;4;125m█[38;2;2;2;123m█[38;2;0;0;25m█[38;2;208;208;233m█[38;2;255;255;255m█[38;2;215;215;212m█[38;2;62;62;62m█[38;2;72;72;72m█[38;2;101;101;101m█[38;2;164;164;164m█[38;2;244;244;244m█[38;2;255;255;255m██[38;2;124;124;124m█[38;2;56;56;56m█[38;2;86;86;86m█[38;2;126;126;126m█[38;2;211;211;211m█[38;2;255;255;255m██[38;2;208;208;233m█[38;2;0;0;25m█[38;2;2;2;123m█[38;2;4;4;125m█[38;2;13;13;9m██[38;2;13;13;16m██
██[38;2;13;13;9m██[38;2;4;4;125m█[38;2;2;2;123m█[38;2;0;0;25m█[38;2;208;208;233m█[38;2;255;255;255m██[38;2;246;246;246m█[38;2;192;192;192m█[38;2;168;168;168m█[38;2;222;222;222m█[38;2;255;255;255m█[38;2;253;253;253m█[38;2;254;254;254m█[38;2;255;255;255m█[38;2;217;217;217m█[38;2;174;174;174m█[38;2;183;183;183m█[38;2;254;254;254m█[38;2;254;254;252m█[38;2;255;255;255m█[38;2;208;208;233m█[38;2;0;0;25m█[38;2;2;2;123m█[38;2;4;4;125m█[38;2;13;13;9m██[38;2;13;13;16m██
██[38;2;13;13;9m██[38;2;4;4;125m█[38;2;2;2;123m█[38;2;0;0;25m█[38;2;208;208;233m█[38;2;255;255;255m█[38;2;253;253;251m█[38;2;255;255;255m████[38;2;253;253;253m████[38;2;255;255;255m███[38;2;253;253;253m█[38;2;253;253;251m█[38;2;255;255;255m█[38;2;208;208;233m█[38;2;0;0;25m█[38;2;2;2;123m█[38;2;4;4;125m█[38;2;13;13;9m██[38;2;13;13;16m██
██[38;2;13;13;9m██[38;2;4;4;125m█[38;2;2;2;123m█[38;2;0;0;25m█[38;2;208;208;233m█[38;2;255;255;255m█[38;2;253;253;251m█[38;2;253;253;253m████████████[38;2;253;253;251m█[38;2;255;255;255m█[38;2;208;208;233m█[38;2;0;0;25m█[38;2;2;2;123m█[38;2;4;4;125m█[38;2;13;13;9m██[38;2;13;13;16m██
██[38;2;13;13;9m██[38;2;4;4;125m█[38;2;2;2;123m█[38;2;0;0;25m█[38;2;208;208;233m█[38;2;255;255;255m█[38;2;253;253;251m█[38;2;253;253;253m████████████[38;2;253;253;251m█[38;2;255;255;255m█[38;2;208;208;233m█[38;2;0;0;25m█[38;2;2;2;123m█[38;2;4;4;125m█[38;2;13;13;9m██[38;2;13;13;16m██
██[38;2;13;13;9m██[38;2;4;4;125m█[38;2;2;2;123m█[38;2;0;0;25m█[38;2;208;208;233m█[38;2;255;255;255m█[38;2;253;253;251m█[38;2;253;253;253m████████████[38;2;253;253;251m█[38;2;255;255;255m█[38;2;208;208;233m█[38;2;0;0;25m█[38;2;2;2;123m█[38;2;4;4;125m█[38;2;13;13;9m██[38;2;13;13;16m██
██[38;2;13;13;9m██[38;2;4;4;125m█[38;2;2;2;123m█[38;2;1;1;26m█[38;2;209;209;235m█[38;2;255;255;255m█[38;2;253;253;251m█[38;2;253;253;253m████████████[38;2;253;253;251m█[38;2;255;255;255m█[38;2;209;209;235m█[38;2;1;1;26m█[38;2;2;2;123m█[38;2;5;5;126m█[38;2;13;13;9m██[38;2;13;13;16m██
██[38;2;13;13;9m██[38;2;5;4;125m█[38;2;4;3;124m█[38;2;0;0;22m█[38;2;197;197;224m█[38;2;255;255;255m█[38;2;253;253;249m█[38;2;253;253;253m██[38;2;255;255;255m██[38;2;253;253;253m████[38;2;255;255;255m██[38;2;253;253;253m██[38;2;253;253;249m█[38;2;255;255;255m█[38;2;198;198;225m█[38;2;0;0;22m█[38;2;3;3;124m█[38;2;5;5;126m█[38;2;13;13;9m██[38;2;13;13;16m██
██[38;2;13;15;6m██[38;2;5;5;117m█[38;2;6;6;118m█[38;2;0;0;37m█[38;2;97;98;146m█[38;2;255;255;255m█[38;2;255;255;253m█[38;2;255;255;255m██[38;2;238;238;238m█[38;2;235;235;235m█[38;2;255;255;255m████[38;2;235;235;235m█[38;2;237;237;237m█[38;2;255;255;255m██[38;2;255;255;253m█[38;2;255;255;255m█[38;2;101;102;150m█[38;2;0;0;37m█[38;2;6;6;119m█[38;2;5;5;118m█[38;2;13;15;6m██[38;2;13;13;16m██
██[38;2;13;15;6m██[38;2;8;8;87m█[38;2;9;9;88m█[38;2;2;3;107m█[38;2;0;0;91m█[38;2;112;111;96m█[38;2;218;217;202m█[38;2;225;225;221m█[38;2;145;145;140m█[38;2;24;25;17m█[38;2;18;19;11m█[38;2;133;133;129m█[38;2;222;222;217m██[38;2;132;132;127m█[38;2;17;18;10m█[38;2;23;24;16m█[38;2;145;145;140m█[38;2;225;225;221m█[38;2;221;219;207m█[38;2;116;115;102m█[38;2;0;0;90m█[38;2;2;3;104m█[38;2;9;8;90m█[38;2;8;6;89m█[38;2;13;15;6m██[38;2;13;13;16m██
██[38;2;13;13;13m██[38;2;11;12;30m██[38;2;3;3;178m█[38;2;0;0;172m█[38;2;0;0;25m█[38;2;2;1;38m█[38;2;6;6;30m█[38;2;0;0;12m█[38;2;0;0;141m█[38;2;0;0;143m█[38;2;0;0;18m█[38;2;4;4;33m██[38;2;0;0;18m█[38;2;0;0;144m█[38;2;0;0;143m█[38;2;0;0;12m█[38;2;6;6;30m█[38;2;3;2;37m█[38;2;0;0;23m█[38;2;0;0;174m█[38;2;3;3;180m█[38;2;11;11;32m██[38;2;13;13;13m██[38;2;13;13;16m██
████[38;2;13;15;6m██[38;2;8;6;94m█[38;2;9;8;95m█[38;2;0;0;215m█[38;2;0;0;210m█[38;2;0;0;204m█[38;2;0;0;208m█[38;2;2;2;179m██[38;2;0;0;207m█[38;2;0;0;202m██[38;2;0;0;207m█[38;2;2;2;176m██[38;2;0;0;208m█[38;2;0;0;204m█[38;2;0;0;210m█[38;2;0;0;215m█[38;2;9;8;96m█[38;2;8;6;95m█[38;2;13;15;6m██[38;2;13;13;16m████
██████[38;2;13;13;9m██[38;2;9;10;61m█[38;2;10;11;62m█[38;2;10;10;72m█[38;2;9;9;70m█[38;2;13;13;11m██[38;2;9;9;66m█[38;2;10;10;67m██[38;2;9;9;66m█[38;2;13;13;11m██[38;2;9;9;70m█[38;2;10;10;72m█[38;2;10;11;65m█[38;2;9;10;63m█[38;2;13;13;9m██[38;2;13;13;16m██████
████████[38;2;13;13;9m████[38;2;13;13;16m██[38;2;13;13;9m████[38;2;13;13;16m██[38;2;13;13;9m████[38;2;13;13;16m████████
████████████████████████████████
████████████████████████████████