[38;2;13;13;16m██████████[38;2;13;13;13m██[38;2;13;15;6m██[38;2;11;11;34m██[38;2;11;10;51m██[38;2;13;13;19m██[38;2;13;15;6m██[38;2;13;13;16m██████████
████████[38;2;13;13;13m██[38;2;13;13;11m██[38;2;5;4;125m█[38;2;6;5;126m█[38;2;0;0;217m█[38;2;0;0;216m███[38;2;2;0;198m██[38;2;9;9;82m█[38;2;8;8;81m█[38;2;13;15;6m██[38;2;13;13;16m████████
████████[38;2;13;15;4m██[38;2;5;4;125m█[38;2;6;5;126m█[38;2;1;0;193m█[38;2;0;0;183m█[38;2;0;0;46m█[38;2;0;0;45m█[38;2;0;0;18m██[38;2;0;0;65m█[38;2;0;0;67m█[38;2;0;0;190m█[38;2;0;1;200m█[38;2;9;8;95m█[38;2;8;6;94m█[38;2;13;15;4m██[38;2;13;13;16m██████
██████[38;2;13;13;9m██[38;2;9;10;55m██[38;2;3;2;190m█[38;2;0;0;182m█[38;2;0;0;3m█[38;2;22;23;38m█[38;2;104;105;94m█[38;2;164;165;153m█[38;2;189;189;185m█[38;2;187;187;182m█[38;2;159;160;146m█[38;2;101;102;88m█[38;2;25;25;51m█[38;2;0;0;13m█[38;2;0;0;175m█[38;2;3;2;187m█[38;2;12;11;54m█[38;2;11;10;53m█[38;2;13;13;9m██[38;2;13;13;16m████
██████[38;2;13;15;6m██[38;2;4;3;141m█[38;2;6;5;144m█[38;2;0;0;76m█[38;2;0;0;69m█[38;2;117;118;107m█[38;2;238;239;228m█[38;2;255;255;255m██████[38;2;242;243;231m█[38;2;147;148;137m█[38;2;15;15;74m█[38;2;0;0;48m█[38;2;3;4;155m██[38;2;13;13;11m██[38;2;13;13;16m████
████[38;2;13;13;13m██[38;2;11;12;30m██[38;2;3;3;160m█[38;2;0;0;152m█[38;2;0;0;1m█[38;2;162;162;166m█[38;2;255;255;255m██[38;2;253;253;253m██████[38;2;255;255;255m██[38;2;225;226;216m█[38;2;58;59;48m█[38;2;0;0;119m█[38;2;5;4;143m█[38;2;10;11;65m█[38;2;9;10;63m█[38;2;13;13;9m██[38;2;13;13;16m██
████[38;2;13;13;9m██[38;2;9;9;73m█[38;2;10;10;74m█[38;2;5;5;120m█[38;2;0;0;96m█[38;2;136;137;125m█[38;2;255;255;255m█[38;2;254;254;254m█[38;2;253;253;253m█████████[38;2;255;255;254m█[38;2;246;247;239m█[38;2;53;53;110m█[38;2;0;0;46m█[38;2;8;6;130m█[38;2;5;4;127m█[38;2;13;15;6m██[38;2;13;13;16m██
████[38;2;13;15;4m██[38;2;5;6;108m█[38;2;8;9;110m█[38;2;0;0;61m█[38;2;45;45;112m█[38;2;254;255;245m█[38;2;255;255;246m█[38;2;253;253;253m██████████[38;2;253;253;251m█[38;2;255;255;255m█[38;2;225;225;231m█[38;2;18;18;24m█[38;2;0;0;134m█[38;2;5;4;145m█[38;2;13;12;22m██[38;2;13;13;13m██
[38;2;13;13;16m████[38;2;13;13;9m██[38;2;4;4;129m██[38;2;0;0;22m█[38;2;160;159;194m█[38;2;255;255;255m█[38;2;253;253;249m█[38;2;253;253;253m███[38;2;255;255;255m███[38;2;254;254;254m█[38;2;253;253;253m█████[38;2;255;255;255m█[38;2;138;139;129m█[38;2;0;0;102m█[38;2;6;5;126m█[38;2;11;10;47m██[38;2;13;13;11m██
[38;2;13;13;16m████[38;2;13;13;13m██[38;2;5;5;134m█[38;2;0;0;127m█[38;2;13;15;30m█[38;2;229;230;245m█[38;2;255;255;255m█[38;2;253;253;251m█[38;2;253;253;253m██[38;2;255;255;255m█[38;2;222;222;222m█[38;2;82;82;82m█[38;2;164;164;164m█[38;2;255;255;255m██[38;2;253;253;253m███[38;2;254;254;254m█[38;2;255;255;250m█[38;2;230;231;221m█[38;2;6;8;103m█[38;2;0;1;96m█[38;2;10;10;74m█[38;2;9;9;73m█[38;2;13;13;9m██
[38;2;13;13;16m████[38;2;13;13;19m██[38;2;5;5;134m█[38;2;0;0;119m█[38;2;53;53;56m█[38;2;255;255;255m█[38;2;254;254;254m█[38;2;253;253;253m███[38;2;255;255;255m█[38;2;200;200;200m█[38;2;0;0;0m██[38;2;65;65;65m█[38;2;200;200;200m█[38;2;255;255;255m█[38;2;253;253;253m█[38;2;255;255;255m██[38;2;255;255;246m█[38;2;255;255;252m█[38;2;58;58;133m█[38;2;0;0;68m█[38;2;9;8;90m█[38;2;8;6;89m█[38;2;13;15;6m██
[38;2;13;13;16m██[38;2;13;13;13m██[38;2;13;12;24m██[38;2;5;5;132m█[38;2;0;0;113m█[38;2;77;77;80m█[38;2;255;255;255m█[38;2;253;253;253m█████[38;2;255;255;255m█[38;2;210;210;210m█[38;2;77;77;77m█[38;2;0;0;0m██[38;2;122;122;122m█[38;2;255;255;255m█[38;2;203;203;203m█[38;2;51;51;51m█[38;2;47;48;40m█[38;2;51;52;44m█[38;2;10;11;75m█[38;2;0;0;62m█[38;2;9;8;98m█[38;2;8;6;97m█[38;2;13;15;6m██
[38;2;13;13;16m██[38;2;13;13;13m██[38;2;13;12;24m██[38;2;5;5;132m█[38;2;0;0;112m█[38;2;82;82;82m█[38;2;255;255;255m█[38;2;253;253;253m█████[38;2;255;255;255m█[38;2;244;244;244m█[38;2;113;113;113m█[38;2;0;0;0m██[38;2;89;89;89m█[38;2;255;255;255m█[38;2;187;187;187m█[38;2;10;10;10m█[38;2;10;11;3m█[38;2;11;12;4m█[38;2;0;0;60m█[38;2;0;0;61m█[38;2;9;8;98m█[38;2;8;6;97m█[38;2;13;15;6m██
[38;2;13;13;16m██[38;2;13;13;13m██[38;2;13;12;26m██[38;2;5;5;132m█[38;2;0;0;112m█[38;2;84;84;84m█[38;2;255;255;255m█[38;2;253;253;253m████[38;2;255;255;255m█[38;2;212;212;212m█[38;2;18;18;18m█[38;2;0;0;0m█[38;2;28;28;28m█[38;2;159;159;159m█[38;2;252;252;252m█[38;2;254;254;254m█[38;2;255;255;255m█[38;2;239;239;239m█[38;2;233;235;226m█[38;2;245;246;238m█[38;2;83;83;147m█[38;2;0;0;54m█[38;2;9;8;98m█[38;2;8;6;97m█[38;2;13;15;6m██
[38;2;13;13;16m██[38;2;13;13;13m██[38;2;13;12;26m██[38;2;5;5;132m█[38;2;0;0;112m█[38;2;90;90;90m█[38;2;255;255;255m█[38;2;253;253;253m████[38;2;255;255;255m█[38;2;207;207;207m█[38;2;37;37;37m█[38;2;120;120;120m█[38;2;240;240;240m█[38;2;255;255;255m█[38;2;254;254;254m█[38;2;253;253;253m██[38;2;255;255;255m█[38;2;255;255;250m█[38;2;255;255;255m█[38;2;86;87;152m█[38;2;0;0;54m█[38;2;9;8;96m█[38;2;8;6;95m█[38;2;13;15;6m██
[38;2;13;13;16m██[38;2;13;13;13m██[38;2;11;12;27m██[38;2;5;5;132m█[38;2;0;0;111m█[38;2;100;100;97m█[38;2;255;255;255m█[38;2;253;253;253m█████[38;2;255;255;255m█[38;2;253;253;253m█[38;2;255;255;255m██[38;2;253;253;253m█████[38;2;253;254;244m█[38;2;255;255;253m█[38;2;75;76;144m█[38;2;0;0;59m█[38;2;9;8;95m█[38;2;8;6;94m█[38;2;13;15;6m██
[38;2;13;13;16m██[38;2;13;13;13m██[38;2;11;12;30m██[38;2;5;5;130m█[38;2;0;0;107m█[38;2;113;113;111m█[38;2;255;255;255m█[38;2;253;253;253m██████[38;2;254;254;254m█[38;2;253;253;253m███████[38;2;253;254;244m█[38;2;255;255;251m█[38;2;62;62;136m█[38;2;0;0;65m█[38;2;9;8;90m█[38;2;8;6;89m█[38;2;13;15;6m██
[38;2;13;13;16m██[38;2;13;13;13m██[38;2;11;11;37m██[38;2;5;5;129m█[38;2;0;0;104m█[38;2;132;132;127m█[38;2;255;255;255m█[38;2;253;253;253m██████████████[38;2;254;255;245m█[38;2;255;255;246m█[38;2;46;46;125m█[38;2;0;0;74m█[38;2;9;9;84m█[38;2;8;8;83m█[38;2;13;15;6m██
[38;2;13;13;16m██[38;2;13;13;11m██[38;2;11;11;40m██[38;2;5;6;124m█[38;2;0;0;100m█[38;2;157;158;150m█[38;2;255;255;255m█[38;2;253;253;253m██████████████[38;2;255;255;246m█[38;2;246;247;237m█[38;2;28;27;115m█[38;2;0;0;84m█[38;2;9;10;77m█[38;2;8;9;76m█[38;2;13;15;6m██
[38;2;13;13;16m██[38;2;13;13;11m██[38;2;11;10;49m██[38;2;5;5;118m█[38;2;0;0;98m█[38;2;185;186;175m█[38;2;255;255;253m█[38;2;253;253;253m██████████████[38;2;255;255;249m█[38;2;230;231;221m█[38;2;8;9;104m█[38;2;0;1;96m█[38;2;10;10;69m█[38;2;9;9;68m█[38;2;13;13;9m██
[38;2;13;13;16m██[38;2;13;13;9m██[38;2;9;10;60m█[38;2;10;11;61m█[38;2;3;4;108m█[38;2;0;0;101m█[38;2;212;214;203m█[38;2;255;255;251m█[38;2;253;253;253m██████████████[38;2;255;255;251m█[38;2;207;208;197m█[38;2;0;0;100m█[38;2;3;3;110m█[38;2;10;11;59m█[38;2;9;10;58m█[38;2;13;13;11m██
[38;2;13;13;16m██[38;2;13;13;9m██[38;2;9;9;70m█[38;2;10;10;72m█[38;2;0;1;93m█[38;2;13;16;108m█[38;2;237;238;228m█[38;2;255;255;247m█[38;2;253;253;253m██████████████[38;2;255;255;254m█[38;2;174;175;165m█[38;2;0;0;100m█[38;2;5;5;120m█[38;2;11;10;47m██[38;2;13;13;11m██
[38;2;13;13;16m██[38;2;13;15;6m██[38;2;8;8;81m█[38;2;9;9;82m█[38;2;0;0;77m█[38;2;41;40;123m█[38;2;253;254;244m█[38;2;254;255;245m█[38;2;253;253;253m██████████████[38;2;255;255;255m█[38;2;139;140;132m█[38;2;0;0;102m█[38;2;5;5;126m█[38;2;11;11;37m██[38;2;13;13;13m██
[38;2;13;13;16m██[38;2;13;15;6m██[38;2;8;6;94m█[38;2;9;8;95m█[38;2;0;0;59m█[38;2;74;75;143m█[38;2;255;255;253m█[38;2;253;254;244m█[38;2;253;253;253m██████████████[38;2;255;255;255m█[38;2;102;102;100m█[38;2;0;0;108m█[38;2;5;5;130m█[38;2;11;12;27m██[38;2;13;13;13m██
[38;2;13;13;16m██[38;2;13;15;6m██[38;2;8;5;102m█[38;2;10;8;104m█[38;2;0;0;59m█[38;2;63;65;132m█[38;2;255;255;255m█[38;2;253;254;244m█[38;2;255;255;255m████[38;2;253;253;253m██[38;2;255;255;255m████[38;2;253;253;253m██[38;2;255;255;255m██[38;2;250;250;255m█[38;2;35;35;41m█[38;2;0;0;130m█[38;2;5;4;141m█[38;2;13;13;19m██[38;2;13;13;16m██
██[38;2;13;15;6m██[38;2;8;6;100m█[38;2;9;8;101m█[38;2;1;2;97m█[38;2;0;0;90m█[38;2;183;185;173m█[38;2;255;255;255m█[38;2;246;246;244m█[38;2;152;152;150m█[38;2;141;141;139m█[38;2;240;240;238m█[38;2;255;255;255m██[38;2;239;239;235m█[38;2;145;145;140m█[38;2;151;151;148m█[38;2;247;247;245m█[38;2;255;255;255m██[38;2;232;233;223m█[38;2;146;147;137m█[38;2;77;76;113m█[38;2;0;0;30m█[38;2;5;4;145m█[38;2;4;3;144m█[38;2;13;13;9m██[38;2;13;13;16m██
██[38;2;13;13;9m██[38;2;9;9;66m█[38;2;10;10;67m█[38;2;4;4;169m█[38;2;0;0;155m█[38;2;9;8;0m█[38;2;94;93;80m█[38;2;44;45;60m█[38;2;0;0;2m█[38;2;0;0;0m█[38;2;40;39;53m█[38;2;125;124;109m█[38;2;120;119;104m█[38;2;33;34;52m█[38;2;0;0;3m█[38;2;0;0;0m█[38;2;49;48;60m█[38;2;127;126;111m█[38;2;113;112;97m█[38;2;27;26;38m█[38;2;0;0;0m█[38;2;0;0;123m█[38;2;3;2;143m█[38;2;6;8;108m█[38;2;5;6;107m█[38;2;13;15;4m██[38;2;13;13;16m██
██[38;2;13;13;13m██[38;2;13;13;19m██[38;2;2;0;194m█[38;2;3;1;195m█[38;2;0;0;131m█[38;2;0;0;117m█[38;2;0;0;169m█[38;2;2;1;183m█[38;2;1;1;178m█[38;2;0;0;165m█[38;2;0;0;58m█[38;2;0;0;59m█[38;2;0;0;182m█[38;2;2;0;194m█[38;2;1;1;172m█[38;2;0;0;158m█[38;2;0;0;58m█[38;2;0;0;59m█[38;2;0;0;189m█[38;2;0;1;200m█[38;2;0;0;222m██[38;2;11;11;32m██[38;2;13;13;11m██[38;2;13;13;16m██
████[38;2;13;15;6m██[38;2;9;9;76m█[38;2;10;10;77m█[38;2;0;0;236m█[38;2;0;0;237m█[38;2;3;2;188m█[38;2;2;1;187m█[38;2;2;0;198m█[38;2;3;1;200m█[38;2;0;0;250m██[38;2;3;3;182m█[38;2;2;2;181m█[38;2;0;1;200m█[38;2;1;2;201m█[38;2;0;0;247m██[38;2;3;2;187m█[38;2;2;1;186m█[38;2;9;9;82m█[38;2;8;8;81m█[38;2;13;13;9m██[38;2;13;13;16m████
██████[38;2;13;13;11m██[38;2;11;10;47m█[38;2;12;11;48m█[38;2;13;12;24m██[38;2;11;12;30m██[38;2;9;9;73m██[38;2;13;13;19m██[38;2;11;11;34m██[38;2;9;9;73m█[38;2;10;10;74m█[38;2;13;13;19m██[38;2;13;15;6m██[38;2;13;13;16m██████
████████[38;2;13;13;11m██[38;2;13;13;13m████[38;2;13;15;6m██[38;2;13;13;13m██[38;2;13;13;11m██[38;2;13;15;6m██[38;2;13;13;13m██[38;2;13;13;16m████████
████████████████████████████████