[38;2;13;13;16m██████████████[38;2;13;13;11m██[38;2;13;13;9m██[38;2;13;13;13m██[38;2;13;13;16m████████████
██████████[38;2;13;13;11m██[38;2;13;13;13m██[38;2;11;10;49m██[38;2;9;11;51m██[38;2;13;13;13m██[38;2;13;13;9m██[38;2;13;13;16m██████████
████████[38;2;13;13;9m██[38;2;11;11;37m██[38;2;3;2;175m██[38;2;0;0;217m█[38;2;0;0;215m██[38;2;0;0;216m█[38;2;2;2;181m██[38;2;11;10;45m██[38;2;13;15;6m██[38;2;13;13;16m████████
██████[38;2;13;13;11m██[38;2;11;12;27m██[38;2;2;1;192m██[38;2;0;0;129m█[38;2;0;0;117m█[38;2;0;0;18m█[38;2;0;0;23m█[38;2;0;0;20m█[38;2;0;0;16m█[38;2;0;0;103m█[38;2;0;0;113m█[38;2;0;0;197m█[38;2;0;1;198m█[38;2;11;11;38m██[38;2;13;13;11m██[38;2;13;13;16m██████
██████[38;2;13;15;6m██[38;2;4;3;141m█[38;2;6;5;144m█[38;2;0;0;117m█[38;2;0;0;98m█[38;2;25;24;9m█[38;2;105;104;89m█[38;2;166;167;159m█[38;2;195;196;188m█[38;2;196;196;192m█[38;2;174;174;169m█[38;2;119;118;103m█[38;2;40;39;24m█[38;2;0;0;79m█[38;2;0;0;91m█[38;2;4;4;161m█[38;2;3;3;160m█[38;2;13;13;9m██[38;2;13;13;16m██████
████[38;2;13;13;11m██[38;2;9;11;51m██[38;2;4;4;167m█[38;2;0;0;152m█[38;2;1;1;0m█[38;2;126;126;124m█[38;2;239;239;237m█[38;2;255;255;255m██████[38;2;250;250;250m█[38;2;158;159;148m█[38;2;19;20;10m█[38;2;0;0;133m█[38;2;3;4;153m█[38;2;10;10;74m█[38;2;9;9;73m█[38;2;13;13;9m██[38;2;13;13;16m████
████[38;2;13;15;4m██[38;2;5;5;123m█[38;2;8;8;125m█[38;2;0;0;72m█[38;2;6;6;82m█[38;2;187;188;178m█[38;2;255;255;255m██[38;2;253;253;253m██████[38;2;255;255;255m██[38;2;223;224;216m█[38;2;39;40;91m█[38;2;0;0;41m█[38;2;5;4;143m█[38;2;4;3;141m█[38;2;13;15;6m██[38;2;13;13;16m████
████[38;2;13;13;19m██[38;2;5;3;152m█[38;2;0;0;146m█[38;2;0;0;10m█[38;2;185;183;195m█[38;2;255;255;255m█[38;2;253;253;251m█[38;2;253;253;253m█████████[38;2;255;255;255m█[38;2;229;229;229m█[38;2;27;27;27m█[38;2;0;0;136m█[38;2;6;4;151m█[38;2;11;11;32m██[38;2;13;13;13m██[38;2;13;13;16m██
██[38;2;13;13;11m██[38;2;9;11;49m██[38;2;5;5;130m█[38;2;0;0;105m█[38;2;116;117;107m█[38;2;255;255;255m█[38;2;253;253;253m████████████[38;2;255;255;255m█[38;2;179;180;168m█[38;2;0;0;93m█[38;2;3;3;110m█[38;2;10;10;72m█[38;2;9;9;70m█[38;2;13;13;9m██[38;2;13;13;16m██
██[38;2;13;15;6m██[38;2;8;8;81m█[38;2;9;9;82m█[38;2;1;0;90m█[38;2;10;9;100m█[38;2;230;231;221m█[38;2;255;255;253m█[38;2;255;255;255m██[38;2;254;254;254m█[38;2;253;253;253m█████████[38;2;254;255;245m█[38;2;255;255;251m█[38;2;59;60;127m█[38;2;0;0;60m█[38;2;6;8;103m█[38;2;5;6;102m█[38;2;13;15;6m██[38;2;13;13;16m██
██[38;2;13;15;6m██[38;2;5;6;102m█[38;2;6;8;103m█[38;2;0;0;53m█[38;2;82;82;146m█[38;2;255;255;255m█[38;2;207;208;200m█[38;2;70;70;70m█[38;2;166;166;166m█[38;2;255;255;255m██[38;2;253;253;253m███[38;2;254;254;254m█████[38;2;253;253;249m█[38;2;255;255;255m█[38;2;152;154;193m█[38;2;0;0;26m█[38;2;6;6;119m█[38;2;5;5;118m█[38;2;13;15;6m██[38;2;13;13;16m██
██[38;2;13;15;6m██[38;2;5;5;115m█[38;2;6;6;116m█[38;2;0;0;32m█[38;2;143;144;189m█[38;2;255;255;255m█[38;2;182;182;178m█[38;2;0;0;0m██[38;2;69;69;69m█[38;2;204;204;204m█[38;2;255;255;255m█[38;2;253;253;253m█[38;2;255;255;255m█[38;2;254;254;254m█[38;2;252;252;252m███[38;2;253;253;253m█[38;2;255;255;255m██[38;2;208;208;233m█[38;2;0;0;25m█[38;2;2;2;125m█[38;2;5;5;129m█[38;2;13;13;9m██[38;2;13;13;16m██
██[38;2;13;15;6m██[38;2;5;5;118m██[38;2;0;0;26m█[38;2;174;173;210m█[38;2;255;255;255m█[38;2;255;255;253m█[38;2;207;207;207m█[38;2;69;69;69m█[38;2;0;0;0m██[38;2;138;138;138m█[38;2;255;255;255m█[38;2;180;180;180m█[38;2;37;37;37m█[38;2;39;39;39m█[38;2;40;40;40m██[38;2;33;33;33m█[38;2;153;153;151m█[38;2;255;255;255m█[38;2;229;230;247m█[38;2;13;15;32m█[38;2;0;0;123m█[38;2;5;5;130m█[38;2;13;13;11m██[38;2;13;13;16m██
██[38;2;13;15;6m██[38;2;5;5;118m██[38;2;0;0;27m█[38;2;179;178;215m█[38;2;255;255;255m██[38;2;230;230;230m█[38;2;89;89;89m█[38;2;0;0;0m██[38;2;120;120;120m█[38;2;255;255;255m█[38;2;167;167;167m█[38;2;12;12;12m█[38;2;17;17;17m█[38;2;18;18;18m█[38;2;17;17;17m█[38;2;9;9;9m█[38;2;137;137;134m█[38;2;255;255;255m█[38;2;231;232;247m█[38;2;16;17;32m█[38;2;0;0;123m█[38;2;5;5;130m█[38;2;13;13;13m██[38;2;13;13;16m██
██[38;2;13;15;6m██[38;2;5;5;118m██[38;2;0;0;27m█[38;2;179;178;215m█[38;2;255;255;255m█[38;2;192;192;187m█[38;2;0;0;0m██[38;2;45;45;45m█[38;2;180;180;180m█[38;2;255;255;255m█[38;2;254;254;254m█[38;2;255;255;255m█[38;2;242;242;242m█[38;2;239;239;239m███[38;2;240;240;240m█[38;2;255;255;253m█[38;2;255;255;255m█[38;2;230;231;246m█[38;2;16;17;32m█[38;2;0;0;123m█[38;2;5;5;130m█[38;2;13;13;13m██[38;2;13;13;16m██
██[38;2;13;15;6m██[38;2;5;5;118m██[38;2;0;0;27m█[38;2;179;178;215m█[38;2;255;255;255m█[38;2;195;195;190m█[38;2;42;42;42m█[38;2;141;141;141m█[38;2;250;250;250m█[38;2;255;255;255m█[38;2;254;254;254m█[38;2;253;253;253m██[38;2;255;255;255m█████[38;2;254;254;252m█[38;2;255;255;254m█[38;2;230;231;246m█[38;2;15;16;31m█[38;2;0;0;123m█[38;2;5;5;130m█[38;2;13;13;13m██[38;2;13;13;16m██
██[38;2;13;15;6m██[38;2;5;5;118m██[38;2;0;0;25m█[38;2;181;180;215m█[38;2;255;255;255m█[38;2;255;255;252m█[38;2;255;255;255m███[38;2;253;253;253m█████████[38;2;253;253;251m█[38;2;255;255;255m█[38;2;229;230;247m█[38;2;15;16;33m█[38;2;0;0;123m█[38;2;5;5;130m█[38;2;13;13;11m██[38;2;13;13;16m██
██[38;2;13;15;6m██[38;2;5;5;118m██[38;2;0;0;25m█[38;2;182;181;216m█[38;2;255;255;255m█[38;2;253;253;249m█[38;2;254;254;254m█[38;2;253;253;253m███████████[38;2;253;253;251m█[38;2;255;255;255m█[38;2;228;229;246m█[38;2;13;15;32m█[38;2;0;0;123m█[38;2;5;5;130m█[38;2;13;13;11m██[38;2;13;13;16m██
██[38;2;13;15;6m██[38;2;5;5;120m██[38;2;0;0;26m█[38;2;183;182;217m█[38;2;255;255;255m█[38;2;253;253;249m█[38;2;253;253;253m████████████[38;2;253;253;251m█[38;2;255;255;255m█[38;2;226;228;245m█[38;2;12;13;31m█[38;2;0;0;123m█[38;2;5;5;130m█[38;2;13;13;11m██[38;2;13;13;16m██
██[38;2;13;15;6m██[38;2;5;5;120m██[38;2;0;0;26m█[38;2;187;186;221m█[38;2;255;255;255m█[38;2;253;253;249m█[38;2;253;253;253m████████████[38;2;253;253;251m█[38;2;255;255;255m█[38;2;225;226;244m█[38;2;11;12;30m█[38;2;0;0;124m█[38;2;5;5;130m█[38;2;13;13;11m██[38;2;13;13;16m██
██[38;2;13;13;9m██[38;2;5;5;120m██[38;2;0;0;25m█[38;2;189;188;221m█[38;2;255;255;255m█[38;2;253;253;249m█[38;2;253;253;253m████████████[38;2;253;253;251m█[38;2;255;255;255m█[38;2;223;223;244m█[38;2;9;9;30m█[38;2;0;0;124m█[38;2;5;5;130m█[38;2;13;13;11m██[38;2;13;13;16m██
██[38;2;13;13;9m██[38;2;4;5;120m█[38;2;3;4;119m█[38;2;0;0;25m█[38;2;192;190;223m█[38;2;255;255;255m█[38;2;253;253;249m█[38;2;253;253;253m████████████[38;2;253;253;251m█[38;2;255;255;255m█[38;2;221;221;242m█[38;2;8;8;28m█[38;2;0;0;123m█[38;2;4;4;127m█[38;2;13;13;11m██[38;2;13;13;16m██
██[38;2;13;13;9m██[38;2;4;5;123m█[38;2;3;4;122m█[38;2;0;0;24m█[38;2;195;195;224m█[38;2;255;255;255m█[38;2;253;253;249m█[38;2;253;253;253m████████████[38;2;253;253;251m█[38;2;255;255;255m█[38;2;218;218;239m█[38;2;6;6;27m█[38;2;1;1;124m█[38;2;5;5;129m█[38;2;13;13;11m██[38;2;13;13;16m██
██[38;2;13;13;9m██[38;2;4;5;123m█[38;2;3;4;122m█[38;2;0;0;25m█[38;2;198;198;228m█[38;2;255;255;255m█[38;2;253;253;249m█[38;2;253;253;253m████████████[38;2;253;253;251m█[38;2;255;255;255m█[38;2;217;217;240m█[38;2;5;5;28m█[38;2;1;1;124m█[38;2;5;5;129m█[38;2;13;13;11m██[38;2;13;13;16m██
██[38;2;13;13;9m██[38;2;4;5;123m█[38;2;3;4;122m█[38;2;0;0;22m█[38;2;193;193;222m█[38;2;255;255;255m█[38;2;253;253;249m█[38;2;253;253;253m█[38;2;255;255;255m██[38;2;253;253;253m████[38;2;255;255;255m██[38;2;253;253;253m███[38;2;253;253;251m█[38;2;255;255;255m█[38;2;209;209;235m█[38;2;0;0;24m█[38;2;2;2;125m█[38;2;5;5;129m█[38;2;13;13;9m██[38;2;13;13;16m██
██[38;2;13;15;6m██[38;2;5;5;118m█[38;2;6;6;119m█[38;2;0;0;35m█[38;2;104;105;153m█[38;2;255;255;255m█[38;2;255;255;252m█[38;2;255;255;255m█[38;2;246;246;246m█[38;2;247;247;247m█[38;2;255;255;255m████[38;2;244;244;244m█[38;2;249;249;249m█[38;2;255;255;255m████[38;2;253;253;249m█[38;2;116;118;160m█[38;2;0;0;31m█[38;2;5;6;122m█[38;2;4;5;120m█[38;2;13;15;6m██[38;2;13;13;16m██
██[38;2;13;15;6m██[38;2;8;6;91m█[38;2;9;8;93m█[38;2;1;2;102m█[38;2;0;0;90m█[38;2;132;131;118m█[38;2;231;230;217m█[38;2;159;160;152m█[38;2;34;35;27m█[38;2;35;37;28m█[38;2;161;162;154m█[38;2;238;238;238m█[38;2;235;235;235m█[38;2;145;146;138m█[38;2;28;30;22m█[38;2;42;44;35m█[38;2;173;174;166m█[38;2;240;240;240m█[38;2;231;231;231m█[38;2;133;132;117m█[38;2;28;27;12m█[38;2;0;0;87m█[38;2;3;1;97m█[38;2;9;8;96m█[38;2;8;6;95m█[38;2;13;15;6m██[38;2;13;13;16m██
██[38;2;13;13;13m██[38;2;11;11;34m██[38;2;3;3;178m█[38;2;0;0;169m█[38;2;0;0;11m█[38;2;6;6;27m█[38;2;0;0;72m█[38;2;0;0;79m█[38;2;0;0;81m█[38;2;0;0;74m█[38;2;19;20;9m█[38;2;16;17;5m█[38;2;0;0;80m█[38;2;0;0;90m█[38;2;0;0;73m█[38;2;0;0;68m█[38;2;22;23;11m█[38;2;15;16;4m█[38;2;0;0;82m█[38;2;0;0;94m█[38;2;0;0;192m█[38;2;2;0;196m█[38;2;11;11;34m██[38;2;13;13;11m██[38;2;13;13;16m██
████[38;2;13;15;6m██[38;2;5;6;108m█[38;2;6;8;109m█[38;2;0;0;216m█[38;2;0;0;211m█[38;2;0;0;198m█[38;2;1;2;201m█[38;2;0;1;200m█[38;2;0;0;198m█[38;2;0;0;190m█[38;2;0;0;192m█[38;2;0;0;198m█[38;2;0;1;200m█[38;2;0;1;202m█[38;2;0;0;200m█[38;2;0;0;190m█[38;2;0;0;192m█[38;2;0;0;207m██[38;2;6;9;101m█[38;2;5;8;100m█[38;2;13;15;6m██[38;2;13;13;16m████
██████[38;2;13;13;13m██[38;2;8;8;79m█[38;2;9;9;80m█[38;2;11;10;42m████[38;2;6;8;109m██[38;2;11;11;37m██[38;2;11;10;47m█[38;2;12;11;48m█[38;2;6;8;109m██[38;2;11;11;37m██[38;2;13;15;6m██[38;2;13;13;16m██████
████████[38;2;13;15;6m██[38;2;13;13;11m████[38;2;13;15;4m██[38;2;13;13;11m████[38;2;13;15;4m██[38;2;13;13;11m██[38;2;13;13;16m████████
████████████████████████████████