[38;2;13;13;16m██████████[38;2;13;15;6m██[38;2;11;11;34m██[38;2;6;9;98m████[38;2;11;11;34m██[38;2;13;15;6m██[38;2;13;13;16m██████████
████████[38;2;13;15;6m██[38;2;8;9;76m█[38;2;9;10;77m█[38;2;0;0;209m█[38;2;0;0;208m█[38;2;0;0;194m█[38;2;0;0;190m██[38;2;0;0;194m█[38;2;0;0;208m█[38;2;0;0;209m█[38;2;9;10;77m█[38;2;8;9;76m█[38;2;13;15;6m██[38;2;13;13;16m████████
██████[38;2;13;13;9m██[38;2;9;10;58m██[38;2;1;2;203m█[38;2;0;0;197m█[38;2;0;0;62m█[38;2;0;0;59m█[38;2;8;8;5m█[38;2;23;23;20m██[38;2;8;8;5m█[38;2;0;0;56m█[38;2;0;0;60m█[38;2;0;0;197m█[38;2;1;2;203m█[38;2;9;10;58m██[38;2;13;13;9m██[38;2;13;13;16m██████
██████[38;2;13;13;13m██[38;2;3;3;171m██[38;2;0;0;58m█[38;2;0;0;60m█[38;2;82;81;68m█[38;2;173;172;159m█[38;2;221;221;218m█[38;2;238;238;236m██[38;2;221;221;218m█[38;2;173;172;157m█[38;2;82;81;66m█[38;2;0;0;60m█[38;2;0;0;58m█[38;2;3;3;171m██[38;2;13;13;13m██[38;2;13;13;16m██████
████[38;2;13;15;6m██[38;2;8;8;81m█[38;2;9;9;82m█[38;2;4;3;140m█[38;2;0;0;117m█[38;2;44;45;33m█[38;2;197;198;187m█[38;2;255;255;255m████████[38;2;197;198;187m█[38;2;44;45;33m█[38;2;0;0;117m█[38;2;4;3;140m█[38;2;9;9;82m█[38;2;8;8;81m█[38;2;13;15;6m██[38;2;13;13;16m████
████[38;2;13;13;9m██[38;2;4;3;141m█[38;2;5;4;143m█[38;2;0;0;31m█[38;2;59;61;103m█[38;2;243;244;236m█[38;2;255;255;255m█[38;2;253;253;253m████████[38;2;255;255;255m█[38;2;243;244;236m█[38;2;59;61;103m█[38;2;0;0;31m█[38;2;5;4;145m█[38;2;4;3;144m█[38;2;13;13;9m██[38;2;13;13;16m████
██[38;2;13;13;13m██[38;2;11;11;32m██[38;2;6;5;148m█[38;2;0;0;132m█[38;2;35;35;33m█[38;2;239;239;237m█[38;2;255;255;255m█[38;2;253;253;253m██████████[38;2;255;255;255m█[38;2;239;239;237m█[38;2;35;35;33m█[38;2;0;0;132m█[38;2;6;5;148m█[38;2;11;11;32m██[38;2;13;13;13m██[38;2;13;13;16m██
██[38;2;13;13;9m██[38;2;9;9;68m█[38;2;10;10;69m█[38;2;4;4;113m█[38;2;0;0;95m█[38;2;181;182;171m█[38;2;255;255;255m██[38;2;253;253;253m███████████[38;2;255;255;255m█[38;2;181;182;171m█[38;2;0;0;96m█[38;2;4;4;113m█[38;2;10;10;69m█[38;2;9;9;68m█[38;2;13;13;9m██[38;2;13;13;16m██
██[38;2;13;15;6m██[38;2;8;6;97m█[38;2;9;8;98m█[38;2;0;0;66m█[38;2;51;51;124m█[38;2;255;255;249m█[38;2;255;255;247m█[38;2;244;244;244m█[38;2;255;255;255m██[38;2;253;253;253m█████████[38;2;254;255;245m█[38;2;255;255;249m█[38;2;51;51;124m█[38;2;0;0;66m█[38;2;9;8;98m█[38;2;8;6;97m█[38;2;13;15;6m██[38;2;13;13;16m██
██[38;2;13;15;6m██[38;2;5;5;115m█[38;2;6;6;116m█[38;2;0;0;32m█[38;2;134;136;181m█[38;2;255;255;255m█[38;2;183;185;176m█[38;2;15;15;15m█[38;2;111;111;111m█[38;2;236;236;236m█[38;2;255;255;255m██[38;2;253;253;253m█[38;2;254;254;254m█[38;2;255;255;255m█████[38;2;254;255;247m█[38;2;255;255;255m█[38;2;134;136;181m█[38;2;0;0;32m█[38;2;6;6;116m█[38;2;5;5;115m█[38;2;13;15;6m██[38;2;13;13;16m██
██[38;2;13;13;9m██[38;2;5;5;123m██[38;2;0;0;24m█[38;2;188;187;219m█[38;2;255;255;255m█[38;2;203;203;198m█[38;2;20;20;20m█[38;2;0;0;0m█[38;2;24;24;24m█[38;2;152;152;152m█[38;2;251;251;251m█[38;2;255;255;255m█[38;2;252;252;252m█[38;2;223;223;223m█[38;2;219;219;219m█[38;2;221;221;221m██[38;2;222;222;222m█[38;2;250;250;245m█[38;2;255;255;255m█[38;2;188;187;219m█[38;2;0;0;24m█[38;2;5;5;123m██[38;2;13;13;9m██[38;2;13;13;16m██
██[38;2;13;13;9m██[38;2;4;4;125m█[38;2;2;2;123m█[38;2;0;0;26m█[38;2;207;207;233m█[38;2;255;255;255m██[38;2;250;250;250m█[38;2;107;107;107m█[38;2;0;0;0m██[38;2;105;105;105m█[38;2;255;255;255m█[38;2;153;153;153m█[38;2;0;0;0m█████[38;2;124;124;122m█[38;2;255;255;255m█[38;2;207;207;233m█[38;2;0;0;26m█[38;2;2;2;123m█[38;2;5;5;126m█[38;2;13;13;9m██[38;2;13;13;16m██
██[38;2;13;13;9m██[38;2;4;4;125m█[38;2;2;2;123m█[38;2;0;0;25m█[38;2;208;208;233m█[38;2;255;255;255m█[38;2;254;254;252m█[38;2;176;176;176m█[38;2;46;46;46m█[38;2;0;0;0m█[38;2;12;12;12m█[38;2;162;162;162m█[38;2;255;255;255m█[38;2;194;194;194m█[38;2;68;68;68m██[38;2;69;69;69m█[38;2;68;68;68m█[38;2;65;65;65m█[38;2;174;174;172m█[38;2;255;255;255m█[38;2;208;208;233m█[38;2;0;0;25m█[38;2;2;2;123m█[38;2;4;4;125m█[38;2;13;13;9m██[38;2;13;13;16m██
██[38;2;13;13;9m██[38;2;4;4;125m█[38;2;2;2;123m█[38;2;0;0;25m█[38;2;208;208;233m█[38;2;255;255;255m█[38;2;172;172;169m█[38;2;0;0;0m██[38;2;100;100;100m█[38;2;228;228;228m█[38;2;255;255;255m█[38;2;252;252;252m█[38;2;255;255;255m████████[38;2;208;208;233m█[38;2;0;0;25m█[38;2;2;2;123m█[38;2;4;4;125m█[38;2;13;13;9m██[38;2;13;13;16m██
██[38;2;13;13;9m██[38;2;4;4;125m█[38;2;2;2;123m█[38;2;0;0;25m█[38;2;208;208;233m█[38;2;255;255;255m█[38;2;217;217;215m█[38;2;103;103;103m█[38;2;194;194;194m█[38;2;255;255;255m██[38;2;253;253;253m████████[38;2;253;253;251m█[38;2;255;255;255m█[38;2;208;208;233m█[38;2;0;0;25m█[38;2;2;2;123m█[38;2;4;4;125m█[38;2;13;13;9m██[38;2;13;13;16m██
██[38;2;13;13;9m██[38;2;4;4;125m█[38;2;2;2;123m█[38;2;0;0;25m█[38;2;208;208;233m█[38;2;255;255;255m█[38;2;255;255;254m█[38;2;255;255;255m██[38;2;253;253;253m██████████[38;2;253;253;251m█[38;2;255;255;255m█[38;2;208;208;233m█[38;2;0;0;25m█[38;2;2;2;123m█[38;2;4;4;125m█[38;2;13;13;9m██[38;2;13;13;16m██
██[38;2;13;13;9m██[38;2;4;4;125m█[38;2;2;2;123m█[38;2;0;0;25m█[38;2;208;208;233m█[38;2;255;255;255m█[38;2;253;253;251m█[38;2;253;253;253m████████████[38;2;253;253;251m█[38;2;255;255;255m█[38;2;208;208;233m█[38;2;0;0;25m█[38;2;2;2;123m█[38;2;4;4;125m█[38;2;13;13;9m██[38;2;13;13;16m██
██[38;2;13;13;9m██[38;2;4;4;125m█[38;2;2;2;123m█[38;2;0;0;25m█[38;2;208;208;233m█[38;2;255;255;255m█[38;2;253;253;251m█[38;2;253;253;253m████████████[38;2;253;253;251m█[38;2;255;255;255m█[38;2;208;208;233m█[38;2;0;0;25m█[38;2;2;2;123m█[38;2;4;4;125m█[38;2;13;13;9m██[38;2;13;13;16m██
██[38;2;13;13;9m██[38;2;4;4;125m█[38;2;2;2;123m█[38;2;0;0;25m█[38;2;208;208;233m█[38;2;255;255;255m█[38;2;253;253;251m█[38;2;253;253;253m████████████[38;2;253;253;251m█[38;2;255;255;255m█[38;2;208;208;233m█[38;2;0;0;25m█[38;2;2;2;123m█[38;2;4;4;125m█[38;2;13;13;9m██[38;2;13;13;16m██
██[38;2;13;13;9m██[38;2;4;4;125m█[38;2;2;2;123m█[38;2;0;0;25m█[38;2;208;208;233m█[38;2;255;255;255m█[38;2;253;253;251m█[38;2;253;253;253m████████████[38;2;253;253;251m█[38;2;255;255;255m█[38;2;208;208;233m█[38;2;0;0;25m█[38;2;2;2;123m█[38;2;4;4;125m█[38;2;13;13;9m██[38;2;13;13;16m██
██[38;2;13;13;9m██[38;2;5;4;125m█[38;2;3;2;123m█[38;2;0;0;25m█[38;2;208;208;233m█[38;2;255;255;255m█[38;2;253;253;251m█[38;2;253;253;253m████████████[38;2;253;253;251m█[38;2;255;255;255m█[38;2;208;208;233m█[38;2;0;0;25m█[38;2;2;2;123m█[38;2;4;4;125m█[38;2;13;13;9m██[38;2;13;13;16m██
██[38;2;13;13;9m██[38;2;5;4;125m█[38;2;3;2;123m█[38;2;0;0;25m█[38;2;208;208;233m█[38;2;255;255;255m█[38;2;253;253;251m█[38;2;253;253;253m████████████[38;2;253;253;251m█[38;2;255;255;255m█[38;2;208;208;233m█[38;2;0;0;25m█[38;2;2;2;123m█[38;2;4;4;125m█[38;2;13;13;9m██[38;2;13;13;16m██
██[38;2;13;13;9m██[38;2;5;4;125m█[38;2;3;2;123m█[38;2;0;0;25m█[38;2;209;209;235m█[38;2;255;255;255m█[38;2;253;253;251m█[38;2;253;253;253m████████████[38;2;253;253;251m█[38;2;255;255;255m█[38;2;209;209;235m█[38;2;0;0;25m█[38;2;2;2;123m█[38;2;4;4;125m█[38;2;13;13;9m██[38;2;13;13;16m██
██[38;2;13;13;9m██[38;2;4;4;131m██[38;2;0;0;22m█[38;2;175;174;207m█[38;2;255;255;255m█[38;2;253;253;249m█[38;2;253;253;253m█[38;2;254;254;254m█[38;2;255;255;255m███[38;2;253;253;253m██[38;2;255;255;255m███[38;2;254;254;254m█[38;2;253;253;253m█[38;2;253;253;249m█[38;2;255;255;255m█[38;2;178;176;209m█[38;2;0;0;22m█[38;2;4;4;129m██[38;2;13;13;9m██[38;2;13;13;16m██
██[38;2;13;15;4m██[38;2;4;4;131m█[38;2;6;6;133m█[38;2;0;0;56m█[38;2;46;46;110m█[38;2;242;243;232m█[38;2;255;255;255m██[38;2;254;254;254m█[38;2;172;172;167m█[38;2;165;165;160m█[38;2;249;249;249m█[38;2;255;255;255m██[38;2;249;249;249m█[38;2;164;164;159m█[38;2;169;169;165m█[38;2;254;254;254m█[38;2;255;255;255m██[38;2;244;245;235m█[38;2;49;49;111m█[38;2;0;0;54m█[38;2;5;5;132m█[38;2;4;4;131m█[38;2;13;15;4m██[38;2;13;13;16m██
██[38;2;13;15;6m██[38;2;5;8;100m█[38;2;6;9;101m█[38;2;5;4;147m█[38;2;0;0;126m█[38;2;39;38;23m█[38;2;136;134;119m█[38;2;146;147;137m█[38;2;62;63;53m█[38;2;0;0;9m█[38;2;0;0;6m█[38;2;53;54;46m█[38;2;141;143;134m██[38;2;53;54;46m█[38;2;0;0;6m█[38;2;0;0;8m█[38;2;62;63;53m█[38;2;146;147;137m█[38;2;138;138;119m█[38;2;41;41;23m█[38;2;0;0;124m█[38;2;4;3;144m█[38;2;6;8;103m█[38;2;5;6;102m█[38;2;13;15;4m██[38;2;13;13;16m██
██[38;2;13;13;11m██[38;2;11;11;40m██[38;2;0;0;215m██[38;2;0;0;91m█[38;2;0;0;81m█[38;2;0;0;68m█[38;2;0;0;75m█[38;2;0;0;207m█[38;2;0;0;208m█[38;2;0;0;82m█[38;2;0;0;74m██[38;2;0;0;83m█[38;2;0;0;208m█[38;2;0;0;207m█[38;2;0;0;75m█[38;2;0;0;68m█[38;2;0;0;79m█[38;2;0;0;89m█[38;2;0;0;215m██[38;2;11;11;40m██[38;2;13;13;11m██[38;2;13;13;16m██
████[38;2;13;15;6m██[38;2;4;4;127m█[38;2;5;5;129m█[38;2;0;0;252m█[38;2;0;0;251m█[38;2;0;0;244m█[38;2;0;0;245m█[38;2;0;0;212m██[38;2;0;0;244m█[38;2;0;0;243m██[38;2;0;0;244m█[38;2;0;0;210m██[38;2;0;0;244m█[38;2;0;0;243m█[38;2;0;0;251m█[38;2;0;0;252m█[38;2;5;5;130m█[38;2;4;4;129m█[38;2;13;15;6m██[38;2;13;13;16m████
████[38;2;13;13;13m██[38;2;13;13;17m██[38;2;5;6;108m██[38;2;6;6;118m█[38;2;5;5;117m█[38;2;11;11;34m██[38;2;5;5;112m█[38;2;6;6;113m██[38;2;5;5;112m█[38;2;11;11;32m██[38;2;5;5;117m█[38;2;6;6;118m█[38;2;6;8;111m█[38;2;5;6;110m█[38;2;13;13;17m██[38;2;13;13;13m██[38;2;13;13;16m████
██████[38;2;13;13;13m██[38;2;13;15;4m████[38;2;13;13;11m██[38;2;13;15;4m██[38;2;13;15;6m██[38;2;13;13;11m██[38;2;13;15;4m████[38;2;13;13;13m██[38;2;13;13;16m██████
████████████████████████████████
████████████████████████████████