[38;2;13;13;16m██████████████[38;2;13;13;11m████[38;2;13;13;16m██████████████
██████████[38;2;13;13;11m██[38;2;13;13;9m██[38;2;11;11;32m████[38;2;13;13;9m██[38;2;13;13;11m██[38;2;13;13;16m██████████
████████[38;2;13;13;11m██[38;2;13;12;27m██[38;2;4;2;148m█[38;2;5;3;150m█[38;2;0;0;224m████[38;2;3;4;150m██[38;2;13;12;27m██[38;2;13;13;11m██[38;2;13;13;16m████████
██████[38;2;13;13;13m██[38;2;13;12;22m██[38;2;2;1;186m█[38;2;3;2;187m█[38;2;0;0;225m█[38;2;0;0;221m█[38;2;0;0;138m█[38;2;0;0;133m██[38;2;0;0;138m█[38;2;0;0;221m█[38;2;0;0;225m█[38;2;3;2;187m█[38;2;2;1;186m█[38;2;13;12;22m██[38;2;13;13;13m██[38;2;13;13;16m██████
██████[38;2;13;15;4m██[38;2;4;3;138m█[38;2;5;4;139m█[38;2;0;1;200m█[38;2;0;0;188m█[38;2;0;0;15m█[38;2;3;3;30m█[38;2;39;40;26m█[38;2;62;63;49m█[38;2;63;62;49m█[38;2;40;39;26m█[38;2;3;3;30m█[38;2;0;0;13m█[38;2;0;0;188m█[38;2;0;1;200m█[38;2;5;4;139m█[38;2;4;3;138m█[38;2;13;15;4m██[38;2;13;13;16m██████
████[38;2;13;13;11m██[38;2;11;10;47m██[38;2;1;1;208m█[38;2;0;0;204m█[38;2;0;0;20m█[38;2;22;20;53m█[38;2;133;134;124m█[38;2;217;218;208m█[38;2;250;250;250m█[38;2;255;255;255m██[38;2;250;250;250m█[38;2;217;218;208m█[38;2;133;134;124m█[38;2;22;20;53m█[38;2;0;0;20m█[38;2;0;0;204m█[38;2;1;1;208m█[38;2;11;10;47m██[38;2;13;13;11m██[38;2;13;13;16m████
████[38;2;13;15;4m██[38;2;4;4;131m█[38;2;5;5;132m█[38;2;3;3;120m█[38;2;0;0;98m█[38;2;88;87;74m█[38;2;236;235;222m█[38;2;255;255;255m███[38;2;254;254;254m██[38;2;255;255;255m███[38;2;236;235;222m█[38;2;88;87;74m█[38;2;0;0;98m█[38;2;2;3;120m█[38;2;6;6;133m█[38;2;4;4;131m█[38;2;13;15;4m██[38;2;13;13;16m████
██[38;2;13;13;13m██[38;2;13;13;19m██[38;2;2;2;173m█[38;2;1;1;172m█[38;2;0;0;13m█[38;2;103;103;130m█[38;2;255;255;255m█[38;2;255;255;254m█[38;2;253;253;253m████████[38;2;255;255;254m█[38;2;255;255;255m█[38;2;103;103;130m█[38;2;0;0;13m█[38;2;2;1;172m█[38;2;3;2;173m█[38;2;13;13;19m██[38;2;13;13;13m██[38;2;13;13;16m██
██[38;2;13;13;11m██[38;2;9;10;55m██[38;2;4;5;153m█[38;2;0;0;132m█[38;2;65;66;58m█[38;2;255;255;250m█[38;2;255;255;255m█[38;2;253;253;253m██████████[38;2;255;255;255m█[38;2;255;255;250m█[38;2;63;65;56m█[38;2;0;0;132m█[38;2;4;5;153m█[38;2;9;10;55m██[38;2;13;13;11m██[38;2;13;13;16m██
██[38;2;13;15;6m██[38;2;8;6;91m█[38;2;9;8;93m█[38;2;2;3;107m█[38;2;0;0;98m█[38;2;207;208;196m█[38;2;255;255;253m█[38;2;255;255;255m█[38;2;254;254;254m█[38;2;253;253;253m██████████[38;2;255;255;252m█[38;2;207;208;196m█[38;2;0;0;98m█[38;2;2;3;107m█[38;2;9;8;93m█[38;2;8;6;91m█[38;2;13;15;6m██[38;2;13;13;16m██
██[38;2;13;15;4m██[38;2;5;5;115m█[38;2;6;6;116m█[38;2;0;0;56m█[38;2;69;70;136m█[38;2;255;255;254m█[38;2;249;250;239m█[38;2;209;209;209m█[38;2;252;252;252m█[38;2;255;255;255m█[38;2;253;253;253m█████████[38;2;253;254;244m█[38;2;255;255;253m█[38;2;69;70;136m█[38;2;0;0;56m█[38;2;6;6;116m█[38;2;5;5;115m█[38;2;13;15;4m██[38;2;13;13;16m██
██[38;2;13;15;6m██[38;2;4;4;125m█[38;2;5;5;126m█[38;2;0;0;30m█[38;2;148;151;193m█[38;2;255;255;255m█[38;2;169;169;165m█[38;2;0;0;0m█[38;2;62;62;62m█[38;2;200;200;200m█[38;2;255;255;255m██[38;2;252;252;252m█[38;2;255;255;255m██████[38;2;255;255;252m█[38;2;255;255;255m█[38;2;148;151;193m█[38;2;0;0;30m█[38;2;5;5;126m█[38;2;4;4;125m█[38;2;13;15;6m██[38;2;13;13;16m██
██[38;2;13;13;9m██[38;2;4;4;127m█[38;2;3;3;126m█[38;2;0;0;24m█[38;2;194;194;223m█[38;2;255;255;255m█[38;2;225;225;221m█[38;2;68;68;68m█[38;2;0;0;0m██[38;2;100;100;100m█[38;2;230;230;230m█[38;2;255;255;255m█[38;2;239;239;239m█[38;2;180;180;180m█[38;2;175;175;175m█[38;2;176;176;176m███[38;2;232;232;228m█[38;2;255;255;255m█[38;2;194;194;223m█[38;2;0;0;24m█[38;2;3;3;126m█[38;2;4;4;127m█[38;2;13;13;9m██[38;2;13;13;16m██
██[38;2;13;13;9m██[38;2;4;4;125m█[38;2;2;2;123m█[38;2;0;0;25m█[38;2;208;208;233m█[38;2;255;255;255m███[38;2;126;126;126m█[38;2;0;0;0m██[38;2;88;88;88m█[38;2;255;255;255m█[38;2;139;139;139m█[38;2;0;0;0m█████[38;2;108;108;105m█[38;2;255;255;255m█[38;2;208;208;233m█[38;2;0;0;25m█[38;2;2;2;123m█[38;2;4;4;125m█[38;2;13;13;9m██[38;2;13;13;16m██
██[38;2;13;13;9m██[38;2;4;4;125m█[38;2;2;2;123m█[38;2;0;0;25m█[38;2;208;208;233m█[38;2;255;255;255m█[38;2;243;243;240m█[38;2;122;122;122m█[38;2;11;11;11m█[38;2;0;0;0m█[38;2;51;51;51m█[38;2;198;198;198m█[38;2;255;255;255m█[38;2;219;219;219m█[38;2;125;125;125m█[38;2;123;123;123m█[38;2;124;124;124m██[38;2;122;122;122m█[38;2;207;207;204m█[38;2;255;255;255m█[38;2;208;208;233m█[38;2;0;0;25m█[38;2;2;2;123m█[38;2;4;4;125m█[38;2;13;13;9m██[38;2;13;13;16m██
██[38;2;13;13;9m██[38;2;4;4;125m█[38;2;2;2;123m█[38;2;0;0;25m█[38;2;208;208;233m█[38;2;255;255;255m█[38;2;165;165;162m█[38;2;0;0;0m█[38;2;20;20;20m█[38;2;152;152;152m█[38;2;253;253;253m█[38;2;255;255;255m█[38;2;252;252;252m█[38;2;255;255;255m████████[38;2;208;208;233m█[38;2;0;0;25m█[38;2;2;2;123m█[38;2;4;4;125m█[38;2;13;13;9m██[38;2;13;13;16m██
██[38;2;13;13;9m██[38;2;4;4;125m█[38;2;2;2;123m█[38;2;0;0;25m█[38;2;208;208;233m█[38;2;255;255;255m█[38;2;236;236;233m█[38;2;160;160;160m█[38;2;230;230;230m█[38;2;255;255;255m██[38;2;253;253;253m████████[38;2;253;253;251m█[38;2;255;255;255m█[38;2;208;208;233m█[38;2;0;0;25m█[38;2;2;2;123m█[38;2;4;4;125m█[38;2;13;13;9m██[38;2;13;13;16m██
██[38;2;13;13;9m██[38;2;4;4;125m█[38;2;2;2;123m█[38;2;0;0;25m█[38;2;208;208;233m█[38;2;255;255;255m█[38;2;255;255;253m█[38;2;255;255;255m██[38;2;253;253;253m██████████[38;2;253;253;251m█[38;2;255;255;255m█[38;2;208;208;233m█[38;2;0;0;25m█[38;2;2;2;123m█[38;2;4;4;125m█[38;2;13;13;9m██[38;2;13;13;16m██
██[38;2;13;13;9m██[38;2;4;4;125m█[38;2;2;2;123m█[38;2;0;0;25m█[38;2;208;208;233m█[38;2;255;255;255m█[38;2;253;253;251m█[38;2;253;253;253m████████████[38;2;253;253;251m█[38;2;255;255;255m█[38;2;208;208;233m█[38;2;0;0;25m█[38;2;2;2;123m█[38;2;4;4;125m█[38;2;13;13;9m██[38;2;13;13;16m██
██[38;2;13;13;9m██[38;2;4;4;125m█[38;2;2;2;123m█[38;2;0;0;25m█[38;2;208;208;233m█[38;2;255;255;255m█[38;2;253;253;251m█[38;2;253;253;253m████████████[38;2;253;253;251m█[38;2;255;255;255m█[38;2;208;208;233m█[38;2;0;0;25m█[38;2;2;2;123m█[38;2;4;4;125m█[38;2;13;13;9m██[38;2;13;13;16m██
██[38;2;13;13;9m██[38;2;4;4;125m█[38;2;2;2;123m█[38;2;0;0;25m█[38;2;208;208;233m█[38;2;255;255;255m█[38;2;253;253;251m█[38;2;253;253;253m████████████[38;2;253;253;251m█[38;2;255;255;255m█[38;2;208;208;233m█[38;2;0;0;25m█[38;2;2;2;123m█[38;2;4;4;125m█[38;2;13;13;9m██[38;2;13;13;16m██
██[38;2;13;13;9m██[38;2;4;4;125m█[38;2;2;2;123m█[38;2;0;0;25m█[38;2;208;208;233m█[38;2;255;255;255m█[38;2;253;253;251m█[38;2;253;253;253m████████████[38;2;253;253;251m█[38;2;255;255;255m█[38;2;208;208;233m█[38;2;0;0;25m█[38;2;2;2;123m█[38;2;4;4;125m█[38;2;13;13;9m██[38;2;13;13;16m██
██[38;2;13;13;9m██[38;2;4;4;125m█[38;2;2;2;123m█[38;2;1;1;26m█[38;2;209;209;235m█[38;2;255;255;255m█[38;2;253;253;251m█[38;2;253;253;253m████████████[38;2;253;253;251m█[38;2;255;255;255m█[38;2;209;209;235m█[38;2;1;1;26m█[38;2;2;2;123m█[38;2;4;4;125m█[38;2;13;13;9m██[38;2;13;13;16m██
██[38;2;13;13;9m██[38;2;5;4;125m█[38;2;4;3;124m█[38;2;0;0;22m█[38;2;190;190;219m█[38;2;255;255;255m█[38;2;253;253;249m█[38;2;253;253;253m██[38;2;255;255;255m██[38;2;253;253;253m████[38;2;255;255;255m██[38;2;253;253;253m██[38;2;253;253;249m█[38;2;255;255;255m█[38;2;193;193;222m█[38;2;0;0;23m█[38;2;4;3;124m█[38;2;5;4;125m█[38;2;13;13;9m██[38;2;13;13;16m██
██[38;2;13;15;6m██[38;2;5;5;115m█[38;2;6;6;116m█[38;2;0;0;41m█[38;2;79;80;131m█[38;2;255;255;255m████[38;2;218;218;216m█[38;2;214;214;211m█[38;2;255;255;255m████[38;2;214;214;211m█[38;2;217;217;215m█[38;2;255;255;255m████[38;2;82;83;134m█[38;2;0;0;41m█[38;2;6;6;118m█[38;2;5;5;117m█[38;2;13;15;6m██[38;2;13;13;16m██
██[38;2;13;15;6m██[38;2;8;8;81m█[38;2;9;9;82m█[38;2;4;4;119m█[38;2;0;0;100m█[38;2;84;83;68m█[38;2;193;192;176m█[38;2;201;202;194m█[38;2;115;116;108m█[38;2;6;6;6m█[38;2;2;2;2m█[38;2;102;103;95m█[38;2;197;198;190m██[38;2;102;103;95m█[38;2;2;2;2m█[38;2;5;5;5m█[38;2;115;116;108m█[38;2;201;202;194m█[38;2;194;193;178m█[38;2;87;86;70m█[38;2;0;0;97m█[38;2;4;4;117m█[38;2;9;9;84m█[38;2;8;8;83m█[38;2;13;15;6m██[38;2;13;13;16m██
██[38;2;13;13;13m██[38;2;13;12;24m██[38;2;2;2;179m█[38;2;0;0;176m█[38;2;0;0;48m█[38;2;0;0;49m█[38;2;0;0;37m█[38;2;0;0;31m█[38;2;0;0;172m█[38;2;0;0;173m█[38;2;0;0;39m█[38;2;0;0;42m██[38;2;0;0;39m█[38;2;0;0;173m█[38;2;0;0;172m█[38;2;0;0;31m█[38;2;0;0;37m█[38;2;0;0;47m█[38;2;0;0;46m█[38;2;0;0;176m█[38;2;2;2;179m█[38;2;13;12;26m██[38;2;13;13;13m██[38;2;13;13;16m██
████[38;2;13;15;6m██[38;2;8;9;74m█[38;2;9;10;75m█[38;2;0;0;215m█[38;2;0;0;212m█[38;2;0;0;210m█[38;2;0;0;212m█[38;2;3;4;152m██[38;2;0;0;209m█[38;2;0;0;207m██[38;2;0;0;209m█[38;2;3;4;153m██[38;2;0;0;210m█[38;2;0;0;208m█[38;2;0;0;212m█[38;2;0;0;215m█[38;2;9;10;77m█[38;2;8;9;76m█[38;2;13;15;6m██[38;2;13;13;16m████
██████[38;2;13;13;9m██[38;2;11;10;42m██[38;2;11;10;47m██[38;2;13;15;6m██[38;2;11;10;45m████[38;2;13;15;6m██[38;2;11;10;49m██[38;2;11;10;42m██[38;2;13;13;9m██[38;2;13;13;16m██████
████████[38;2;13;13;11m████[38;2;13;13;16m██[38;2;13;13;11m████[38;2;13;13;16m██[38;2;13;13;11m████[38;2;13;13;16m████████
████████████████████████████████
████████████████████████████████