[38;2;13;13;16m██████████[38;2;13;15;6m██[38;2;9;9;70m██[38;2;3;4;153m████[38;2;10;10;72m█[38;2;9;9;70m█[38;2;13;15;6m██[38;2;13;13;16m██████████
████████[38;2;13;15;6m██[38;2;5;5;118m█[38;2;6;6;119m█[38;2;0;0;223m█[38;2;0;0;219m█[38;2;0;0;161m█[38;2;0;0;157m██[38;2;0;0;161m█[38;2;0;0;219m█[38;2;0;0;223m█[38;2;6;6;119m█[38;2;5;5;118m█[38;2;13;15;6m██[38;2;13;13;16m████████
██████[38;2;13;15;6m██[38;2;8;8;87m█[38;2;9;9;88m█[38;2;0;1;202m█[38;2;0;0;193m█[38;2;0;0;27m█[38;2;0;0;37m█[38;2;27;28;17m█[38;2;48;49;38m██[38;2;27;28;17m█[38;2;0;0;37m█[38;2;0;0;27m█[38;2;0;0;190m█[38;2;1;2;201m█[38;2;9;9;88m█[38;2;8;8;87m█[38;2;13;15;6m██[38;2;13;13;16m██████
████[38;2;13;13;13m██[38;2;13;12;24m██[38;2;2;1;186m█[38;2;1;0;185m█[38;2;0;0;32m█[38;2;9;11;53m█[38;2;116;117;105m█[38;2;203;204;193m█[38;2;242;242;242m█[38;2;254;254;254m██[38;2;243;243;243m█[38;2;203;204;193m█[38;2;116;117;105m█[38;2;9;11;53m█[38;2;0;0;32m█[38;2;1;0;185m█[38;2;2;1;186m█[38;2;13;12;24m██[38;2;13;13;13m██[38;2;13;13;16m████
████[38;2;13;15;4m██[38;2;5;8;100m█[38;2;6;9;101m█[38;2;3;3;127m█[38;2;0;0;104m█[38;2;73;72;59m█[38;2;225;224;211m█[38;2;255;255;255m███[38;2;254;254;254m██[38;2;255;255;255m███[38;2;225;224;211m█[38;2;73;72;59m█[38;2;0;0;104m█[38;2;3;3;127m█[38;2;6;9;101m█[38;2;5;8;100m█[38;2;13;15;4m██[38;2;13;13;16m████
████[38;2;13;13;11m██[38;2;3;4;153m█[38;2;2;3;152m█[38;2;0;0;20m█[38;2;89;88;123m█[38;2;255;255;252m█[38;2;255;255;255m█[38;2;253;253;253m████████[38;2;255;255;255m█[38;2;255;255;252m█[38;2;89;88;123m█[38;2;0;0;20m█[38;2;2;3;152m█[38;2;3;4;153m█[38;2;13;13;11m██[38;2;13;13;16m████
██[38;2;13;13;11m██[38;2;11;11;40m██[38;2;6;5;148m█[38;2;0;0;129m█[38;2;54;54;49m█[38;2;252;252;247m█[38;2;255;255;255m█[38;2;253;253;253m██████████[38;2;255;255;255m█[38;2;252;252;247m█[38;2;54;54;49m█[38;2;0;0;129m█[38;2;6;5;148m█[38;2;11;11;40m██[38;2;13;13;11m██[38;2;13;13;16m██
██[38;2;13;15;6m██[38;2;8;9;76m█[38;2;9;10;77m█[38;2;2;3;107m█[38;2;0;0;96m█[38;2;198;200;188m█[38;2;255;255;255m█[38;2;246;246;246m█[38;2;255;255;255m██[38;2;253;253;253m█████████[38;2;255;255;253m█[38;2;198;200;188m█[38;2;0;0;96m█[38;2;2;3;107m█[38;2;9;10;77m█[38;2;8;9;76m█[38;2;13;15;6m██[38;2;13;13;16m██
██[38;2;13;15;6m██[38;2;5;6;104m█[38;2;6;8;105m█[38;2;0;0;59m█[38;2;63;65;132m█[38;2;255;255;255m█[38;2;186;187;176m█[38;2;20;20;20m█[38;2;122;122;122m█[38;2;244;244;244m█[38;2;255;255;255m█[38;2;254;254;254m█[38;2;253;253;253m██[38;2;255;255;255m█████[38;2;254;255;245m█[38;2;255;255;252m█[38;2;63;65;132m█[38;2;0;0;59m█[38;2;6;8;105m█[38;2;5;6;104m█[38;2;13;15;6m██[38;2;13;13;16m██
██[38;2;13;15;6m██[38;2;5;5;118m█[38;2;6;6;119m█[38;2;0;0;30m█[38;2;144;146;188m█[38;2;255;255;255m█[38;2;201;201;196m█[38;2;15;15;15m█[38;2;0;0;0m█[38;2;37;37;37m█[38;2;175;175;175m█[38;2;255;255;255m█[38;2;254;254;254m█[38;2;255;255;255m█[38;2;242;242;242m█[38;2;238;238;238m█[38;2;239;239;239m█[38;2;238;238;238m█[38;2;240;240;240m█[38;2;255;255;251m█[38;2;255;255;255m█[38;2;144;146;188m█[38;2;0;0;30m█[38;2;6;6;119m█[38;2;5;5;118m█[38;2;13;15;6m██[38;2;13;13;16m██
██[38;2;13;13;9m██[38;2;4;4;125m█[38;2;3;3;124m█[38;2;0;0;23m█[38;2;193;193;222m█[38;2;255;255;255m██[38;2;240;240;240m█[38;2;104;104;104m█[38;2;0;0;0m██[38;2;120;120;120m█[38;2;255;255;255m█[38;2;165;165;165m█[38;2;11;11;11m█[38;2;16;16;16m█[38;2;17;17;17m██[38;2;8;8;8m█[38;2;138;138;133m█[38;2;255;255;255m█[38;2;193;193;222m█[38;2;0;0;23m█[38;2;3;3;124m█[38;2;4;4;125m█[38;2;13;13;9m██[38;2;13;13;16m██
██[38;2;13;13;9m██[38;2;5;5;126m█[38;2;2;2;123m█[38;2;0;0;25m█[38;2;207;207;232m█[38;2;255;255;255m██[38;2;217;217;217m█[38;2;80;80;80m█[38;2;0;0;0m██[38;2;141;141;141m█[38;2;255;255;255m█[38;2;180;180;180m█[38;2;38;38;38m█[38;2;40;40;40m█[38;2;41;41;41m██[38;2;34;34;34m█[38;2;155;155;153m█[38;2;255;255;255m█[38;2;207;207;232m█[38;2;0;0;25m█[38;2;2;2;123m█[38;2;4;4;125m█[38;2;13;13;9m██[38;2;13;13;16m██
██[38;2;13;13;9m██[38;2;5;5;126m█[38;2;2;2;123m█[38;2;0;0;25m█[38;2;208;208;233m█[38;2;255;255;255m█[38;2;188;188;186m█[38;2;0;0;0m██[38;2;61;61;61m█[38;2;202;202;202m█[38;2;255;255;255m█[38;2;253;253;253m█[38;2;255;255;255m█[38;2;254;254;254m█[38;2;252;252;252m███[38;2;253;253;253m█[38;2;255;255;255m██[38;2;208;208;233m█[38;2;0;0;25m█[38;2;2;2;123m█[38;2;4;4;125m█[38;2;13;13;9m██[38;2;13;13;16m██
██[38;2;13;13;9m██[38;2;5;5;126m█[38;2;2;2;123m█[38;2;0;0;25m█[38;2;208;208;233m█[38;2;255;255;255m█[38;2;197;197;195m█[38;2;48;48;48m█[38;2;151;151;151m█[38;2;255;255;255m██[38;2;253;253;253m███[38;2;254;254;254m█████[38;2;253;253;251m█[38;2;255;255;255m█[38;2;208;208;233m█[38;2;0;0;25m█[38;2;2;2;123m█[38;2;4;4;125m█[38;2;13;13;9m██[38;2;13;13;16m██
██[38;2;13;13;9m██[38;2;5;5;126m█[38;2;2;2;123m█[38;2;0;0;25m█[38;2;208;208;233m█[38;2;255;255;255m█[38;2;255;255;254m█[38;2;255;255;255m██[38;2;254;254;254m█[38;2;253;253;253m█████████[38;2;253;253;251m█[38;2;255;255;255m█[38;2;208;208;233m█[38;2;0;0;25m█[38;2;2;2;123m█[38;2;4;4;125m█[38;2;13;13;9m██[38;2;13;13;16m██
██[38;2;13;13;9m██[38;2;5;5;126m█[38;2;2;2;123m█[38;2;0;0;25m█[38;2;208;208;233m█[38;2;255;255;255m█[38;2;253;253;251m█[38;2;254;254;254m█[38;2;253;253;253m███████████[38;2;253;253;251m█[38;2;255;255;255m█[38;2;208;208;233m█[38;2;0;0;25m█[38;2;2;2;123m█[38;2;4;4;125m█[38;2;13;13;9m██[38;2;13;13;16m██
██[38;2;13;13;9m██[38;2;5;5;126m█[38;2;2;2;123m█[38;2;0;0;25m█[38;2;208;208;233m█[38;2;255;255;255m█[38;2;253;253;251m█[38;2;253;253;253m████████████[38;2;253;253;251m█[38;2;255;255;255m█[38;2;208;208;233m█[38;2;0;0;25m█[38;2;2;2;123m█[38;2;4;4;125m█[38;2;13;13;9m██[38;2;13;13;16m██
██[38;2;13;13;9m██[38;2;5;5;126m█[38;2;2;2;123m█[38;2;0;0;25m█[38;2;208;208;233m█[38;2;255;255;255m█[38;2;253;253;251m█[38;2;253;253;253m████████████[38;2;253;253;251m█[38;2;255;255;255m█[38;2;208;208;233m█[38;2;0;0;25m█[38;2;2;2;123m█[38;2;4;4;125m█[38;2;13;13;9m██[38;2;13;13;16m██
██[38;2;13;13;9m██[38;2;5;5;126m█[38;2;2;2;123m█[38;2;0;0;25m█[38;2;208;208;233m█[38;2;255;255;255m█[38;2;253;253;251m█[38;2;253;253;253m████████████[38;2;253;253;251m█[38;2;255;255;255m█[38;2;208;208;233m█[38;2;0;0;25m█[38;2;2;2;123m█[38;2;4;4;125m█[38;2;13;13;9m██[38;2;13;13;16m██
██[38;2;13;13;9m██[38;2;5;5;126m█[38;2;2;2;123m█[38;2;0;0;25m█[38;2;208;208;233m█[38;2;255;255;255m█[38;2;253;253;251m█[38;2;253;253;253m████████████[38;2;253;253;251m█[38;2;255;255;255m█[38;2;208;208;233m█[38;2;0;0;25m█[38;2;2;2;123m█[38;2;4;4;125m█[38;2;13;13;9m██[38;2;13;13;16m██
██[38;2;13;13;9m██[38;2;5;5;126m█[38;2;2;2;123m█[38;2;0;0;25m█[38;2;207;207;232m█[38;2;255;255;255m█[38;2;253;253;251m█[38;2;253;253;253m████████████[38;2;253;253;251m█[38;2;255;255;255m█[38;2;207;207;232m█[38;2;0;0;25m█[38;2;2;2;123m█[38;2;4;4;125m█[38;2;13;13;9m██[38;2;13;13;16m██
██[38;2;13;13;9m██[38;2;5;5;126m█[38;2;2;2;123m█[38;2;1;1;26m█[38;2;208;208;233m█[38;2;255;255;255m█[38;2;253;253;251m█[38;2;253;253;253m████████████[38;2;253;253;251m█[38;2;255;255;255m█[38;2;208;208;233m█[38;2;1;1;26m█[38;2;2;2;123m█[38;2;4;4;125m█[38;2;13;13;9m██[38;2;13;13;16m██
██[38;2;13;13;9m██[38;2;5;5;129m█[38;2;3;3;126m█[38;2;0;0;24m█[38;2;204;204;231m█[38;2;255;255;255m█[38;2;253;253;251m█[38;2;253;253;253m██[38;2;254;254;254m██[38;2;253;253;253m████[38;2;254;254;254m██[38;2;253;253;253m██[38;2;253;253;251m█[38;2;255;255;255m█[38;2;203;203;230m█[38;2;0;0;24m█[38;2;3;3;126m█[38;2;4;4;127m█[38;2;13;13;9m██[38;2;13;13;16m██
██[38;2;13;15;6m██[38;2;4;4;127m█[38;2;5;5;129m█[38;2;0;0;28m█[38;2;129;131;171m█[38;2;255;255;255m█[38;2;255;255;251m█[38;2;254;254;254m█[38;2;255;255;255m██████████[38;2;254;254;254m█[38;2;255;255;251m█[38;2;255;255;255m█[38;2;131;130;171m█[38;2;0;0;28m█[38;2;5;5;129m█[38;2;4;4;127m█[38;2;13;15;6m██[38;2;13;13;16m██
██[38;2;13;15;4m██[38;2;5;6;110m█[38;2;6;8;111m█[38;2;1;0;88m██[38;2;164;165;153m█[38;2;251;252;240m█[38;2;254;254;252m█[38;2;194;194;192m█[38;2;65;66;55m█[38;2;58;59;48m█[38;2;182;182;180m█[38;2;252;252;250m██[38;2;182;182;180m█[38;2;56;58;47m█[38;2;63;65;54m█[38;2;193;193;190m█[38;2;254;254;252m█[38;2;251;252;240m█[38;2;164;165;153m█[38;2;1;0;88m██[38;2;6;8;111m█[38;2;5;6;110m█[38;2;13;15;4m██[38;2;13;13;16m██
██[38;2;13;13;9m██[38;2;9;10;58m██[38;2;3;3;182m█[38;2;0;0;171m█[38;2;0;0;0m█[38;2;35;35;39m█[38;2;42;42;42m█[38;2;1;1;1m█[38;2;0;0;86m█[38;2;0;0;87m█[38;2;0;0;3m█[38;2;39;39;45m█[38;2;39;39;42m█[38;2;0;0;1m█[38;2;0;0;87m█[38;2;0;0;86m█[38;2;1;1;3m█[38;2;41;41;44m█[38;2;34;34;38m█[38;2;0;0;0m█[38;2;0;0;171m█[38;2;3;3;182m█[38;2;9;10;58m██[38;2;13;13;9m██[38;2;13;13;16m██
████[38;2;13;13;9m██[38;2;3;3;165m█[38;2;4;4;166m█[38;2;0;0;196m█[38;2;0;0;187m█[38;2;0;0;171m█[38;2;0;0;180m█[38;2;0;0;239m██[38;2;0;0;183m█[38;2;0;0;175m██[38;2;0;0;183m█[38;2;0;0;239m██[38;2;0;0;182m█[38;2;0;0;173m█[38;2;0;0;189m█[38;2;0;0;197m█[38;2;4;4;166m█[38;2;3;3;165m█[38;2;13;13;9m██[38;2;13;13;16m████
████[38;2;13;13;11m██[38;2;11;11;32m██[38;2;3;3;166m██[38;2;4;3;174m█[38;2;3;2;173m█[38;2;9;9;70m██[38;2;3;3;166m████[38;2;9;9;70m██[38;2;3;2;173m██[38;2;3;3;166m██[38;2;11;11;32m██[38;2;13;13;11m██[38;2;13;13;16m████
██████[38;2;13;13;11m██[38;2;13;13;9m██[38;2;13;13;11m██[38;2;13;15;6m██[38;2;13;13;11m████[38;2;13;15;6m██[38;2;13;13;11m██[38;2;13;13;9m██[38;2;13;13;11m██[38;2;13;13;16m██████
████████████████████████████████
████████████████████████████████
████████████████████████████████