[38;2;13;13;16m████████████████████████████████
████████████[38;2;13;13;11m██[38;2;13;15;4m████[38;2;13;13;11m██[38;2;13;13;16m████████████
██████████[38;2;13;15;6m██[38;2;11;10;45m██[38;2;6;6;116m████[38;2;11;10;45m██[38;2;13;15;6m██[38;2;13;13;16m██████████
████████[38;2;13;15;4m██[38;2;8;6;89m█[38;2;9;8;90m█[38;2;0;0;215m█[38;2;0;0;214m█[38;2;0;0;186m█[38;2;0;0;182m██[38;2;0;0;186m█[38;2;0;0;214m█[38;2;0;0;215m█[38;2;9;8;90m█[38;2;8;6;89m█[38;2;13;15;4m██[38;2;13;13;16m████████
██████[38;2;13;15;6m██[38;2;9;9;66m█[38;2;10;10;67m█[38;2;1;2;205m█[38;2;0;0;198m█[38;2;0;0;51m██[38;2;12;13;5m█[38;2;30;31;23m██[38;2;12;13;5m█[38;2;0;0;49m██[38;2;0;0;198m█[38;2;1;2;205m█[38;2;10;10;67m█[38;2;9;9;66m█[38;2;13;15;6m██[38;2;13;13;16m██████
████[38;2;13;13;13m██[38;2;13;13;17m██[38;2;2;2;176m██[38;2;0;0;51m█[38;2;0;0;58m█[38;2;91;90;77m█[38;2;182;181;168m█[38;2;228;228;228m█[38;2;243;243;243m██[38;2;228;228;228m█[38;2;182;181;168m█[38;2;91;90;77m█[38;2;0;0;58m█[38;2;0;0;51m█[38;2;2;2;176m██[38;2;13;13;17m██[38;2;13;13;13m██[38;2;13;13;16m████
████[38;2;13;15;6m██[38;2;8;8;87m█[38;2;9;9;88m█[38;2;4;3;138m█[38;2;0;0;115m█[38;2;51;52;38m█[38;2;205;207;193m█[38;2;255;255;255m████████[38;2;205;207;193m█[38;2;51;52;38m█[38;2;0;0;115m█[38;2;4;3;138m█[38;2;9;9;88m█[38;2;8;8;87m█[38;2;13;15;6m██[38;2;13;13;16m████
████[38;2;13;13;9m██[38;2;4;3;146m█[38;2;5;4;147m█[38;2;0;0;27m█[38;2;69;68;109m█[38;2;247;249;240m█[38;2;255;255;255m█[38;2;253;253;253m████████[38;2;255;255;255m█[38;2;247;249;240m█[38;2;69;68;109m█[38;2;0;0;27m█[38;2;5;4;147m█[38;2;4;3;146m█[38;2;13;13;9m██[38;2;13;13;16m████
██[38;2;13;13;13m██[38;2;11;11;37m██[38;2;6;5;148m█[38;2;0;0;131m█[38;2;40;40;38m█[38;2;243;243;240m█[38;2;255;255;255m█[38;2;253;253;253m██████████[38;2;255;255;255m█[38;2;243;243;240m█[38;2;40;40;38m█[38;2;0;0;131m█[38;2;6;5;148m█[38;2;11;11;37m██[38;2;13;13;13m██[38;2;13;13;16m██
██[38;2;13;13;9m██[38;2;9;9;73m█[38;2;10;10;74m█[38;2;3;3;110m█[38;2;0;0;95m█[38;2;187;188;176m█[38;2;255;255;254m█[38;2;253;253;253m█[38;2;254;254;254m█[38;2;255;255;255m█[38;2;253;253;253m██████[38;2;254;254;254m██[38;2;253;253;253m█[38;2;255;255;254m█[38;2;187;188;176m█[38;2;0;0;95m█[38;2;3;3;110m█[38;2;10;10;74m█[38;2;9;9;73m█[38;2;13;13;9m██[38;2;13;13;16m██
██[38;2;13;15;6m██[38;2;5;8;100m█[38;2;6;9;101m█[38;2;0;0;62m█[38;2;55;55;126m█[38;2;255;255;250m█[38;2;254;255;245m█[38;2;255;255;255m██[38;2;246;246;246m█[38;2;255;255;255m██[38;2;253;253;253m██[38;2;255;255;255m██[38;2;247;247;247m█[38;2;253;253;253m█[38;2;255;255;255m█[38;2;255;255;246m█[38;2;255;255;250m█[38;2;55;55;126m█[38;2;0;0;62m█[38;2;6;9;101m█[38;2;5;8;100m█[38;2;13;15;6m██[38;2;13;13;16m██
██[38;2;13;15;6m██[38;2;5;5;117m█[38;2;6;6;118m█[38;2;0;0;32m█[38;2;137;138;183m█[38;2;255;255;255m██[38;2;160;160;160m█[38;2;67;67;67m█[38;2;61;61;61m█[38;2;81;81;81m█[38;2;209;209;209m█[38;2;255;255;255m██[38;2;226;226;226m█[38;2;94;94;94m█[38;2;62;62;62m██[38;2;138;138;138m█[38;2;254;254;250m█[38;2;255;255;255m█[38;2;138;139;185m█[38;2;0;0;32m█[38;2;6;6;118m█[38;2;5;5;117m█[38;2;13;15;6m██[38;2;13;13;16m██
██[38;2;13;13;9m██[38;2;5;5;123m█[38;2;4;4;122m█[38;2;0;0;25m█[38;2;189;188;221m█[38;2;255;255;255m█[38;2;165;165;160m█[38;2;33;33;33m█[38;2;125;125;125m█[38;2;155;155;155m█[38;2;83;83;83m█[38;2;35;35;35m█[38;2;237;237;237m█[38;2;251;251;251m█[38;2;54;54;54m█[38;2;87;87;87m█[38;2;144;144;144m█[38;2;137;137;137m█[38;2;24;24;24m█[38;2;139;139;134m█[38;2;255;255;255m█[38;2;189;188;221m█[38;2;0;0;24m█[38;2;5;5;123m██[38;2;13;13;9m██[38;2;13;13;16m██
██[38;2;13;13;9m██[38;2;4;4;125m█[38;2;2;2;123m█[38;2;0;0;25m█[38;2;208;208;233m█[38;2;255;255;255m█[38;2;69;69;67m█[38;2;103;103;103m█[38;2;26;26;26m█[38;2;35;35;35m█[38;2;60;60;60m█[38;2;59;59;59m█[38;2;179;179;179m█[38;2;190;190;190m█[38;2;53;53;53m█[38;2;77;77;77m█[38;2;34;34;34m█[38;2;17;17;17m█[38;2;102;102;102m█[38;2;61;61;59m█[38;2;255;255;255m█[38;2;208;208;233m█[38;2;0;0;25m█[38;2;2;2;123m█[38;2;4;4;125m█[38;2;13;13;9m██[38;2;13;13;16m██
██[38;2;13;13;9m██[38;2;4;4;125m█[38;2;2;2;123m█[38;2;0;0;25m█[38;2;209;209;235m█[38;2;255;255;255m█[38;2;62;62;60m█[38;2;102;102;102m█[38;2;22;22;22m█[38;2;76;76;76m█[38;2;24;24;24m█[38;2;42;42;42m█[38;2;195;195;195m█[38;2;176;176;176m█[38;2;65;65;65m█[38;2;49;49;49m█[38;2;79;79;79m█[38;2;15;15;15m█[38;2;60;60;60m█[38;2;75;75;73m█[38;2;255;255;255m█[38;2;208;208;233m█[38;2;0;0;25m█[38;2;2;2;123m█[38;2;4;4;125m█[38;2;13;13;9m██[38;2;13;13;16m██
██[38;2;13;13;9m██[38;2;4;4;125m█[38;2;2;2;123m█[38;2;0;0;25m█[38;2;208;208;233m█[38;2;255;255;255m█[38;2;118;118;116m█[38;2;58;58;58m█[38;2;90;90;90m█[38;2;103;103;103m█[38;2;82;82;82m█[38;2;119;119;119m█[38;2;255;255;255m█[38;2;226;226;226m█[38;2;33;33;33m█[38;2;103;103;103m█[38;2;79;79;79m█[38;2;111;111;111m█[38;2;69;69;69m█[38;2;203;203;201m█[38;2;255;255;255m█[38;2;208;208;233m█[38;2;0;0;25m█[38;2;2;2;123m█[38;2;4;4;125m█[38;2;13;13;9m██[38;2;13;13;16m██
██[38;2;13;13;9m██[38;2;4;4;125m█[38;2;2;2;123m█[38;2;0;0;25m█[38;2;208;208;233m█[38;2;255;255;255m█[38;2;244;244;242m█[38;2;84;84;84m█[38;2;51;51;51m█[38;2;76;76;76m█[38;2;175;175;175m█[38;2;255;255;255m█[38;2;254;254;254m█[38;2;255;255;255m█[38;2;171;171;171m█[38;2;41;41;41m█[38;2;69;69;69m█[38;2;104;104;104m█[38;2;250;250;250m█[38;2;255;255;255m██[38;2;208;208;233m█[38;2;0;0;25m█[38;2;2;2;123m█[38;2;4;4;125m█[38;2;13;13;9m██[38;2;13;13;16m██
██[38;2;13;13;9m██[38;2;4;4;125m█[38;2;2;2;123m█[38;2;0;0;25m█[38;2;208;208;233m█[38;2;255;255;255m█[38;2;255;255;254m█[38;2;255;255;255m█[38;2;210;210;210m█[38;2;182;182;182m█[38;2;226;226;226m█[38;2;255;255;255m█[38;2;253;253;253m██[38;2;255;255;255m█[38;2;237;237;237m█[38;2;188;188;188m█[38;2;196;196;196m█[38;2;251;251;251m█[38;2;254;254;252m█[38;2;255;255;255m█[38;2;208;208;233m█[38;2;0;0;25m█[38;2;2;2;123m█[38;2;4;4;125m█[38;2;13;13;9m██[38;2;13;13;16m██
██[38;2;13;13;9m██[38;2;4;4;125m█[38;2;2;2;123m█[38;2;0;0;25m█[38;2;208;208;233m█[38;2;255;255;255m█[38;2;253;253;251m█[38;2;254;254;254m█[38;2;255;255;255m███[38;2;253;253;253m████[38;2;255;255;255m███[38;2;253;253;253m█[38;2;253;253;251m█[38;2;255;255;255m█[38;2;208;208;233m█[38;2;0;0;25m█[38;2;2;2;123m█[38;2;4;4;125m█[38;2;13;13;9m██[38;2;13;13;16m██
██[38;2;13;13;9m██[38;2;4;4;125m█[38;2;2;2;123m█[38;2;0;0;25m█[38;2;208;208;233m█[38;2;255;255;255m█[38;2;253;253;251m█[38;2;253;253;253m████████████[38;2;253;253;251m█[38;2;255;255;255m█[38;2;208;208;233m█[38;2;0;0;25m█[38;2;2;2;123m█[38;2;4;4;125m█[38;2;13;13;9m██[38;2;13;13;16m██
██[38;2;13;13;9m██[38;2;4;4;125m█[38;2;2;2;123m█[38;2;0;0;25m█[38;2;208;208;233m█[38;2;255;255;255m█[38;2;253;253;251m█[38;2;253;253;253m████████████[38;2;253;253;251m█[38;2;255;255;255m█[38;2;208;208;233m█[38;2;0;0;25m█[38;2;2;2;123m█[38;2;4;4;125m█[38;2;13;13;9m██[38;2;13;13;16m██
██[38;2;13;13;9m██[38;2;4;4;125m█[38;2;2;2;123m█[38;2;0;0;25m█[38;2;208;208;233m█[38;2;255;255;255m█[38;2;253;253;251m█[38;2;253;253;253m████████████[38;2;253;253;251m█[38;2;255;255;255m█[38;2;208;208;233m█[38;2;0;0;25m█[38;2;2;2;123m█[38;2;4;4;125m█[38;2;13;13;9m██[38;2;13;13;16m██
██[38;2;13;13;9m██[38;2;4;4;125m█[38;2;2;2;123m█[38;2;0;0;25m█[38;2;208;208;233m█[38;2;255;255;255m█[38;2;253;253;251m█[38;2;253;253;253m████████████[38;2;253;253;251m█[38;2;255;255;255m█[38;2;208;208;233m█[38;2;0;0;25m█[38;2;2;2;123m█[38;2;5;5;126m█[38;2;13;13;9m██[38;2;13;13;16m██
██[38;2;13;13;9m██[38;2;5;4;125m█[38;2;3;2;123m█[38;2;1;1;26m█[38;2;209;209;235m█[38;2;255;255;255m█[38;2;253;253;251m█[38;2;253;253;253m████████████[38;2;253;253;251m█[38;2;255;255;255m█[38;2;209;209;235m█[38;2;1;1;26m█[38;2;2;2;123m█[38;2;5;5;126m█[38;2;13;13;9m██[38;2;13;13;16m██
██[38;2;13;13;9m██[38;2;5;4;125m█[38;2;4;3;124m█[38;2;0;0;22m█[38;2;189;189;218m█[38;2;255;255;255m█[38;2;253;253;249m█[38;2;253;253;253m██[38;2;255;255;255m██[38;2;254;254;254m█[38;2;253;253;253m██[38;2;254;254;254m█[38;2;255;255;255m██[38;2;253;253;253m██[38;2;253;253;249m█[38;2;255;255;255m█[38;2;190;190;219m█[38;2;0;0;22m█[38;2;3;3;124m█[38;2;4;4;125m█[38;2;13;13;9m██[38;2;13;13;16m██
██[38;2;13;15;6m██[38;2;5;5;115m█[38;2;6;6;116m█[38;2;0;0;45m█[38;2;73;74;127m█[38;2;255;255;253m█[38;2;255;255;255m███[38;2;212;212;210m█[38;2;207;207;204m█[38;2;255;255;255m████[38;2;207;207;204m█[38;2;210;210;208m█[38;2;255;255;255m███[38;2;255;255;254m█[38;2;76;77;129m█[38;2;0;0;41m█[38;2;6;6;116m█[38;2;5;5;115m█[38;2;13;15;6m██[38;2;13;13;16m██
██[38;2;13;15;6m██[38;2;8;8;79m█[38;2;9;9;80m█[38;2;4;4;122m█[38;2;0;0;102m█[38;2;76;75;60m█[38;2;185;183;168m█[38;2;193;194;186m█[38;2;107;108;100m█[38;2;3;3;5m█[38;2;0;0;1m█[38;2;94;95;87m█[38;2;189;190;182m██[38;2;94;95;87m█[38;2;0;0;1m█[38;2;2;2;4m█[38;2;107;108;100m█[38;2;194;195;187m█[38;2;186;185;169m█[38;2;80;79;63m█[38;2;0;0;100m█[38;2;4;4;119m█[38;2;9;9;82m█[38;2;8;8;81m█[38;2;13;15;6m██[38;2;13;13;16m██
██[38;2;13;13;13m██[38;2;13;12;22m██[38;2;2;2;179m█[38;2;0;0;176m█[38;2;0;0;55m█[38;2;0;0;53m█[38;2;0;0;41m█[38;2;0;0;39m█[38;2;0;0;180m█[38;2;0;0;181m█[38;2;0;0;45m█[38;2;0;0;46m███[38;2;0;0;181m█[38;2;0;0;180m█[38;2;0;0;39m█[38;2;0;0;41m█[38;2;0;0;53m█[38;2;0;0;54m█[38;2;0;0;176m█[38;2;2;2;179m█[38;2;13;12;24m██[38;2;13;13;13m██[38;2;13;13;16m██
████[38;2;13;15;6m██[38;2;9;9;70m█[38;2;10;10;72m█[38;2;0;0;212m█[38;2;0;0;211m█[38;2;0;0;209m█[38;2;0;0;210m█[38;2;5;4;145m██[38;2;0;0;209m█[38;2;0;0;208m██[38;2;0;0;209m█[38;2;5;4;145m██[38;2;0;0;210m█[38;2;0;0;209m█[38;2;0;0;211m█[38;2;0;0;212m█[38;2;10;10;74m█[38;2;9;9;73m█[38;2;13;15;6m██[38;2;13;13;16m████
██████[38;2;13;13;9m██[38;2;11;11;38m██[38;2;11;10;42m██[38;2;13;15;4m██[38;2;11;11;40m████[38;2;13;15;4m██[38;2;11;10;42m██[38;2;11;11;38m██[38;2;13;13;9m██[38;2;13;13;16m██████
████████[38;2;13;13;11m████[38;2;13;13;16m██[38;2;13;13;11m████[38;2;13;13;16m██[38;2;13;13;11m████[38;2;13;13;16m████████
████████████████████████████████