[38;2;13;13;16m██████████[38;2;13;15;6m██[38;2;11;12;30m██[38;2;8;6;89m████[38;2;11;12;30m██[38;2;13;15;6m██[38;2;13;13;16m██████████
████████[38;2;13;15;6m██[38;2;9;9;70m██[38;2;0;0;212m██[38;2;0;0;230m█[38;2;0;0;228m██[38;2;0;0;230m█[38;2;0;0;212m██[38;2;10;10;69m█[38;2;9;9;68m█[38;2;13;15;6m██[38;2;13;13;16m████████
██████[38;2;13;13;9m██[38;2;11;10;51m██[38;2;1;0;218m█[38;2;0;0;216m█[38;2;0;0;117m█[38;2;0;0;105m█[38;2;0;0;15m█[38;2;0;0;20m█[38;2;0;0;19m█[38;2;0;0;15m█[38;2;0;0;105m█[38;2;0;0;117m█[38;2;0;0;216m█[38;2;0;0;217m█[38;2;11;10;51m██[38;2;13;13;9m██[38;2;13;13;16m██████
██████[38;2;13;13;11m██[38;2;2;2;176m█[38;2;3;3;178m█[38;2;0;0;102m█[38;2;0;0;87m█[38;2;33;32;17m█[38;2;112;111;96m█[38;2;171;171;166m█[38;2;196;196;192m██[38;2;171;171;166m█[38;2;112;111;96m█[38;2;33;32;17m█[38;2;0;0;86m█[38;2;0;0;102m█[38;2;3;3;178m█[38;2;2;2;176m█[38;2;13;13;13m██[38;2;13;13;16m██████
████[38;2;13;15;6m██[38;2;8;9;76m█[38;2;9;10;77m█[38;2;4;4;167m█[38;2;0;0;148m█[38;2;9;10;2m█[38;2;143;144;136m█[38;2;245;245;243m█[38;2;255;255;255m██████[38;2;245;245;243m█[38;2;143;144;136m█[38;2;9;10;2m█[38;2;0;0;148m█[38;2;4;4;167m█[38;2;10;10;77m█[38;2;9;9;76m█[38;2;13;15;6m██[38;2;13;13;16m████
████[38;2;13;15;6m██[38;2;4;2;148m█[38;2;6;4;151m█[38;2;0;0;54m█[38;2;22;22;83m█[38;2;207;208;197m█[38;2;255;255;255m██[38;2;253;253;253m██████[38;2;255;255;255m██[38;2;207;208;197m█[38;2;22;22;83m█[38;2;0;0;54m█[38;2;4;5;151m█[38;2;2;3;148m█[38;2;13;15;6m██[38;2;13;13;16m████
██[38;2;13;13;13m██[38;2;11;12;30m██[38;2;3;3;160m█[38;2;0;0;150m█[38;2;11;11;15m█[38;2;208;208;211m█[38;2;255;255;255m█[38;2;253;253;251m█[38;2;253;253;253m████████[38;2;253;253;251m█[38;2;255;255;255m█[38;2;209;209;211m█[38;2;11;11;13m█[38;2;0;0;150m█[38;2;4;4;161m█[38;2;11;12;30m██[38;2;13;13;13m██[38;2;13;13;16m██
██[38;2;13;13;9m██[38;2;9;9;68m██[38;2;4;4;125m█[38;2;0;0;102m█[38;2;148;150;138m█[38;2;255;255;255m█[38;2;253;253;253m████████████[38;2;255;255;255m█[38;2;148;150;138m█[38;2;0;0;102m█[38;2;4;4;125m█[38;2;9;9;68m██[38;2;13;13;9m██[38;2;13;13;16m██
██[38;2;13;15;6m██[38;2;8;6;100m█[38;2;9;8;101m█[38;2;0;0;75m█[38;2;32;32;111m█[38;2;249;250;239m█[38;2;255;255;251m█[38;2;255;255;255m██[38;2;254;254;254m█[38;2;253;253;253m████[38;2;255;255;255m███[38;2;253;253;253m██[38;2;255;255;246m█[38;2;249;250;239m█[38;2;32;32;111m█[38;2;0;0;75m█[38;2;6;9;101m█[38;2;5;8;100m█[38;2;13;15;6m██[38;2;13;13;16m██
██[38;2;13;15;6m██[38;2;5;5;117m█[38;2;6;6;118m█[38;2;0;0;38m█[38;2;117;118;169m█[38;2;255;255;255m█[38;2;205;207;198m█[38;2;70;70;70m█[38;2;167;167;167m█[38;2;255;255;255m██[38;2;253;253;253m██[38;2;255;255;255m█[38;2;145;145;145m█[38;2;84;84;84m█[38;2;211;211;211m█[38;2;255;255;255m██[38;2;253;254;246m█[38;2;255;255;255m█[38;2;117;118;169m█[38;2;0;0;38m█[38;2;6;6;118m█[38;2;5;5;117m█[38;2;13;15;6m██[38;2;13;13;16m██
██[38;2;13;15;6m██[38;2;5;4;125m██[38;2;0;0;25m█[38;2;179;178;212m█[38;2;255;255;255m█[38;2;181;181;176m█[38;2;0;0;0m██[38;2;70;70;70m█[38;2;205;205;205m█[38;2;255;255;255m█[38;2;253;253;253m█[38;2;255;255;255m█[38;2;97;97;97m█[38;2;0;0;0m█[38;2;1;1;1m█[38;2;118;118;118m█[38;2;238;238;238m█[38;2;255;255;254m█[38;2;255;255;255m█[38;2;179;178;212m█[38;2;0;0;25m█[38;2;4;4;125m██[38;2;13;15;6m██[38;2;13;13;16m██
██[38;2;13;13;9m██[38;2;4;4;125m█[38;2;2;2;123m█[38;2;0;0;25m█[38;2;204;204;231m█[38;2;255;255;255m██[38;2;205;205;205m█[38;2;68;68;68m█[38;2;0;0;0m██[38;2;140;140;140m█[38;2;255;255;255m█[38;2;254;254;254m█[38;2;252;252;252m█[38;2;164;164;164m█[38;2;25;25;25m█[38;2;0;0;0m█[38;2;24;24;24m█[38;2;208;208;205m█[38;2;255;255;255m█[38;2;204;204;231m█[38;2;0;0;25m█[38;2;2;2;123m█[38;2;4;4;125m█[38;2;13;13;9m██[38;2;13;13;16m██
██[38;2;13;13;9m██[38;2;4;4;125m█[38;2;2;2;123m█[38;2;1;1;26m█[38;2;208;208;233m█[38;2;255;255;255m██[38;2;229;229;229m█[38;2;88;88;88m█[38;2;0;0;0m██[38;2;122;122;122m█[38;2;255;255;255m█[38;2;254;254;254m█[38;2;255;255;255m█[38;2;190;190;190m█[38;2;37;37;37m█[38;2;0;0;0m█[38;2;4;4;4m█[38;2;197;197;195m█[38;2;255;255;255m█[38;2;208;208;233m█[38;2;0;0;25m█[38;2;2;2;123m█[38;2;4;4;125m█[38;2;13;13;9m██[38;2;13;13;16m██
██[38;2;13;13;9m██[38;2;4;4;125m█[38;2;2;2;123m█[38;2;0;0;25m█[38;2;208;208;233m█[38;2;255;255;255m█[38;2;190;190;188m█[38;2;0;0;0m██[38;2;46;46;46m█[38;2;181;181;181m█[38;2;255;255;255m█[38;2;254;254;254m█[38;2;255;255;255m█[38;2;115;115;115m█[38;2;0;0;0m██[38;2;90;90;90m█[38;2;221;221;221m█[38;2;255;255;255m██[38;2;208;208;233m█[38;2;0;0;25m█[38;2;2;2;123m█[38;2;4;4;125m█[38;2;13;13;9m██[38;2;13;13;16m██
██[38;2;13;13;9m██[38;2;4;4;125m█[38;2;2;2;123m█[38;2;0;0;25m█[38;2;208;208;233m█[38;2;255;255;255m█[38;2;195;195;193m█[38;2;42;42;42m█[38;2;141;141;141m█[38;2;250;250;250m█[38;2;255;255;255m█[38;2;254;254;254m█[38;2;253;253;253m█[38;2;255;255;255m█[38;2;125;125;125m█[38;2;55;55;55m█[38;2;189;189;189m█[38;2;255;255;255m██[38;2;253;253;251m█[38;2;255;255;255m█[38;2;208;208;233m█[38;2;0;0;25m█[38;2;2;2;123m█[38;2;4;4;125m█[38;2;13;13;9m██[38;2;13;13;16m██
██[38;2;13;13;9m██[38;2;4;4;125m█[38;2;2;2;123m█[38;2;0;0;25m█[38;2;208;208;233m█[38;2;255;255;255m█[38;2;255;255;254m█[38;2;255;255;255m███[38;2;253;253;253m████[38;2;255;255;255m███[38;2;253;253;253m██[38;2;253;253;251m█[38;2;255;255;255m█[38;2;208;208;233m█[38;2;0;0;25m█[38;2;2;2;123m█[38;2;4;4;125m█[38;2;13;13;9m██[38;2;13;13;16m██
██[38;2;13;13;9m██[38;2;4;4;125m█[38;2;2;2;123m█[38;2;0;0;25m█[38;2;208;208;233m█[38;2;255;255;255m█[38;2;253;253;251m█[38;2;254;254;254m█[38;2;253;253;253m███████[38;2;254;254;254m█[38;2;253;253;253m███[38;2;253;253;251m█[38;2;255;255;255m█[38;2;208;208;233m█[38;2;0;0;25m█[38;2;2;2;123m█[38;2;4;4;125m█[38;2;13;13;9m██[38;2;13;13;16m██
██[38;2;13;13;9m██[38;2;4;4;125m█[38;2;2;2;123m█[38;2;0;0;25m█[38;2;208;208;233m█[38;2;255;255;255m█[38;2;253;253;251m█[38;2;253;253;253m████████████[38;2;253;253;251m█[38;2;255;255;255m█[38;2;208;208;233m█[38;2;0;0;25m█[38;2;2;2;123m█[38;2;4;4;125m█[38;2;13;13;9m██[38;2;13;13;16m██
██[38;2;13;13;9m██[38;2;4;4;125m█[38;2;2;2;123m█[38;2;0;0;25m█[38;2;208;208;233m█[38;2;255;255;255m█[38;2;253;253;251m█[38;2;253;253;253m████████████[38;2;253;253;251m█[38;2;255;255;255m█[38;2;208;208;233m█[38;2;0;0;25m█[38;2;2;2;123m█[38;2;4;4;125m█[38;2;13;13;9m██[38;2;13;13;16m██
██[38;2;13;13;9m██[38;2;4;4;125m█[38;2;2;2;123m█[38;2;0;0;25m█[38;2;208;208;233m█[38;2;255;255;255m█[38;2;253;253;251m█[38;2;253;253;253m████████████[38;2;253;253;251m█[38;2;255;255;255m█[38;2;208;208;233m█[38;2;0;0;25m█[38;2;2;2;123m█[38;2;4;4;125m█[38;2;13;13;9m██[38;2;13;13;16m██
██[38;2;13;13;9m██[38;2;4;4;125m█[38;2;2;2;123m█[38;2;0;0;25m█[38;2;208;208;233m█[38;2;255;255;255m█[38;2;253;253;251m█[38;2;253;253;253m████████████[38;2;253;253;251m█[38;2;255;255;255m█[38;2;208;208;233m█[38;2;0;0;25m█[38;2;2;2;123m█[38;2;4;4;125m█[38;2;13;13;9m██[38;2;13;13;16m██
██[38;2;13;13;9m██[38;2;4;4;125m█[38;2;2;2;123m█[38;2;1;1;26m█[38;2;209;209;235m█[38;2;255;255;255m█[38;2;253;253;251m█[38;2;253;253;253m████████████[38;2;253;253;251m█[38;2;255;255;255m█[38;2;208;208;233m█[38;2;1;1;26m█[38;2;2;2;123m█[38;2;4;4;125m█[38;2;13;13;9m██[38;2;13;13;16m██
██[38;2;13;13;9m██[38;2;4;4;127m█[38;2;3;3;126m█[38;2;0;0;23m█[38;2;203;203;230m█[38;2;255;255;255m█[38;2;253;253;251m█[38;2;253;253;253m██[38;2;254;254;254m██[38;2;253;253;253m████[38;2;254;254;254m██[38;2;253;253;253m██[38;2;253;253;251m█[38;2;255;255;255m█[38;2;203;203;230m█[38;2;0;0;23m█[38;2;3;3;124m█[38;2;4;4;125m█[38;2;13;13;9m██[38;2;13;13;16m██
██[38;2;13;15;6m██[38;2;5;4;125m█[38;2;6;5;126m█[38;2;0;0;31m█[38;2;120;123;165m█[38;2;255;255;255m█[38;2;255;255;252m█[38;2;255;255;255m██[38;2;254;254;254m█[38;2;253;253;253m█[38;2;255;255;255m████[38;2;252;252;252m█[38;2;254;254;254m█[38;2;255;255;255m██[38;2;255;255;252m█[38;2;255;255;255m█[38;2;122;124;166m█[38;2;0;0;31m█[38;2;5;5;126m█[38;2;4;4;125m█[38;2;13;15;6m██[38;2;13;13;16m██
██[38;2;13;15;6m██[38;2;5;6;104m█[38;2;6;8;105m█[38;2;2;1;94m█[38;2;0;0;88m█[38;2;150;151;137m█[38;2;244;245;231m█[38;2;247;247;245m█[38;2;179;179;176m█[38;2;52;53;42m█[38;2;47;48;38m█[38;2;172;172;169m█[38;2;246;246;244m██[38;2;167;167;165m█[38;2;44;45;34m█[38;2;53;54;44m█[38;2;185;185;182m█[38;2;249;249;246m█[38;2;244;245;231m█[38;2;151;152;138m█[38;2;0;0;87m█[38;2;2;1;91m█[38;2;6;8;105m█[38;2;5;6;104m█[38;2;13;15;6m██[38;2;13;13;16m██
██[38;2;13;13;11m██[38;2;11;10;47m██[38;2;3;3;180m█[38;2;0;0;171m█[38;2;0;0;3m█[38;2;25;24;35m█[38;2;31;31;37m█[38;2;0;0;2m█[38;2;0;0;101m█[38;2;0;0;102m█[38;2;0;0;3m█[38;2;30;28;38m█[38;2;28;27;39m█[38;2;0;0;5m█[38;2;0;0;102m█[38;2;0;0;101m█[38;2;0;0;1m█[38;2;32;32;35m█[38;2;25;24;35m█[38;2;0;0;3m█[38;2;0;0;172m█[38;2;3;3;182m█[38;2;11;10;49m██[38;2;13;13;11m██[38;2;13;13;16m██
████[38;2;13;15;6m██[38;2;4;3;140m█[38;2;6;5;143m█[38;2;0;0;208m█[38;2;0;0;200m█[38;2;0;0;183m█[38;2;0;0;192m█[38;2;0;0;224m██[38;2;0;0;194m█[38;2;0;0;187m█[38;2;0;0;189m█[38;2;0;0;196m█[38;2;0;0;224m██[38;2;0;0;190m█[38;2;0;0;183m█[38;2;0;0;200m█[38;2;0;0;208m█[38;2;6;5;144m█[38;2;5;4;143m█[38;2;13;15;6m██[38;2;13;13;16m████
████[38;2;13;13;13m██[38;2;13;13;19m██[38;2;5;5;130m██[38;2;5;4;137m██[38;2;11;11;40m██[38;2;5;5;132m██[38;2;5;5;130m██[38;2;11;11;40m██[38;2;5;4;137m██[38;2;5;5;129m██[38;2;13;13;19m██[38;2;13;13;13m██[38;2;13;13;16m████
██████[38;2;13;13;13m██[38;2;13;15;6m████[38;2;13;13;11m██[38;2;13;15;6m████[38;2;13;13;11m██[38;2;13;15;4m██[38;2;13;15;6m██[38;2;13;13;13m██[38;2;13;13;16m██████
████████████████████████████████
████████████████████████████████
████████████████████████████████