[38;2;13;13;16m██████████[38;2;13;15;6m██[38;2;9;10;55m██[38;2;4;4;131m█[38;2;5;5;132m██[38;2;4;4;131m█[38;2;9;10;55m██[38;2;13;15;6m██[38;2;13;13;16m██████████
████████[38;2;13;15;6m██[38;2;8;5;102m█[38;2;9;6;103m█[38;2;0;0;233m█[38;2;0;0;232m█[38;2;0;0;210m█[38;2;0;0;207m██[38;2;0;0;210m█[38;2;0;0;232m█[38;2;0;0;233m█[38;2;6;8;103m█[38;2;5;6;102m█[38;2;13;15;6m██[38;2;13;13;16m████████
██████[38;2;13;15;6m██[38;2;9;9;74m██[38;2;0;0;223m█[38;2;0;0;219m█[38;2;0;0;77m█[38;2;0;0;70m█[38;2;0;0;4m█[38;2;10;10;16m██[38;2;0;0;5m█[38;2;0;0;70m█[38;2;0;0;77m█[38;2;0;0;219m█[38;2;0;0;223m█[38;2;10;10;75m█[38;2;9;9;74m█[38;2;13;15;6m██[38;2;13;13;16m██████
████[38;2;13;13;13m██[38;2;13;13;19m██[38;2;2;1;192m██[38;2;0;0;72m█[38;2;0;0;65m█[38;2;61;60;45m█[38;2;150;148;133m█[38;2;203;203;201m█[38;2;224;224;222m██[38;2;203;203;201m█[38;2;150;148;133m█[38;2;61;60;45m█[38;2;0;0;65m█[38;2;0;0;72m█[38;2;2;1;192m██[38;2;13;13;19m██[38;2;13;13;13m██[38;2;13;13;16m████
████[38;2;13;15;6m██[38;2;8;6;94m█[38;2;9;8;95m█[38;2;3;4;153m█[38;2;0;0;131m█[38;2;28;30;18m█[38;2;178;179;167m█[38;2;255;255;255m████████[38;2;178;179;167m█[38;2;28;30;18m█[38;2;0;0;133m█[38;2;3;4;155m█[38;2;9;8;95m█[38;2;8;6;94m█[38;2;13;15;6m██[38;2;13;13;16m████
████[38;2;13;13;9m██[38;2;2;3;157m█[38;2;3;4;158m█[38;2;0;0;40m█[38;2;44;45;95m█[38;2;231;232;224m█[38;2;255;255;255m█[38;2;254;254;254m█[38;2;253;253;253m██████[38;2;254;254;254m█[38;2;255;255;255m█[38;2;230;231;223m█[38;2;42;44;94m█[38;2;0;0;40m█[38;2;3;4;158m█[38;2;2;3;157m█[38;2;13;13;9m██[38;2;13;13;16m████
██[38;2;13;13;13m██[38;2;11;11;37m██[38;2;4;5;159m█[38;2;0;0;144m█[38;2;25;25;25m█[38;2;229;229;229m█[38;2;255;255;255m█[38;2;253;253;253m██████████[38;2;255;255;255m█[38;2;229;229;229m█[38;2;25;25;25m█[38;2;0;0;145m█[38;2;4;5;159m█[38;2;11;11;37m██[38;2;13;13;13m██[38;2;13;13;16m██
██[38;2;13;13;9m██[38;2;9;9;74m█[38;2;10;10;75m█[38;2;4;4;119m█[38;2;0;0;100m█[38;2;168;169;158m█[38;2;255;255;255m███[38;2;253;253;253m██████████[38;2;255;255;255m█[38;2;169;171;159m█[38;2;0;0;100m█[38;2;4;4;119m█[38;2;10;10;75m█[38;2;9;9;74m█[38;2;13;13;9m██[38;2;13;13;16m██
██[38;2;13;15;6m██[38;2;5;6;104m█[38;2;6;8;105m█[38;2;0;0;69m█[38;2;44;44;119m█[38;2;255;255;250m█[38;2;225;226;216m█[38;2;123;123;123m█[38;2;208;208;208m█[38;2;255;255;255m██[38;2;253;253;253m████████[38;2;254;255;245m██[38;2;44;44;119m█[38;2;0;0;69m█[38;2;6;8;105m█[38;2;5;6;104m█[38;2;13;15;6m██[38;2;13;13;16m██
██[38;2;13;15;6m██[38;2;5;5;118m█[38;2;6;6;119m█[38;2;0;0;34m█[38;2;127;129;176m█[38;2;255;255;255m█[38;2;168;169;161m█[38;2;0;0;0m██[38;2;117;117;117m█[38;2;237;237;237m█[38;2;255;255;255m█[38;2;252;252;252m█[38;2;255;255;255m██████[38;2;255;255;252m█[38;2;255;255;255m█[38;2;127;129;176m█[38;2;0;0;34m█[38;2;6;6;119m█[38;2;5;5;118m█[38;2;13;15;6m██[38;2;13;13;16m██
██[38;2;13;13;9m██[38;2;4;4;125m██[38;2;0;0;24m█[38;2;185;183;216m█[38;2;255;255;255m█[38;2;251;251;246m█[38;2;159;159;159m█[38;2;33;33;33m█[38;2;0;0;0m█[38;2;23;23;23m█[38;2;174;174;174m█[38;2;255;255;255m█[38;2;203;203;203m█[38;2;86;86;86m████[38;2;82;82;82m█[38;2;186;186;181m█[38;2;255;255;255m█[38;2;185;183;216m█[38;2;0;0;23m█[38;2;4;4;125m██[38;2;13;13;9m██[38;2;13;13;16m██
██[38;2;13;13;9m██[38;2;5;5;126m█[38;2;2;2;123m█[38;2;0;0;26m█[38;2;205;205;232m█[38;2;255;255;255m███[38;2;115;115;115m█[38;2;0;0;0m██[38;2;97;97;97m█[38;2;255;255;255m█[38;2;147;147;147m█[38;2;0;0;0m█████[38;2;117;117;115m█[38;2;255;255;255m█[38;2;205;205;232m█[38;2;0;0;25m█[38;2;2;2;123m█[38;2;4;4;125m█[38;2;13;13;9m██[38;2;13;13;16m██
██[38;2;13;13;9m██[38;2;5;5;126m█[38;2;2;2;123m█[38;2;0;0;25m█[38;2;208;208;233m█[38;2;255;255;255m█[38;2;210;210;208m█[38;2;35;35;35m█[38;2;0;0;0m█[38;2;13;13;13m█[38;2;134;134;134m█[38;2;245;245;245m█[38;2;255;255;255m█[38;2;249;249;249m█[38;2;210;210;210m█[38;2;207;207;207m█[38;2;208;208;208m█[38;2;207;207;207m█[38;2;208;208;208m█[38;2;245;245;243m█[38;2;255;255;255m█[38;2;208;208;233m█[38;2;0;0;25m█[38;2;2;2;123m█[38;2;4;4;125m█[38;2;13;13;9m██[38;2;13;13;16m██
██[38;2;13;13;9m██[38;2;5;5;126m█[38;2;2;2;123m█[38;2;0;0;25m█[38;2;208;208;233m█[38;2;255;255;255m█[38;2;178;178;175m█[38;2;2;2;2m█[38;2;95;95;95m█[38;2;225;225;225m█[38;2;255;255;255m██[38;2;253;253;253m█[38;2;254;254;254m█[38;2;255;255;255m█████[38;2;255;255;253m█[38;2;255;255;255m█[38;2;208;208;233m█[38;2;0;0;25m█[38;2;2;2;123m█[38;2;4;4;125m█[38;2;13;13;9m██[38;2;13;13;16m██
██[38;2;13;13;9m██[38;2;5;5;126m█[38;2;2;2;123m█[38;2;0;0;25m█[38;2;208;208;233m█[38;2;255;255;255m█[38;2;253;253;251m█[38;2;233;233;233m█[38;2;255;255;255m██[38;2;253;253;253m█████████[38;2;253;253;251m█[38;2;255;255;255m█[38;2;208;208;233m█[38;2;0;0;25m█[38;2;2;2;123m█[38;2;4;4;125m█[38;2;13;13;9m██[38;2;13;13;16m██
██[38;2;13;13;9m██[38;2;5;5;126m█[38;2;2;2;123m█[38;2;0;0;25m█[38;2;208;208;233m█[38;2;255;255;255m█[38;2;253;253;251m█[38;2;255;255;255m█[38;2;254;254;254m█[38;2;253;253;253m██████████[38;2;253;253;251m█[38;2;255;255;255m█[38;2;208;208;233m█[38;2;0;0;25m█[38;2;2;2;123m█[38;2;4;4;125m█[38;2;13;13;9m██[38;2;13;13;16m██
██[38;2;13;13;9m██[38;2;5;5;126m█[38;2;2;2;123m█[38;2;0;0;25m█[38;2;208;208;233m█[38;2;255;255;255m█[38;2;253;253;251m█[38;2;253;253;253m████████████[38;2;253;253;251m█[38;2;255;255;255m█[38;2;208;208;233m█[38;2;0;0;25m█[38;2;2;2;123m█[38;2;4;4;125m█[38;2;13;13;9m██[38;2;13;13;16m██
██[38;2;13;13;9m██[38;2;5;5;126m█[38;2;2;2;123m█[38;2;0;0;25m█[38;2;208;208;233m█[38;2;255;255;255m█[38;2;253;253;251m█[38;2;253;253;253m████████████[38;2;253;253;251m█[38;2;255;255;255m█[38;2;208;208;233m█[38;2;0;0;25m█[38;2;2;2;123m█[38;2;4;4;125m█[38;2;13;13;9m██[38;2;13;13;16m██
██[38;2;13;13;9m██[38;2;5;5;126m█[38;2;2;2;123m█[38;2;0;0;25m█[38;2;208;208;233m█[38;2;255;255;255m█[38;2;253;253;251m█[38;2;253;253;253m████████████[38;2;253;253;251m█[38;2;255;255;255m█[38;2;208;208;233m█[38;2;0;0;25m█[38;2;2;2;123m█[38;2;4;4;125m█[38;2;13;13;9m██[38;2;13;13;16m██
██[38;2;13;13;9m██[38;2;5;5;126m█[38;2;2;2;123m█[38;2;0;0;25m█[38;2;208;208;233m█[38;2;255;255;255m█[38;2;253;253;251m█[38;2;253;253;253m████████████[38;2;253;253;251m█[38;2;255;255;255m█[38;2;208;208;233m█[38;2;0;0;25m█[38;2;2;2;123m█[38;2;4;4;125m█[38;2;13;13;9m██[38;2;13;13;16m██
██[38;2;13;13;9m██[38;2;5;5;126m█[38;2;2;2;123m█[38;2;0;0;25m█[38;2;208;208;233m█[38;2;255;255;255m█[38;2;253;253;251m█[38;2;253;253;253m████████████[38;2;253;253;251m█[38;2;255;255;255m█[38;2;207;207;232m█[38;2;0;0;25m█[38;2;2;2;123m█[38;2;4;4;125m█[38;2;13;13;9m██[38;2;13;13;16m██
██[38;2;13;13;9m██[38;2;5;5;126m█[38;2;2;2;123m█[38;2;1;1;26m█[38;2;208;208;233m█[38;2;255;255;255m█[38;2;253;253;251m█[38;2;253;253;253m████████████[38;2;253;253;251m█[38;2;255;255;255m█[38;2;208;208;233m█[38;2;1;1;26m█[38;2;2;2;123m█[38;2;4;4;125m█[38;2;13;13;9m██[38;2;13;13;16m██
██[38;2;13;13;9m██[38;2;4;4;125m█[38;2;3;3;124m█[38;2;0;0;23m█[38;2;203;203;230m█[38;2;255;255;255m█[38;2;253;253;251m█[38;2;253;253;253m██[38;2;254;254;254m██[38;2;253;253;253m████[38;2;254;254;254m██[38;2;253;253;253m██[38;2;253;253;251m█[38;2;255;255;255m█[38;2;202;202;229m█[38;2;0;0;23m█[38;2;3;3;124m█[38;2;4;4;125m█[38;2;13;13;9m██[38;2;13;13;16m██
██[38;2;13;15;6m██[38;2;5;5;123m█[38;2;6;6;124m█[38;2;0;0;31m█[38;2;120;123;165m█[38;2;255;255;255m█[38;2;255;255;252m█[38;2;255;255;255m██[38;2;253;253;253m█[38;2;252;252;252m█[38;2;255;255;255m████[38;2;252;252;252m█[38;2;253;253;253m█[38;2;255;255;255m██[38;2;255;255;252m█[38;2;255;255;255m█[38;2;120;123;165m█[38;2;0;0;31m█[38;2;6;6;124m█[38;2;5;5;123m█[38;2;13;15;6m██[38;2;13;13;16m██
██[38;2;13;15;6m██[38;2;5;6;102m█[38;2;6;8;103m█[38;2;0;2;94m█[38;2;0;0;88m█[38;2;148;150;136m█[38;2;243;244;230m█[38;2;247;247;245m█[38;2;180;180;178m█[38;2;51;52;41m█[38;2;44;45;34m█[38;2;168;168;166m█[38;2;245;245;243m██[38;2;168;168;166m█[38;2;44;45;34m█[38;2;49;51;40m█[38;2;180;180;178m█[38;2;247;247;245m█[38;2;243;244;230m█[38;2;148;150;136m█[38;2;0;0;88m█[38;2;0;2;94m█[38;2;6;8;103m█[38;2;5;6;102m█[38;2;13;15;6m██[38;2;13;13;16m██
██[38;2;13;13;11m██[38;2;11;10;45m██[38;2;3;3;180m█[38;2;0;0;171m█[38;2;0;0;3m█[38;2;24;23;34m█[38;2;31;31;34m█[38;2;0;0;0m█[38;2;0;0;102m█[38;2;0;0;103m█[38;2;0;0;5m█[38;2;27;26;38m██[38;2;0;0;5m█[38;2;0;0;104m█[38;2;0;0;102m█[38;2;0;0;2m█[38;2;30;30;35m█[38;2;24;23;34m█[38;2;0;0;3m█[38;2;0;0;171m█[38;2;3;3;180m█[38;2;11;10;45m██[38;2;13;13;11m██[38;2;13;13;16m██
████[38;2;13;15;6m██[38;2;4;4;133m█[38;2;6;6;136m█[38;2;0;0;208m█[38;2;0;0;200m█[38;2;0;0;183m█[38;2;0;0;192m█[38;2;0;0;221m██[38;2;0;0;196m█[38;2;0;0;189m██[38;2;0;0;196m█[38;2;1;0;221m██[38;2;0;0;194m█[38;2;0;0;187m█[38;2;0;0;200m█[38;2;0;0;208m█[38;2;6;6;136m█[38;2;4;4;133m█[38;2;13;15;6m██[38;2;13;13;16m████
████[38;2;13;13;13m██[38;2;13;13;17m██[38;2;5;5;117m█[38;2;6;6;118m█[38;2;5;5;126m██[38;2;11;11;34m██[38;2;5;6;122m██[38;2;6;6;122m██[38;2;11;11;34m██[38;2;5;5;126m██[38;2;6;6;118m██[38;2;13;13;17m██[38;2;13;13;13m██[38;2;13;13;16m████
██████[38;2;13;13;13m██[38;2;13;15;4m████[38;2;13;13;11m██[38;2;13;15;4m████[38;2;13;13;11m██[38;2;13;15;4m████[38;2;13;13;13m██[38;2;13;13;16m██████
████████████████████████████████
████████████████████████████████
████████████████████████████████