[38;2;13;13;16m██████████████[38;2;13;13;11m████[38;2;13;13;16m██████████████
██████████[38;2;13;13;11m██[38;2;13;13;9m██[38;2;11;11;32m████[38;2;13;13;9m██[38;2;13;13;11m██[38;2;13;13;16m██████████
████████[38;2;13;13;9m██[38;2;13;12;27m██[38;2;5;3;152m██[38;2;0;0;224m████[38;2;5;4;147m██[38;2;13;12;26m██[38;2;13;13;11m██[38;2;13;13;16m████████
██████[38;2;13;13;13m██[38;2;13;12;24m██[38;2;2;1;189m█[38;2;3;2;190m█[38;2;0;0;223m█[38;2;0;0;218m█[38;2;0;0;134m█[38;2;0;0;131m█[38;2;0;0;133m█[38;2;0;0;138m█[38;2;0;0;221m█[38;2;0;0;225m█[38;2;3;2;185m█[38;2;2;1;183m█[38;2;13;13;19m██[38;2;13;13;13m██[38;2;13;13;16m██████
██████[38;2;13;15;4m██[38;2;4;3;144m█[38;2;5;4;145m█[38;2;0;1;196m█[38;2;0;0;185m█[38;2;0;0;11m█[38;2;4;4;27m█[38;2;42;41;28m█[38;2;65;63;51m█[38;2;63;62;49m█[38;2;39;38;25m█[38;2;2;2;31m█[38;2;0;0;17m█[38;2;0;0;192m█[38;2;0;1;202m█[38;2;5;5;134m█[38;2;4;4;133m█[38;2;13;15;4m██[38;2;13;13;16m██████
████[38;2;13;13;9m██[38;2;11;10;51m██[38;2;1;1;208m█[38;2;0;0;203m█[38;2;0;0;15m█[38;2;26;26;53m█[38;2;139;140;130m█[38;2;219;221;210m█[38;2;251;251;251m█[38;2;255;255;255m██[38;2;249;249;249m█[38;2;214;215;203m█[38;2;127;129;117m█[38;2;17;16;53m█[38;2;0;0;25m█[38;2;0;0;204m█[38;2;1;1;208m█[38;2;11;10;42m██[38;2;13;13;11m██[38;2;13;13;16m████
████[38;2;13;15;4m██[38;2;4;3;138m█[38;2;6;5;140m█[38;2;2;2;113m█[38;2;0;0;94m█[38;2;96;95;82m█[38;2;240;239;226m█[38;2;255;255;255m██[38;2;254;254;254m███[38;2;255;255;255m███[38;2;231;230;217m█[38;2;77;76;63m█[38;2;0;0;104m█[38;2;3;3;127m█[38;2;5;5;129m█[38;2;4;4;127m█[38;2;13;15;4m██[38;2;13;13;16m████
██[38;2;13;13;13m██[38;2;13;12;22m██[38;2;2;2;175m█[38;2;0;0;173m█[38;2;0;0;10m█[38;2;115;115;138m█[38;2;255;255;255m█[38;2;255;255;254m█[38;2;253;253;253m████████[38;2;255;255;255m█[38;2;255;255;253m█[38;2;90;89;122m█[38;2;0;0;18m█[38;2;2;2;169m█[38;2;3;3;171m█[38;2;13;13;17m██[38;2;13;13;16m████
██[38;2;13;13;9m██[38;2;9;10;60m██[38;2;6;4;151m█[38;2;0;0;127m█[38;2;76;77;67m█[38;2;255;255;251m█[38;2;255;255;255m█[38;2;253;253;253m██████████[38;2;255;255;255m█[38;2;251;251;246m█[38;2;52;52;47m█[38;2;0;0;137m█[38;2;4;5;157m█[38;2;11;10;49m██[38;2;13;13;11m██[38;2;13;13;16m██
██[38;2;13;15;6m██[38;2;8;6;97m█[38;2;9;8;98m█[38;2;0;1;98m██[38;2;217;218;207m█[38;2;255;255;252m█[38;2;255;255;255m█[38;2;254;254;254m█[38;2;253;253;253m██████████[38;2;255;255;253m█[38;2;194;195;183m█[38;2;0;0;98m█[38;2;3;3;112m█[38;2;9;9;86m█[38;2;8;8;84m█[38;2;13;15;6m██[38;2;13;13;16m██
██[38;2;13;15;4m██[38;2;5;5;118m█[38;2;8;8;120m█[38;2;0;0;48m█[38;2;86;86;145m█[38;2;255;255;255m█[38;2;247;249;240m█[38;2;209;209;209m█[38;2;254;254;254m█[38;2;255;255;255m█[38;2;253;253;253m█████████[38;2;254;255;245m█[38;2;255;255;250m█[38;2;55;55;126m█[38;2;0;0;62m█[38;2;8;9;112m█[38;2;5;6;110m█[38;2;13;15;4m██[38;2;13;13;16m██
██[38;2;13;15;6m██[38;2;4;4;129m█[38;2;5;5;130m█[38;2;0;0;25m█[38;2;167;166;203m█[38;2;255;255;255m█[38;2;159;159;154m█[38;2;0;0;0m█[38;2;68;68;68m█[38;2;204;204;204m█[38;2;255;255;255m██[38;2;252;252;252m█[38;2;255;255;255m██████[38;2;255;255;249m█[38;2;255;255;255m█[38;2;132;133;181m█[38;2;0;0;34m█[38;2;6;6;122m█[38;2;5;5;120m█[38;2;13;15;6m██[38;2;13;13;16m██
██[38;2;13;13;9m██[38;2;5;5;130m█[38;2;2;2;126m█[38;2;0;0;25m█[38;2;207;207;232m█[38;2;255;255;255m█[38;2;219;219;217m█[38;2;62;62;62m█[38;2;0;0;0m██[38;2;105;105;105m█[38;2;233;233;233m█[38;2;255;255;255m█[38;2;237;237;237m█[38;2;179;179;179m█[38;2;176;176;176m███[38;2;178;178;178m█[38;2;235;235;230m█[38;2;255;255;255m█[38;2;180;179;214m█[38;2;0;0;25m█[38;2;4;5;123m██[38;2;13;15;6m██[38;2;13;13;16m██
██[38;2;13;13;11m██[38;2;5;5;126m█[38;2;1;1;122m█[38;2;6;6;27m█[38;2;219;219;240m█[38;2;255;255;255m███[38;2;118;118;118m█[38;2;0;0;0m██[38;2;98;98;98m█[38;2;255;255;255m█[38;2;129;129;129m█[38;2;0;0;0m█████[38;2;118;118;113m█[38;2;255;255;255m█[38;2;195;195;224m█[38;2;0;0;24m█[38;2;4;4;122m█[38;2;5;5;123m█[38;2;13;13;9m██[38;2;13;13;16m██
██[38;2;13;13;11m██[38;2;5;5;129m█[38;2;1;1;124m█[38;2;6;6;30m█[38;2;218;218;242m█[38;2;255;255;255m█[38;2;240;240;238m█[38;2;116;116;116m█[38;2;8;8;8m█[38;2;0;0;0m█[38;2;55;55;55m█[38;2;204;204;204m█[38;2;255;255;255m█[38;2;215;215;215m█[38;2;124;124;124m█[38;2;123;123;123m█[38;2;124;124;124m█[38;2;123;123;123m██[38;2;210;210;205m█[38;2;255;255;255m█[38;2;195;195;224m█[38;2;0;0;24m█[38;2;4;4;122m█[38;2;5;5;123m█[38;2;13;13;9m██[38;2;13;13;16m██
██[38;2;13;13;11m██[38;2;5;5;129m█[38;2;1;1;124m█[38;2;6;6;30m█[38;2;218;218;242m█[38;2;255;255;255m█[38;2;155;155;153m█[38;2;0;0;0m█[38;2;24;24;24m█[38;2;157;157;157m█[38;2;254;254;254m█[38;2;255;255;255m█[38;2;252;252;252m█[38;2;255;255;255m██████[38;2;255;255;253m█[38;2;255;255;255m█[38;2;195;195;224m█[38;2;0;0;24m█[38;2;4;4;122m█[38;2;5;5;123m█[38;2;13;13;9m██[38;2;13;13;16m██
██[38;2;13;13;11m██[38;2;5;5;129m█[38;2;1;1;124m█[38;2;5;5;28m█[38;2;218;218;242m█[38;2;255;255;255m█[38;2;232;232;230m█[38;2;160;160;160m█[38;2;233;233;233m█[38;2;255;255;255m██[38;2;253;253;253m████████[38;2;253;253;249m█[38;2;255;255;255m█[38;2;195;195;224m█[38;2;0;0;24m█[38;2;4;4;122m█[38;2;5;5;123m█[38;2;13;13;9m██[38;2;13;13;16m██
██[38;2;13;13;11m██[38;2;5;5;129m█[38;2;1;1;124m█[38;2;5;5;28m█[38;2;217;217;240m█[38;2;255;255;255m█[38;2;255;255;253m█[38;2;255;255;255m██[38;2;253;253;253m██████████[38;2;253;253;249m█[38;2;255;255;255m█[38;2;196;196;225m█[38;2;0;0;25m█[38;2;3;4;122m█[38;2;4;5;123m█[38;2;13;13;9m██[38;2;13;13;16m██
██[38;2;13;13;11m██[38;2;5;5;129m█[38;2;1;1;124m█[38;2;5;5;28m█[38;2;217;217;240m█[38;2;255;255;255m█[38;2;253;253;251m█[38;2;253;253;253m████████████[38;2;253;253;249m█[38;2;255;255;255m█[38;2;197;197;226m█[38;2;0;0;25m█[38;2;3;4;122m█[38;2;4;5;123m█[38;2;13;13;9m██[38;2;13;13;16m██
██[38;2;13;13;11m██[38;2;5;5;129m█[38;2;1;1;124m█[38;2;4;4;27m█[38;2;216;216;239m█[38;2;255;255;255m█[38;2;253;253;251m█[38;2;253;253;253m████████████[38;2;253;253;249m█[38;2;255;255;255m█[38;2;198;198;228m█[38;2;0;0;25m█[38;2;3;4;122m█[38;2;4;5;123m█[38;2;13;13;9m██[38;2;13;13;16m██
██[38;2;13;13;11m██[38;2;5;5;129m█[38;2;1;1;124m█[38;2;4;4;27m█[38;2;215;215;238m█[38;2;255;255;255m█[38;2;253;253;251m█[38;2;253;253;253m████████████[38;2;253;253;249m█[38;2;255;255;255m█[38;2;200;200;229m█[38;2;0;0;25m█[38;2;3;3;124m█[38;2;4;4;125m█[38;2;13;13;9m██[38;2;13;13;16m██
██[38;2;13;13;9m██[38;2;5;5;129m█[38;2;1;1;124m█[38;2;3;3;26m█[38;2;214;214;237m█[38;2;255;255;255m█[38;2;253;253;251m█[38;2;253;253;253m████████████[38;2;253;253;249m█[38;2;255;255;255m█[38;2;201;201;228m█[38;2;0;0;24m█[38;2;3;3;124m█[38;2;4;4;125m█[38;2;13;13;9m██[38;2;13;13;16m██
██[38;2;13;13;11m██[38;2;5;5;129m█[38;2;1;1;124m█[38;2;3;3;26m█[38;2;215;215;238m█[38;2;255;255;255m█[38;2;253;253;251m█[38;2;253;253;253m████████████[38;2;253;253;249m█[38;2;255;255;255m█[38;2;203;203;230m█[38;2;0;0;25m█[38;2;3;4;122m█[38;2;5;6;124m█[38;2;13;13;9m██[38;2;13;13;16m██
██[38;2;13;13;9m██[38;2;4;4;125m█[38;2;3;3;124m█[38;2;0;0;22m█[38;2;196;196;223m█[38;2;255;255;255m█[38;2;253;253;249m█[38;2;253;253;253m██[38;2;255;255;255m██[38;2;253;253;253m████[38;2;255;255;255m██[38;2;253;253;253m██[38;2;253;253;249m█[38;2;255;255;255m█[38;2;187;186;218m█[38;2;0;0;24m█[38;2;5;5;123m██[38;2;13;13;9m██[38;2;13;13;16m██
██[38;2;13;15;6m██[38;2;5;5;117m█[38;2;6;6;118m█[38;2;0;0;40m█[38;2;83;84;134m█[38;2;255;255;255m████[38;2;218;218;216m█[38;2;214;214;211m█[38;2;255;255;255m████[38;2;214;214;211m█[38;2;217;217;215m█[38;2;255;255;255m████[38;2;77;79;132m█[38;2;0;0;44m█[38;2;6;6;116m█[38;2;5;5;115m█[38;2;13;15;6m██[38;2;13;13;16m██
██[38;2;13;15;6m██[38;2;8;8;83m█[38;2;9;9;84m█[38;2;4;4;117m█[38;2;0;0;97m█[38;2;87;86;70m█[38;2;194;193;178m█[38;2;202;203;195m█[38;2;116;117;109m█[38;2;6;6;6m█[38;2;2;2;2m█[38;2;102;103;95m█[38;2;196;197;189m█[38;2;197;198;190m█[38;2;103;104;96m█[38;2;2;2;2m█[38;2;5;5;5m█[38;2;113;115;107m█[38;2;200;201;193m█[38;2;193;192;176m█[38;2;84;83;68m█[38;2;0;0;97m█[38;2;4;4;117m█[38;2;9;9;82m█[38;2;8;8;81m█[38;2;13;15;6m██[38;2;13;13;16m██
██[38;2;13;13;13m██[38;2;13;12;24m██[38;2;2;2;179m█[38;2;0;0;176m█[38;2;0;0;46m█[38;2;0;0;47m█[38;2;0;0;34m█[38;2;0;0;28m█[38;2;0;0;172m█[38;2;0;0;173m█[38;2;0;0;39m█[38;2;0;0;42m██[38;2;0;0;39m█[38;2;0;0;173m█[38;2;0;0;172m█[38;2;0;0;31m█[38;2;0;0;37m█[38;2;0;0;49m█[38;2;0;0;48m█[38;2;0;0;176m█[38;2;2;2;179m█[38;2;13;12;24m██[38;2;13;13;13m██[38;2;13;13;16m██
████[38;2;13;15;6m██[38;2;9;9;76m█[38;2;10;10;77m█[38;2;0;0;215m█[38;2;0;0;212m█[38;2;0;0;210m█[38;2;0;0;212m█[38;2;3;4;153m██[38;2;0;0;209m█[38;2;0;0;207m██[38;2;0;0;209m█[38;2;3;4;152m██[38;2;0;0;210m█[38;2;0;0;208m█[38;2;0;0;212m█[38;2;0;0;215m█[38;2;9;10;77m█[38;2;8;9;76m█[38;2;13;15;6m██[38;2;13;13;16m████
██████[38;2;13;13;9m██[38;2;11;10;42m██[38;2;12;11;51m█[38;2;11;10;49m█[38;2;13;15;6m██[38;2;11;10;45m████[38;2;13;15;6m██[38;2;11;10;47m██[38;2;11;10;42m██[38;2;13;13;9m██[38;2;13;13;16m██████
████████[38;2;13;13;11m████[38;2;13;13;16m██[38;2;13;13;11m████[38;2;13;13;16m██[38;2;13;13;11m████[38;2;13;13;16m████████
████████████████████████████████
████████████████████████████████