[38;2;13;13;16m██████████[38;2;13;15;6m██[38;2;11;11;34m██[38;2;8;6;97m█[38;2;9;8;98m██[38;2;8;6;97m█[38;2;11;11;34m██[38;2;13;15;6m██[38;2;13;13;16m██████████
████████[38;2;13;15;6m██[38;2;8;9;76m█[38;2;9;10;77m█[38;2;0;0;209m█[38;2;0;0;208m█[38;2;0;0;194m█[38;2;0;0;190m██[38;2;0;0;194m█[38;2;0;0;208m█[38;2;0;0;209m█[38;2;10;10;77m█[38;2;9;9;76m█[38;2;13;15;6m██[38;2;13;13;16m████████
██████[38;2;13;13;9m██[38;2;9;10;58m██[38;2;1;2;203m█[38;2;0;0;197m█[38;2;0;0;62m█[38;2;0;0;59m█[38;2;8;8;5m█[38;2;23;23;20m██[38;2;8;8;5m█[38;2;0;0;59m█[38;2;0;0;62m█[38;2;0;0;197m█[38;2;1;2;203m█[38;2;9;10;58m██[38;2;13;13;9m██[38;2;13;13;16m██████
██████[38;2;13;13;13m██[38;2;3;3;171m██[38;2;0;0;58m█[38;2;0;0;60m█[38;2;82;81;68m█[38;2;173;172;159m█[38;2;221;221;218m█[38;2;238;238;236m██[38;2;221;221;218m█[38;2;173;172;159m█[38;2;82;81;68m█[38;2;0;0;60m█[38;2;0;0;58m█[38;2;3;3;171m██[38;2;13;13;13m██[38;2;13;13;16m██████
████[38;2;13;15;6m██[38;2;8;8;81m█[38;2;9;9;82m█[38;2;4;3;140m█[38;2;0;0;117m█[38;2;44;45;33m█[38;2;197;198;187m█[38;2;255;255;255m████████[38;2;197;198;187m█[38;2;44;45;33m█[38;2;0;0;118m█[38;2;4;3;140m█[38;2;9;9;82m█[38;2;8;8;81m█[38;2;13;15;6m██[38;2;13;13;16m████
████[38;2;13;13;9m██[38;2;4;3;141m█[38;2;5;4;143m█[38;2;0;0;31m█[38;2;59;61;103m█[38;2;243;244;236m█[38;2;255;255;255m█[38;2;253;253;253m████████[38;2;255;255;255m█[38;2;243;244;236m█[38;2;59;61;103m█[38;2;0;0;31m█[38;2;5;4;143m█[38;2;4;3;141m█[38;2;13;13;9m██[38;2;13;13;16m████
██[38;2;13;13;13m██[38;2;11;11;32m██[38;2;6;5;148m█[38;2;0;0;132m█[38;2;35;35;33m█[38;2;238;238;236m█[38;2;255;255;255m█[38;2;253;253;253m██████████[38;2;255;255;255m█[38;2;239;239;237m█[38;2;35;35;33m█[38;2;0;0;132m█[38;2;4;6;148m█[38;2;11;11;32m██[38;2;13;13;13m██[38;2;13;13;16m██
██[38;2;13;13;9m██[38;2;9;9;68m█[38;2;10;10;69m█[38;2;4;4;113m█[38;2;0;0;95m█[38;2;181;182;171m█[38;2;255;255;255m█[38;2;253;253;253m████████[38;2;254;254;254m█[38;2;253;253;253m███[38;2;255;255;255m█[38;2;181;182;171m█[38;2;0;0;95m█[38;2;4;4;113m█[38;2;10;10;69m█[38;2;9;9;68m█[38;2;13;13;9m██[38;2;13;13;16m██
██[38;2;13;15;6m██[38;2;8;6;97m█[38;2;9;8;98m█[38;2;0;0;66m█[38;2;51;51;124m█[38;2;255;255;249m██[38;2;255;255;255m███[38;2;253;253;253m████[38;2;255;255;255m███[38;2;253;253;253m██[38;2;254;255;245m█[38;2;255;255;249m█[38;2;51;51;124m█[38;2;0;0;66m█[38;2;6;9;98m█[38;2;5;8;97m█[38;2;13;15;6m██[38;2;13;13;16m██
██[38;2;13;15;6m██[38;2;5;5;115m█[38;2;6;6;116m█[38;2;0;0;32m█[38;2;134;136;181m█[38;2;255;255;255m█[38;2;197;198;190m█[38;2;51;51;51m█[38;2;150;150;150m█[38;2;253;253;253m█[38;2;255;255;255m█[38;2;253;253;253m██[38;2;255;255;255m█[38;2;131;131;131m█[38;2;65;65;65m█[38;2;196;196;196m█[38;2;255;255;255m██[38;2;253;254;246m█[38;2;255;255;255m█[38;2;134;136;181m█[38;2;0;0;32m█[38;2;6;6;116m█[38;2;5;5;115m█[38;2;13;15;6m██[38;2;13;13;16m██
██[38;2;13;13;9m██[38;2;5;5;123m██[38;2;0;0;24m█[38;2;188;187;219m█[38;2;255;255;255m█[38;2;187;187;182m█[38;2;0;0;0m██[38;2;54;54;54m█[38;2;189;189;189m█[38;2;255;255;255m█[38;2;254;254;254m█[38;2;255;255;255m█[38;2;109;109;109m█[38;2;0;0;0m██[38;2;100;100;100m█[38;2;226;226;226m█[38;2;255;255;254m█[38;2;255;255;255m█[38;2;188;187;219m█[38;2;0;0;24m█[38;2;4;5;123m██[38;2;13;13;9m██[38;2;13;13;16m██
██[38;2;13;13;9m██[38;2;4;4;125m█[38;2;2;2;123m█[38;2;0;0;26m█[38;2;207;207;233m█[38;2;255;255;255m██[38;2;222;222;222m█[38;2;82;82;82m█[38;2;0;0;0m██[38;2;127;127;127m█[38;2;255;255;255m█[38;2;254;254;254m█[38;2;255;255;255m█[38;2;182;182;182m█[38;2;33;33;33m█[38;2;0;0;0m█[38;2;11;11;11m█[38;2;201;201;198m█[38;2;255;255;255m█[38;2;207;207;233m█[38;2;0;0;26m█[38;2;2;2;123m█[38;2;4;4;125m█[38;2;13;13;9m██[38;2;13;13;16m██
██[38;2;13;13;9m██[38;2;4;4;125m█[38;2;2;2;123m█[38;2;0;0;25m█[38;2;208;208;233m█[38;2;255;255;255m██[38;2;214;214;214m█[38;2;75;75;75m█[38;2;0;0;0m██[38;2;134;134;134m█[38;2;255;255;255m█[38;2;254;254;254m██[38;2;172;172;172m█[38;2;28;28;28m█[38;2;0;0;0m█[38;2;17;17;17m█[38;2;204;204;202m█[38;2;255;255;255m█[38;2;208;208;233m█[38;2;0;0;25m█[38;2;2;2;123m█[38;2;4;4;125m█[38;2;13;13;9m██[38;2;13;13;16m██
██[38;2;13;13;9m██[38;2;4;4;125m█[38;2;2;2;123m█[38;2;0;0;25m█[38;2;208;208;233m█[38;2;255;255;255m█[38;2;183;183;181m█[38;2;0;0;0m██[38;2;62;62;62m█[38;2;197;197;197m█[38;2;255;255;255m█[38;2;254;254;254m█[38;2;255;255;255m█[38;2;103;103;103m█[38;2;0;0;0m██[38;2;109;109;109m█[38;2;232;232;232m█[38;2;255;255;255m██[38;2;208;208;233m█[38;2;0;0;25m█[38;2;2;2;123m█[38;2;4;4;125m█[38;2;13;13;9m██[38;2;13;13;16m██
██[38;2;13;13;9m██[38;2;4;4;125m█[38;2;2;2;123m█[38;2;0;0;25m█[38;2;208;208;233m█[38;2;255;255;255m█[38;2;202;202;200m█[38;2;61;61;61m█[38;2;159;159;159m█[38;2;255;255;255m██[38;2;253;253;253m██[38;2;255;255;255m█[38;2;138;138;138m█[38;2;74;74;74m█[38;2;204;204;204m█[38;2;255;255;255m██[38;2;253;253;251m█[38;2;255;255;255m█[38;2;208;208;233m█[38;2;0;0;25m█[38;2;2;2;123m█[38;2;4;4;125m█[38;2;13;13;9m██[38;2;13;13;16m██
██[38;2;13;13;9m██[38;2;4;4;125m█[38;2;2;2;123m█[38;2;0;0;25m█[38;2;208;208;233m█[38;2;255;255;255m█[38;2;255;255;254m█[38;2;255;255;255m██[38;2;254;254;254m█[38;2;253;253;253m████[38;2;255;255;255m███[38;2;253;253;253m██[38;2;253;253;251m█[38;2;255;255;255m█[38;2;208;208;233m█[38;2;0;0;25m█[38;2;2;2;123m█[38;2;4;4;125m█[38;2;13;13;9m██[38;2;13;13;16m██
██[38;2;13;13;9m██[38;2;4;4;125m█[38;2;2;2;123m█[38;2;0;0;25m█[38;2;208;208;233m█[38;2;255;255;255m█[38;2;253;253;251m█[38;2;253;253;253m████████████[38;2;253;253;251m█[38;2;255;255;255m█[38;2;208;208;233m█[38;2;0;0;25m█[38;2;2;2;123m█[38;2;4;4;125m█[38;2;13;13;9m██[38;2;13;13;16m██
██[38;2;13;13;9m██[38;2;4;4;125m█[38;2;2;2;123m█[38;2;0;0;25m█[38;2;208;208;233m█[38;2;255;255;255m█[38;2;253;253;251m█[38;2;253;253;253m████████████[38;2;253;253;251m█[38;2;255;255;255m█[38;2;208;208;233m█[38;2;0;0;25m█[38;2;2;2;123m█[38;2;4;4;125m█[38;2;13;13;9m██[38;2;13;13;16m██
██[38;2;13;13;9m██[38;2;4;4;125m█[38;2;2;2;123m█[38;2;0;0;25m█[38;2;208;208;233m█[38;2;255;255;255m█[38;2;253;253;251m█[38;2;253;253;253m████████████[38;2;253;253;251m█[38;2;255;255;255m█[38;2;208;208;233m█[38;2;0;0;25m█[38;2;2;2;123m█[38;2;4;4;125m█[38;2;13;13;9m██[38;2;13;13;16m██
██[38;2;13;13;9m██[38;2;4;4;125m█[38;2;2;2;123m█[38;2;0;0;25m█[38;2;208;208;233m█[38;2;255;255;255m█[38;2;253;253;251m█[38;2;253;253;253m████████████[38;2;253;253;251m█[38;2;255;255;255m█[38;2;208;208;233m█[38;2;0;0;25m█[38;2;2;2;123m█[38;2;4;4;125m█[38;2;13;13;9m██[38;2;13;13;16m██
██[38;2;13;13;9m██[38;2;4;4;125m█[38;2;2;2;123m█[38;2;0;0;25m█[38;2;208;208;233m█[38;2;255;255;255m█[38;2;253;253;251m█[38;2;253;253;253m████████████[38;2;253;253;251m█[38;2;255;255;255m█[38;2;208;208;233m█[38;2;0;0;25m█[38;2;2;2;123m█[38;2;4;4;125m█[38;2;13;13;9m██[38;2;13;13;16m██
██[38;2;13;13;9m██[38;2;4;4;125m█[38;2;2;2;123m█[38;2;0;0;25m█[38;2;208;208;233m█[38;2;255;255;255m█[38;2;253;253;251m█[38;2;253;253;253m████████████[38;2;253;253;251m█[38;2;255;255;255m█[38;2;208;208;233m█[38;2;0;0;25m█[38;2;2;2;123m█[38;2;4;4;125m█[38;2;13;13;9m██[38;2;13;13;16m██
██[38;2;13;13;9m██[38;2;4;4;125m█[38;2;2;2;123m█[38;2;0;0;25m█[38;2;209;209;235m█[38;2;255;255;255m█[38;2;253;253;251m█[38;2;253;253;253m████████████[38;2;253;253;251m█[38;2;255;255;255m█[38;2;209;209;235m█[38;2;0;0;25m█[38;2;2;2;123m█[38;2;4;4;125m█[38;2;13;13;9m██[38;2;13;13;16m██
██[38;2;13;13;9m██[38;2;4;4;129m██[38;2;0;0;22m█[38;2;176;175;208m█[38;2;255;255;255m█[38;2;253;253;249m█[38;2;253;253;253m█[38;2;255;255;255m███[38;2;254;254;254m█[38;2;253;253;253m██[38;2;255;255;255m███[38;2;253;253;253m██[38;2;253;253;249m█[38;2;255;255;255m█[38;2;178;176;209m█[38;2;0;0;22m█[38;2;4;4;129m██[38;2;13;13;9m██[38;2;13;13;16m██
██[38;2;13;15;4m██[38;2;4;4;131m█[38;2;6;6;133m█[38;2;0;0;54m█[38;2;47;47;109m█[38;2;242;243;232m█[38;2;255;255;255m██[38;2;243;243;243m█[38;2;158;158;153m█[38;2;179;179;174m█[38;2;255;255;255m███[38;2;236;236;236m█[38;2;152;152;147m█[38;2;186;186;181m█[38;2;255;255;255m███[38;2;232;233;223m█[38;2;47;47;109m█[38;2;0;0;54m█[38;2;6;6;133m█[38;2;4;4;131m█[38;2;13;15;4m██[38;2;13;13;16m██
██[38;2;13;15;4m██[38;2;5;6;102m█[38;2;6;8;103m█[38;2;5;4;147m█[38;2;0;0;126m█[38;2;40;40;22m█[38;2;138;138;119m█[38;2;137;138;130m█[38;2;42;44;35m█[38;2;0;0;5m█[38;2;0;0;11m█[38;2;73;74;63m█[38;2;148;150;139m█[38;2;130;130;125m█[38;2;33;33;28m█[38;2;0;0;4m█[38;2;0;0;15m█[38;2;83;84;73m█[38;2;152;153;141m█[38;2;126;125;110m█[38;2;25;24;9m█[38;2;0;0;129m█[38;2;3;4;150m█[38;2;6;8;103m█[38;2;5;6;102m█[38;2;13;15;4m██[38;2;13;13;16m██
██[38;2;13;13;11m██[38;2;11;11;40m██[38;2;0;0;215m██[38;2;0;0;91m█[38;2;0;0;81m█[38;2;0;0;79m█[38;2;0;0;89m█[38;2;0;0;209m█[38;2;0;0;207m█[38;2;0;0;67m█[38;2;0;0;61m█[38;2;0;0;87m█[38;2;0;0;98m█[38;2;0;0;207m█[38;2;0;0;203m█[38;2;0;0;62m█[38;2;0;0;58m█[38;2;0;0;91m█[38;2;0;0;105m█[38;2;0;0;222m██[38;2;11;11;40m██[38;2;13;13;11m██[38;2;13;13;16m██
████[38;2;13;15;6m██[38;2;4;4;127m█[38;2;5;5;129m█[38;2;0;0;252m█[38;2;0;0;251m█[38;2;0;0;243m█[38;2;0;0;244m█[38;2;0;0;212m██[38;2;0;0;245m█[38;2;0;0;244m█[38;2;0;0;240m█[38;2;0;0;242m█[38;2;0;0;212m██[38;2;0;0;245m█[38;2;0;0;244m█[38;2;0;0;249m█[38;2;0;0;250m█[38;2;5;5;126m█[38;2;4;4;125m█[38;2;13;15;6m██[38;2;13;13;16m████
████[38;2;13;13;13m██[38;2;13;13;17m██[38;2;5;6;110m█[38;2;6;8;111m█[38;2;6;8;109m█[38;2;5;6;108m█[38;2;11;11;34m██[38;2;5;5;120m█[38;2;6;6;122m█[38;2;6;8;103m█[38;2;5;6;102m█[38;2;11;11;34m██[38;2;4;4;125m█[38;2;5;5;126m█[38;2;6;8;103m█[38;2;5;6;102m█[38;2;13;13;13m████[38;2;13;13;16m████
██████[38;2;13;13;13m██[38;2;13;15;4m██[38;2;13;15;6m██[38;2;13;13;11m██[38;2;13;15;4m██[38;2;13;15;6m██[38;2;13;13;11m██[38;2;13;15;4m██[38;2;13;15;6m██[38;2;13;13;16m████████
████████████████████████████████
████████████████████████████████