[38;2;13;13;16m████████████████████████████████
████████████[38;2;13;13;11m██[38;2;13;15;4m████[38;2;13;13;11m██[38;2;13;13;16m████████████
██████████[38;2;13;15;6m██[38;2;9;11;51m█[38;2;10;12;52m█[38;2;6;6;118m██[38;2;6;8;109m██[38;2;11;11;34m██[38;2;13;15;6m██[38;2;13;13;16m██████████
████████[38;2;13;15;6m██[38;2;5;6;108m█[38;2;6;8;109m█[38;2;0;0;215m█[38;2;0;0;211m█[38;2;0;0;175m█[38;2;0;0;173m█[38;2;0;0;182m█[38;2;0;0;186m█[38;2;0;0;208m█[38;2;1;1;210m█[38;2;10;10;69m█[38;2;9;9;68m█[38;2;13;15;6m██[38;2;13;13;16m████████
██████[38;2;13;15;4m██[38;2;8;6;91m█[38;2;9;8;93m█[38;2;2;0;194m█[38;2;0;0;182m█[38;2;0;0;27m█[38;2;0;0;37m█[38;2;22;23;12m█[38;2;34;35;25m█[38;2;30;30;25m█[38;2;9;9;4m█[38;2;0;0;63m█[38;2;0;0;69m█[38;2;0;0;197m█[38;2;1;2;201m█[38;2;11;10;42m██[38;2;13;13;11m██[38;2;13;13;16m██████
████[38;2;13;13;11m██[38;2;11;11;32m██[38;2;2;1;183m█[38;2;0;0;179m█[38;2;0;0;17m█[38;2;25;25;54m█[38;2;127;129;117m█[38;2;203;204;193m█[38;2;237;237;237m█[38;2;247;247;247m█[38;2;243;243;243m█[38;2;222;222;222m█[38;2;165;164;148m█[38;2;65;63;48m█[38;2;0;0;74m█[38;2;0;0;84m█[38;2;4;5;157m█[38;2;2;3;154m█[38;2;13;13;9m██[38;2;13;13;16m██████
████[38;2;13;15;4m██[38;2;5;5;118m█[38;2;8;8;120m█[38;2;0;0;100m█[38;2;0;0;87m█[38;2;109;110;96m█[38;2;240;242;228m█[38;2;255;255;255m████████[38;2;165;166;158m█[38;2;13;15;6m█[38;2;0;0;140m█[38;2;4;5;159m█[38;2;9;10;58m██[38;2;13;13;9m██[38;2;13;13;16m████
██[38;2;13;13;13m██[38;2;13;12;22m██[38;2;3;4;158m█[38;2;0;0;152m█[38;2;0;0;6m█[38;2;148;147;161m█[38;2;255;255;255m██[38;2;253;253;253m███████[38;2;254;254;254m█[38;2;255;255;255m█[38;2;205;207;196m█[38;2;12;12;86m█[38;2;0;0;68m█[38;2;6;8;125m█[38;2;4;5;123m█[38;2;13;15;4m██[38;2;13;13;16m████
██[38;2;13;13;9m██[38;2;9;10;61m██[38;2;4;4;127m█[38;2;0;0;103m█[38;2;122;123;111m█[38;2;255;255;255m█[38;2;254;254;254m█[38;2;253;253;253m█████████[38;2;253;253;251m█[38;2;255;255;255m█[38;2;182;183;197m█[38;2;0;0;10m█[38;2;0;0;144m█[38;2;3;4;150m█[38;2;13;13;17m██[38;2;13;13;16m████
██[38;2;13;15;6m██[38;2;8;5;102m█[38;2;9;6;103m█[38;2;0;0;67m█[38;2;38;38;111m█[38;2;251;252;242m█[38;2;255;255;247m█[38;2;255;255;255m█[38;2;254;254;254m█[38;2;253;253;253m██████████[38;2;255;255;255m█[38;2;100;101;93m█[38;2;0;0;111m█[38;2;5;5;134m█[38;2;11;10;42m██[38;2;13;13;11m██[38;2;13;13;16m██
██[38;2;13;15;6m██[38;2;5;4;125m█[38;2;6;5;126m█[38;2;0;0;24m█[38;2;153;152;189m█[38;2;255;255;255m█[38;2;254;254;250m█[38;2;236;236;236m█[38;2;255;255;255m██[38;2;253;253;253m█████████[38;2;255;255;251m█[38;2;210;211;200m█[38;2;0;0;96m█[38;2;2;3;104m█[38;2;10;10;72m█[38;2;9;9;70m█[38;2;13;13;9m██[38;2;13;13;16m██
██[38;2;13;13;13m██[38;2;5;5;132m█[38;2;0;0;126m█[38;2;10;11;28m█[38;2;224;225;243m█[38;2;255;255;255m█[38;2;201;201;198m█[38;2;8;8;8m█[38;2;81;81;81m█[38;2;216;216;216m█[38;2;255;255;255m██[38;2;253;253;253m█[38;2;254;254;254m█[38;2;255;255;255m█████[38;2;255;255;247m█[38;2;255;255;246m█[38;2;45;45;122m█[38;2;0;0;72m█[38;2;9;8;90m█[38;2;8;6;89m█[38;2;13;15;6m██[38;2;13;13;16m██
██[38;2;13;13;17m██[38;2;5;5;134m█[38;2;0;0;122m█[38;2;45;45;51m█[38;2;252;252;255m█[38;2;255;255;255m█[38;2;225;225;223m█[38;2;48;48;48m█[38;2;0;0;0m█[38;2;6;6;6m█[38;2;122;122;122m█[38;2;239;239;239m█[38;2;255;255;255m█[38;2;252;252;252m█[38;2;215;215;215m█[38;2;208;208;208m█[38;2;209;209;209m██[38;2;208;208;208m█[38;2;242;243;235m█[38;2;255;255;255m█[38;2;93;93;154m█[38;2;0;0;51m█[38;2;6;9;101m█[38;2;5;8;100m█[38;2;13;15;6m██[38;2;13;13;16m██
██[38;2;13;13;19m██[38;2;5;5;132m█[38;2;0;0;116m█[38;2;61;61;65m█[38;2;255;255;255m█[38;2;253;253;253m█[38;2;255;255;255m██[38;2;137;137;137m█[38;2;0;0;0m██[38;2;70;70;70m█[38;2;255;255;255m█[38;2;175;175;175m█[38;2;0;0;0m█████[38;2;89;90;82m█[38;2;255;255;255m█[38;2;115;115;172m█[38;2;0;0;44m█[38;2;6;8;105m█[38;2;5;6;104m█[38;2;13;15;6m██[38;2;13;13;16m██
██[38;2;13;13;19m██[38;2;5;5;132m█[38;2;0;0;116m█[38;2;61;61;65m█[38;2;255;255;255m█[38;2;254;254;254m██[38;2;176;176;176m█[38;2;47;47;47m█[38;2;0;0;0m█[38;2;12;12;12m█[38;2;152;152;152m█[38;2;255;255;255m█[38;2;217;217;217m█[38;2;90;90;90m█[38;2;84;84;84m█[38;2;86;86;86m██[38;2;80;80;80m█[38;2;166;167;159m█[38;2;255;255;255m█[38;2;118;119;173m█[38;2;0;0;41m█[38;2;8;9;109m█[38;2;5;6;107m█[38;2;13;15;6m██[38;2;13;13;16m██
██[38;2;13;13;19m██[38;2;5;5;132m█[38;2;0;0;117m█[38;2;59;59;62m█[38;2;255;255;255m██[38;2;198;198;198m█[38;2;0;0;0m██[38;2;96;96;96m█[38;2;225;225;225m█[38;2;255;255;255m█[38;2;253;253;253m█[38;2;255;255;255m██████[38;2;255;255;254m█[38;2;255;255;255m█[38;2;119;120;174m█[38;2;0;0;41m█[38;2;8;9;109m█[38;2;5;6;107m█[38;2;13;15;6m██[38;2;13;13;16m██
██[38;2;13;13;19m██[38;2;5;5;132m█[38;2;0;0;117m█[38;2;56;56;60m█[38;2;255;255;255m██[38;2;237;237;237m█[38;2;125;125;125m█[38;2;190;190;190m█[38;2;255;255;255m██[38;2;253;253;253m████████[38;2;253;254;246m█[38;2;255;255;255m█[38;2;123;124;175m█[38;2;0;0;38m█[38;2;6;8;108m█[38;2;5;6;107m█[38;2;13;15;6m██[38;2;13;13;16m██
██[38;2;13;13;19m██[38;2;5;5;132m█[38;2;0;0;118m█[38;2;52;52;58m█[38;2;255;255;255m█[38;2;254;254;254m█[38;2;255;255;255m███[38;2;253;253;253m██████████[38;2;253;254;246m█[38;2;255;255;255m█[38;2;127;129;180m█[38;2;0;0;38m█[38;2;6;8;109m█[38;2;5;6;108m█[38;2;13;15;6m██[38;2;13;13;16m██
██[38;2;13;13;17m██[38;2;5;5;132m█[38;2;0;0;119m█[38;2;47;47;53m█[38;2;253;253;255m█[38;2;254;254;252m█[38;2;253;253;251m█[38;2;253;253;253m████████████[38;2;253;254;246m█[38;2;255;255;255m█[38;2;134;136;186m█[38;2;0;0;37m█[38;2;6;8;111m█[38;2;5;6;110m█[38;2;13;15;6m██[38;2;13;13;16m██
██[38;2;13;13;17m██[38;2;5;5;132m█[38;2;0;0;120m█[38;2;41;40;49m█[38;2;251;250;255m█[38;2;254;254;252m█[38;2;253;253;251m█[38;2;253;253;253m████████████[38;2;253;254;246m█[38;2;255;255;255m█[38;2;141;143;190m█[38;2;0;0;34m█[38;2;6;6;113m█[38;2;5;5;112m█[38;2;13;15;6m██[38;2;13;13;16m██
████[38;2;5;5;132m█[38;2;0;0;122m█[38;2;35;34;46m█[38;2;247;246;255m█[38;2;255;255;253m█[38;2;253;253;251m█[38;2;253;253;253m████████████[38;2;253;253;249m█[38;2;255;255;255m█[38;2;150;152;194m█[38;2;0;0;30m█[38;2;6;6;116m█[38;2;5;5;115m█[38;2;13;15;6m██[38;2;13;13;16m██
████[38;2;5;5;132m█[38;2;0;0;123m█[38;2;28;27;41m█[38;2;243;242;255m█[38;2;255;255;253m█[38;2;253;253;251m█[38;2;253;253;253m████████████[38;2;253;253;249m█[38;2;255;255;255m█[38;2;159;161;201m█[38;2;0;0;28m█[38;2;6;6;116m█[38;2;5;5;115m█[38;2;13;15;6m██[38;2;13;13;16m██
██[38;2;13;13;13m██[38;2;5;5;130m█[38;2;0;0;122m█[38;2;20;22;37m█[38;2;236;237;252m█[38;2;255;255;254m█[38;2;253;253;251m█[38;2;253;253;253m████████████[38;2;253;253;249m█[38;2;255;255;255m█[38;2;171;169;209m█[38;2;0;0;28m█[38;2;6;6;118m█[38;2;5;5;117m█[38;2;13;15;6m██[38;2;13;13;16m██
██[38;2;13;13;13m██[38;2;5;5;130m█[38;2;0;0;123m█[38;2;16;17;32m█[38;2;232;233;249m█[38;2;255;255;254m█[38;2;253;253;251m█[38;2;253;253;253m████████████[38;2;253;253;249m█[38;2;255;255;255m█[38;2;180;179;214m█[38;2;0;0;25m█[38;2;5;5;118m██[38;2;13;15;6m██[38;2;13;13;16m██
██[38;2;13;13;11m██[38;2;5;5;130m█[38;2;1;1;125m█[38;2;3;3;26m█[38;2;216;216;239m█[38;2;255;255;255m█[38;2;253;253;251m█[38;2;253;253;253m██[38;2;255;255;255m██[38;2;254;254;254m█[38;2;253;253;253m███[38;2;255;255;255m██[38;2;254;254;254m█[38;2;253;253;253m█[38;2;253;253;249m█[38;2;255;255;255m█[38;2;172;171;208m█[38;2;0;0;25m█[38;2;5;5;118m██[38;2;13;15;6m██[38;2;13;13;16m██
██[38;2;13;15;6m██[38;2;5;5;120m█[38;2;6;6;122m█[38;2;0;0;32m█[38;2;102;104;146m█[38;2;255;255;250m█[38;2;255;255;255m███[38;2;247;247;247m█[38;2;216;216;216m█[38;2;252;252;252m█[38;2;255;255;255m███[38;2;243;243;243m█[38;2;215;215;215m█[38;2;255;255;255m████[38;2;73;73;130m█[38;2;0;0;47m█[38;2;6;6;113m█[38;2;5;5;112m█[38;2;13;15;6m██[38;2;13;13;16m██
██[38;2;13;15;6m██[38;2;8;6;89m█[38;2;9;8;90m█[38;2;3;3;110m█[38;2;0;0;91m█[38;2;53;52;37m█[38;2;180;179;164m█[38;2;219;219;215m█[38;2;178;178;173m█[38;2;49;49;45m█[38;2;0;0;0m█[38;2;63;63;59m█[38;2;186;186;181m█[38;2;219;219;215m█[38;2;167;167;162m█[38;2;39;39;34m█[38;2;0;0;0m█[38;2;75;75;70m█[38;2;194;194;189m█[38;2;207;205;190m█[38;2;93;91;76m█[38;2;0;0;97m█[38;2;4;4;116m█[38;2;9;9;82m█[38;2;8;8;81m█[38;2;13;15;6m██[38;2;13;13;16m██
██[38;2;13;13;13m██[38;2;13;12;27m██[38;2;2;0;194m█[38;2;1;0;193m█[38;2;0;0;69m█[38;2;0;0;65m█[38;2;5;4;16m█[38;2;0;0;4m█[38;2;0;0;139m█[38;2;0;0;151m█[38;2;0;0;61m█[38;2;0;0;60m█[38;2;3;4;19m█[38;2;0;0;6m█[38;2;0;0;145m█[38;2;0;0;155m█[38;2;0;0;52m█[38;2;0;0;53m█[38;2;0;0;40m█[38;2;0;0;34m█[38;2;0;0;175m█[38;2;2;2;179m█[38;2;13;12;26m██[38;2;13;13;13m██[38;2;13;13;16m██
████[38;2;13;13;9m██[38;2;9;9;73m█[38;2;10;10;74m█[38;2;0;0;207m█[38;2;0;0;205m█[38;2;0;0;210m█[38;2;0;0;214m█[38;2;3;3;171m██[38;2;2;0;198m█[38;2;0;0;196m█[38;2;0;0;211m█[38;2;0;0;214m█[38;2;3;3;168m██[38;2;0;1;202m█[38;2;0;0;200m█[38;2;0;0;215m█[38;2;0;0;217m█[38;2;9;9;86m█[38;2;8;8;84m█[38;2;13;15;6m██[38;2;13;13;16m████
██████[38;2;13;15;6m██[38;2;11;11;38m██[38;2;10;10;69m██[38;2;13;13;13m██[38;2;11;11;40m██[38;2;10;10;67m█[38;2;9;9;66m█[38;2;13;13;11m██[38;2;11;10;45m█[38;2;12;11;46m█[38;2;12;11;52m█[38;2;11;10;51m█[38;2;13;13;9m██[38;2;13;13;16m██████
████████[38;2;13;13;11m██[38;2;13;13;9m██[38;2;13;13;16m██[38;2;13;13;11m██[38;2;13;13;9m██[38;2;13;13;16m██[38;2;13;13;11m██[38;2;13;13;9m██[38;2;13;13;16m████████
████████████████████████████████