[38;2;13;13;16m██████████[38;2;13;15;6m██[38;2;11;12;30m██[38;2;9;8;90m████[38;2;13;12;30m██[38;2;13;15;6m██[38;2;13;13;16m██████████
████████[38;2;13;15;6m██[38;2;9;9;70m█[38;2;10;10;72m█[38;2;0;0;207m█[38;2;0;0;205m█[38;2;0;0;198m█[38;2;0;0;195m██[38;2;0;0;198m█[38;2;0;0;207m██[38;2;10;10;72m█[38;2;9;9;70m█[38;2;13;15;6m██[38;2;13;13;16m████████
██████[38;2;13;13;9m██[38;2;11;10;53m██[38;2;1;2;203m█[38;2;0;0;198m█[38;2;0;0;69m█[38;2;0;0;63m█[38;2;4;4;4m█[38;2;17;17;17m██[38;2;4;4;4m█[38;2;0;0;63m█[38;2;0;0;69m█[38;2;0;0;198m█[38;2;1;2;203m█[38;2;11;10;53m██[38;2;13;13;9m██[38;2;13;13;16m██████
██████[38;2;13;13;13m██[38;2;3;3;168m██[38;2;0;0;66m█[38;2;0;0;65m█[38;2;74;73;58m█[38;2;164;162;147m█[38;2;214;214;211m█[38;2;232;232;230m██[38;2;214;214;211m█[38;2;164;162;147m█[38;2;74;73;58m█[38;2;0;0;65m█[38;2;0;0;66m█[38;2;3;3;168m██[38;2;13;13;13m██[38;2;13;13;16m██████
████[38;2;13;15;6m██[38;2;9;8;79m█[38;2;10;9;80m█[38;2;5;4;145m█[38;2;0;0;122m█[38;2;37;38;26m█[38;2;189;190;179m█[38;2;255;255;255m████████[38;2;189;190;179m█[38;2;37;38;26m█[38;2;0;0;122m█[38;2;5;4;145m█[38;2;9;9;80m█[38;2;8;8;79m█[38;2;13;15;6m██[38;2;13;13;16m████
████[38;2;13;15;6m██[38;2;4;3;141m█[38;2;5;4;143m█[38;2;0;0;37m█[38;2;53;54;102m█[38;2;238;239;231m█[38;2;255;255;255m█[38;2;254;254;254m█[38;2;253;253;253m██████[38;2;254;254;254m█[38;2;255;255;255m█[38;2;238;239;231m█[38;2;53;54;102m█[38;2;0;0;37m█[38;2;5;4;143m█[38;2;4;3;141m█[38;2;13;15;6m██[38;2;13;13;16m████
██[38;2;13;13;13m██[38;2;11;11;32m██[38;2;5;4;147m█[38;2;0;0;132m█[38;2;31;31;31m█[38;2;235;235;235m█[38;2;255;255;255m█[38;2;253;253;253m██████████[38;2;255;255;255m█[38;2;235;235;235m█[38;2;31;31;31m█[38;2;0;0;132m█[38;2;3;5;147m█[38;2;11;11;32m██[38;2;13;13;13m██[38;2;13;13;16m██
██[38;2;13;13;9m██[38;2;9;9;68m█[38;2;10;10;69m█[38;2;4;4;113m█[38;2;0;0;95m█[38;2;176;178;166m█[38;2;255;255;255m█[38;2;253;253;253m████████████[38;2;255;255;255m█[38;2;176;178;166m█[38;2;0;0;95m█[38;2;4;4;113m█[38;2;10;10;69m█[38;2;9;9;68m█[38;2;13;13;9m██[38;2;13;13;16m██
██[38;2;13;15;6m██[38;2;8;6;97m█[38;2;9;8;98m█[38;2;0;0;66m█[38;2;47;47;120m█[38;2;255;255;247m█[38;2;255;255;250m█[38;2;255;255;255m██[38;2;253;253;253m█████[38;2;255;255;255m███[38;2;253;253;253m██[38;2;254;255;245m█[38;2;255;255;247m█[38;2;47;47;120m█[38;2;0;0;66m█[38;2;9;8;98m█[38;2;8;6;97m█[38;2;13;15;6m██[38;2;13;13;16m██
██[38;2;13;15;6m██[38;2;5;5;115m█[38;2;6;6;116m█[38;2;0;0;34m█[38;2;132;133;181m█[38;2;255;255;255m█[38;2;210;211;203m█[38;2;84;84;84m█[38;2;182;182;182m█[38;2;255;255;255m██[38;2;253;253;253m██[38;2;255;255;255m█[38;2;155;155;155m█[38;2;98;98;98m█[38;2;224;224;224m█[38;2;255;255;255m██[38;2;253;254;246m█[38;2;255;255;255m█[38;2;132;133;181m█[38;2;0;0;34m█[38;2;6;6;116m█[38;2;5;5;115m█[38;2;13;15;6m██[38;2;13;13;16m██
██[38;2;13;13;9m██[38;2;5;5;123m██[38;2;0;0;24m█[38;2;187;186;218m█[38;2;255;255;255m█[38;2;176;176;172m█[38;2;0;0;0m██[38;2;93;93;93m█[38;2;226;226;226m█[38;2;255;255;255m█[38;2;253;253;253m█[38;2;255;255;255m█[38;2;91;91;91m█[38;2;0;0;0m█[38;2;12;12;12m█[38;2;144;144;144m█[38;2;252;252;252m█[38;2;255;255;254m█[38;2;255;255;255m█[38;2;186;185;217m█[38;2;0;0;24m█[38;2;4;5;123m██[38;2;13;13;9m██[38;2;13;13;16m██
██[38;2;13;13;9m██[38;2;4;4;125m█[38;2;2;2;123m█[38;2;0;0;26m█[38;2;207;207;233m█[38;2;255;255;255m█[38;2;255;255;254m█[38;2;187;187;187m█[38;2;52;52;52m█[38;2;0;0;0m█[38;2;12;12;12m█[38;2;165;165;165m█[38;2;255;255;255m██[38;2;246;246;246m█[38;2;141;141;141m█[38;2;17;17;17m█[38;2;0;0;0m█[38;2;51;51;51m█[38;2;221;221;218m█[38;2;255;255;255m█[38;2;205;205;232m█[38;2;0;0;26m█[38;2;2;2;123m█[38;2;4;4;125m█[38;2;13;13;9m██[38;2;13;13;16m██
██[38;2;13;13;9m██[38;2;4;4;125m█[38;2;2;2;123m█[38;2;0;0;25m█[38;2;208;208;233m█[38;2;255;255;255m███[38;2;125;125;125m█[38;2;0;0;0m██[38;2;103;103;103m█[38;2;255;255;255m█[38;2;253;253;253m█[38;2;255;255;255m█[38;2;232;232;232m█[38;2;61;61;61m█[38;2;0;0;0m██[38;2;187;187;185m█[38;2;255;255;255m█[38;2;208;208;233m█[38;2;0;0;25m█[38;2;2;2;123m█[38;2;4;4;125m█[38;2;13;13;9m██[38;2;13;13;16m██
██[38;2;13;13;9m██[38;2;4;4;125m█[38;2;2;2;123m█[38;2;0;0;25m█[38;2;208;208;233m█[38;2;255;255;255m█[38;2;215;215;212m█[38;2;42;42;42m█[38;2;0;0;0m█[38;2;13;13;13m█[38;2;143;143;143m█[38;2;249;249;249m█[38;2;255;255;255m██[38;2;157;157;157m█[38;2;4;4;4m█[38;2;0;0;0m█[38;2;49;49;49m█[38;2;190;190;190m█[38;2;255;255;255m██[38;2;208;208;233m█[38;2;0;0;25m█[38;2;2;2;123m█[38;2;4;4;125m█[38;2;13;13;9m██[38;2;13;13;16m██
██[38;2;13;13;9m██[38;2;4;4;125m█[38;2;2;2;123m█[38;2;0;0;25m█[38;2;208;208;233m█[38;2;255;255;255m█[38;2;175;175;173m█[38;2;0;0;0m█[38;2;88;88;88m█[38;2;225;225;225m█[38;2;255;255;255m██[38;2;253;253;253m█[38;2;255;255;255m█[38;2;90;90;90m█[38;2;6;6;6m█[38;2;140;140;140m█[38;2;251;251;251m█[38;2;255;255;255m█[38;2;253;253;251m█[38;2;255;255;255m█[38;2;208;208;233m█[38;2;0;0;25m█[38;2;2;2;123m█[38;2;4;4;125m█[38;2;13;13;9m██[38;2;13;13;16m██
██[38;2;13;13;9m██[38;2;4;4;125m█[38;2;2;2;123m█[38;2;0;0;25m█[38;2;208;208;233m█[38;2;255;255;255m█[38;2;252;252;250m█[38;2;228;228;228m█[38;2;255;255;255m██[38;2;253;253;253m███[38;2;254;254;254m█[38;2;243;243;243m█[38;2;233;233;233m█[38;2;255;255;255m██[38;2;253;253;253m█[38;2;253;253;251m█[38;2;255;255;255m█[38;2;208;208;233m█[38;2;0;0;25m█[38;2;2;2;123m█[38;2;4;4;125m█[38;2;13;13;9m██[38;2;13;13;16m██
██[38;2;13;13;9m██[38;2;4;4;125m█[38;2;2;2;123m█[38;2;0;0;25m█[38;2;208;208;233m█[38;2;255;255;255m█[38;2;254;254;252m█[38;2;255;255;255m█[38;2;254;254;254m█[38;2;253;253;253m█████[38;2;255;255;255m██[38;2;253;253;253m███[38;2;253;253;251m█[38;2;255;255;255m█[38;2;208;208;233m█[38;2;0;0;25m█[38;2;2;2;123m█[38;2;4;4;125m█[38;2;13;13;9m██[38;2;13;13;16m██
██[38;2;13;13;9m██[38;2;4;4;125m█[38;2;2;2;123m█[38;2;0;0;25m█[38;2;208;208;233m█[38;2;255;255;255m█[38;2;253;253;251m█[38;2;253;253;253m████████████[38;2;253;253;251m█[38;2;255;255;255m█[38;2;208;208;233m█[38;2;0;0;25m█[38;2;2;2;123m█[38;2;4;4;125m█[38;2;13;13;9m██[38;2;13;13;16m██
██[38;2;13;13;9m██[38;2;4;4;125m█[38;2;2;2;123m█[38;2;0;0;25m█[38;2;208;208;233m█[38;2;255;255;255m█[38;2;253;253;251m█[38;2;253;253;253m████████████[38;2;253;253;251m█[38;2;255;255;255m█[38;2;208;208;233m█[38;2;0;0;25m█[38;2;2;2;123m█[38;2;4;4;125m█[38;2;13;13;9m██[38;2;13;13;16m██
██[38;2;13;13;9m██[38;2;4;4;125m█[38;2;2;2;123m█[38;2;0;0;25m█[38;2;208;208;233m█[38;2;255;255;255m█[38;2;253;253;251m█[38;2;253;253;253m████████████[38;2;253;253;251m█[38;2;255;255;255m█[38;2;208;208;233m█[38;2;0;0;25m█[38;2;2;2;123m█[38;2;4;4;125m█[38;2;13;13;9m██[38;2;13;13;16m██
██[38;2;13;13;9m██[38;2;4;4;125m█[38;2;2;2;123m█[38;2;0;0;25m█[38;2;208;208;233m█[38;2;255;255;255m█[38;2;253;253;251m█[38;2;253;253;253m████████████[38;2;253;253;251m█[38;2;255;255;255m█[38;2;208;208;233m█[38;2;0;0;25m█[38;2;2;2;123m█[38;2;4;4;125m█[38;2;13;13;9m██[38;2;13;13;16m██
██[38;2;13;13;9m██[38;2;4;4;125m█[38;2;2;2;123m█[38;2;0;0;25m█[38;2;208;208;233m█[38;2;255;255;255m█[38;2;253;253;251m█[38;2;253;253;253m████████████[38;2;253;253;251m█[38;2;255;255;255m█[38;2;208;208;233m█[38;2;0;0;25m█[38;2;2;2;123m█[38;2;4;4;125m█[38;2;13;13;9m██[38;2;13;13;16m██
██[38;2;13;13;9m██[38;2;4;4;125m█[38;2;2;2;123m█[38;2;1;1;26m█[38;2;209;209;235m█[38;2;255;255;255m█[38;2;253;253;251m█[38;2;253;253;253m████████████[38;2;253;253;251m█[38;2;255;255;255m█[38;2;209;209;235m█[38;2;1;1;26m█[38;2;2;2;123m█[38;2;4;4;125m█[38;2;13;13;9m██[38;2;13;13;16m██
██[38;2;13;13;9m██[38;2;4;4;129m█[38;2;3;3;127m█[38;2;0;0;23m█[38;2;195;195;224m█[38;2;255;255;255m█[38;2;253;253;249m█[38;2;253;253;253m█[38;2;254;254;254m█[38;2;255;255;255m██[38;2;253;253;253m███[38;2;254;254;254m█[38;2;255;255;255m██[38;2;253;253;253m██[38;2;253;253;249m█[38;2;255;255;255m█[38;2;195;195;222m█[38;2;0;0;20m█[38;2;3;3;127m█[38;2;4;4;129m█[38;2;13;13;9m██[38;2;13;13;16m██
██[38;2;13;15;6m██[38;2;4;4;133m█[38;2;5;5;134m█[38;2;0;0;39m█[38;2;88;89;139m█[38;2;255;255;255m████[38;2;218;218;218m█[38;2;237;237;237m█[38;2;255;255;255m████[38;2;216;216;216m█[38;2;240;240;240m█[38;2;255;255;255m███[38;2;255;255;254m█[38;2;89;90;140m█[38;2;0;0;39m█[38;2;5;5;134m█[38;2;4;4;133m█[38;2;13;15;6m██[38;2;13;13;16m██
██[38;2;13;15;4m██[38;2;5;5;115m█[38;2;6;6;116m█[38;2;3;3;116m█[38;2;0;0;98m█[38;2;100;98;83m█[38;2;208;207;192m█[38;2;202;202;197m█[38;2;93;93;88m█[38;2;2;2;0m█[38;2;27;27;23m█[38;2;153;153;148m█[38;2;217;217;212m█[38;2;195;195;190m█[38;2;80;80;75m█[38;2;0;0;0m█[38;2;35;35;31m█[38;2;164;164;159m█[38;2;218;218;214m█[38;2;190;189;174m█[38;2;68;67;52m█[38;2;0;0;97m█[38;2;3;3;116m█[38;2;6;6;116m█[38;2;5;5;115m█[38;2;13;15;4m██[38;2;13;13;16m██
██[38;2;13;13;9m██[38;2;9;10;60m██[38;2;1;1;208m█[38;2;0;0;203m█[38;2;0;0;28m█[38;2;0;0;35m█[38;2;0;0;42m█[38;2;0;0;37m█[38;2;0;0;150m█[38;2;0;0;143m█[38;2;0;0;12m█[38;2;2;2;25m█[38;2;0;0;48m█[38;2;0;0;46m█[38;2;0;0;148m█[38;2;0;0;139m█[38;2;0;0;6m█[38;2;2;3;18m█[38;2;0;0;47m█[38;2;0;0;48m█[38;2;0;0;215m█[38;2;1;0;218m█[38;2;9;10;58m██[38;2;13;13;9m██[38;2;13;13;16m██
████[38;2;13;13;11m██[38;2;2;2;167m█[38;2;3;3;168m█[38;2;0;0;233m█[38;2;0;0;230m█[38;2;0;0;223m█[38;2;0;0;225m█[38;2;0;0;242m██[38;2;0;0;218m█[38;2;0;0;216m█[38;2;0;0;225m█[38;2;0;0;229m█[38;2;0;0;240m█[38;2;0;0;242m█[38;2;0;0;216m█[38;2;0;0;214m█[38;2;0;0;233m█[38;2;0;0;237m█[38;2;3;3;168m██[38;2;13;13;11m██[38;2;13;13;16m████
████[38;2;13;13;11m██[38;2;11;11;37m██[38;2;3;2;175m██[38;2;3;3;165m██[38;2;8;8;81m██[38;2;2;1;186m██[38;2;3;3;160m██[38;2;8;8;84m██[38;2;2;1;189m██[38;2;3;3;160m██[38;2;11;12;30m██[38;2;13;13;11m██[38;2;13;13;16m████
██████[38;2;13;13;11m██████[38;2;13;15;6m██[38;2;13;13;16m██[38;2;13;13;11m██[38;2;13;15;6m██[38;2;13;13;16m██[38;2;13;13;11m████[38;2;13;13;16m██████
██████████████[38;2;13;13;13m██[38;2;13;13;16m████[38;2;13;13;13m██[38;2;13;13;16m██████████
████████████████████████████████