[38;2;13;13;16m████████████[38;2;13;13;9m██[38;2;13;15;4m████[38;2;13;13;9m██[38;2;13;13;16m████████████
██████████[38;2;13;15;6m██[38;2;9;9;66m█[38;2;10;10;67m█[38;2;5;4;147m██[38;2;3;4;150m██[38;2;10;10;69m█[38;2;9;9;68m█[38;2;13;15;6m██[38;2;13;13;16m██████████
████████[38;2;13;15;6m██[38;2;5;5;112m█[38;2;6;6;113m█[38;2;0;0;212m█[38;2;0;0;208m█[38;2;0;0;146m█[38;2;0;0;141m█[38;2;0;0;139m█[38;2;0;0;144m█[38;2;0;0;208m█[38;2;0;0;212m█[38;2;6;6;118m█[38;2;5;5;117m█[38;2;13;15;6m██[38;2;13;13;16m████████
██████[38;2;13;15;6m██[38;2;8;8;81m█[38;2;9;9;82m█[38;2;2;1;192m█[38;2;0;0;181m█[38;2;0;0;19m█[38;2;2;1;33m█[38;2;40;39;26m█[38;2;63;62;49m█[38;2;65;63;51m█[38;2;41;40;27m█[38;2;4;4;31m█[38;2;0;0;15m█[38;2;0;0;178m█[38;2;2;1;189m█[38;2;9;9;88m█[38;2;8;8;87m█[38;2;13;15;6m██[38;2;13;13;16m██████
████[38;2;13;13;13m██[38;2;13;12;22m██[38;2;2;2;176m█[38;2;0;0;174m█[38;2;0;0;27m█[38;2;18;17;56m█[38;2;130;131;119m█[38;2;215;216;204m█[38;2;250;250;250m█[38;2;255;255;255m██[38;2;251;251;251m█[38;2;218;219;209m█[38;2;137;138;127m█[38;2;24;23;58m█[38;2;0;0;22m█[38;2;0;0;175m█[38;2;2;2;179m█[38;2;13;12;26m██[38;2;13;13;13m██[38;2;13;13;16m████
████[38;2;13;15;6m██[38;2;8;6;94m█[38;2;9;8;95m█[38;2;3;3;120m█[38;2;0;0;98m█[38;2;80;81;67m█[38;2;232;233;219m█[38;2;255;255;255m███[38;2;254;254;254m██[38;2;255;255;255m███[38;2;238;239;225m█[38;2;93;94;80m█[38;2;0;0;94m█[38;2;2;2;113m█[38;2;6;8;103m█[38;2;5;6;102m█[38;2;13;15;4m██[38;2;13;13;16m████
████[38;2;13;13;11m██[38;2;5;4;147m█[38;2;4;3;146m█[38;2;0;0;18m█[38;2;95;94;126m█[38;2;255;255;254m█[38;2;255;255;255m█[38;2;253;253;253m████████[38;2;255;255;254m█[38;2;255;255;255m█[38;2;111;111;138m█[38;2;0;0;13m█[38;2;1;2;150m█[38;2;3;4;152m█[38;2;13;13;13m██[38;2;13;13;16m████
██[38;2;13;13;13m██[38;2;11;11;38m██[38;2;6;5;144m█[38;2;0;0;124m█[38;2;55;55;51m█[38;2;253;253;249m█[38;2;255;255;255m█[38;2;253;253;253m██████████[38;2;255;255;255m█[38;2;255;255;252m█[38;2;73;74;66m█[38;2;0;0;118m█[38;2;6;5;140m█[38;2;11;10;42m██[38;2;13;13;11m██[38;2;13;13;16m██
██[38;2;13;13;9m██[38;2;9;9;73m█[38;2;10;10;74m█[38;2;3;4;105m█[38;2;0;0;93m█[38;2;197;198;187m█[38;2;255;255;254m█[38;2;255;255;255m█[38;2;254;254;254m█[38;2;253;253;253m██████████[38;2;255;255;251m█[38;2;215;216;204m█[38;2;0;0;95m█[38;2;1;2;97m█[38;2;9;9;82m█[38;2;8;8;81m█[38;2;13;15;6m██[38;2;13;13;16m██
██[38;2;13;15;6m██[38;2;8;6;100m█[38;2;9;8;101m█[38;2;0;0;60m█[38;2;59;60;127m█[38;2;255;255;252m█[38;2;250;251;240m█[38;2;209;209;209m█[38;2;251;251;251m█[38;2;255;255;255m█[38;2;253;253;253m█████████[38;2;253;254;246m█[38;2;255;255;255m█[38;2;82;82;144m█[38;2;0;0;51m█[38;2;6;8;108m█[38;2;5;6;107m█[38;2;13;15;6m██[38;2;13;13;16m██
██[38;2;13;15;6m██[38;2;5;5;115m█[38;2;6;6;116m█[38;2;0;0;32m█[38;2;137;138;183m█[38;2;255;255;255m█[38;2;173;174;166m█[38;2;0;0;0m█[38;2;60;60;60m█[38;2;197;197;197m█[38;2;255;255;255m██[38;2;252;252;252m█[38;2;255;255;255m██████[38;2;255;255;252m█[38;2;255;255;255m█[38;2;162;161;201m█[38;2;0;0;27m█[38;2;6;6;122m█[38;2;5;5;120m█[38;2;13;15;6m██[38;2;13;13;16m██
██[38;2;13;15;6m██[38;2;5;5;120m██[38;2;0;0;26m█[38;2;183;182;217m█[38;2;255;255;255m█[38;2;226;226;222m█[38;2;70;70;70m█[38;2;0;0;0m██[38;2;97;97;97m█[38;2;228;228;228m█[38;2;255;255;255m█[38;2;240;240;240m█[38;2;181;181;181m█[38;2;176;176;176m█[38;2;178;178;178m██[38;2;176;176;176m█[38;2;231;231;229m█[38;2;255;255;255m█[38;2;203;203;230m█[38;2;0;0;25m█[38;2;2;2;123m█[38;2;5;5;126m█[38;2;13;13;9m██[38;2;13;13;16m██
██[38;2;13;13;9m██[38;2;5;5;123m█[38;2;4;4;122m█[38;2;0;0;25m█[38;2;198;198;228m█[38;2;255;255;255m███[38;2;130;130;130m█[38;2;0;0;0m██[38;2;83;83;83m█[38;2;255;255;255m█[38;2;144;144;144m█[38;2;0;0;0m█████[38;2;103;103;101m█[38;2;255;255;255m█[38;2;216;216;239m█[38;2;4;4;27m█[38;2;2;1;124m█[38;2;6;5;129m█[38;2;13;13;11m██[38;2;13;13;16m██
██[38;2;13;13;9m██[38;2;5;5;123m█[38;2;4;4;122m█[38;2;0;0;25m█[38;2;198;198;228m█[38;2;255;255;255m█[38;2;244;244;239m█[38;2;124;124;124m█[38;2;11;11;11m█[38;2;0;0;0m█[38;2;49;49;49m█[38;2;197;197;197m█[38;2;255;255;255m█[38;2;222;222;222m█[38;2;126;126;126m█[38;2;123;123;123m█[38;2;124;124;124m█[38;2;123;123;123m█[38;2;122;122;122m█[38;2;204;204;202m█[38;2;255;255;255m█[38;2;215;215;238m█[38;2;4;4;27m█[38;2;2;1;124m█[38;2;6;5;129m█[38;2;13;13;11m██[38;2;13;13;16m██
██[38;2;13;13;9m██[38;2;5;5;123m█[38;2;4;4;122m█[38;2;0;0;25m█[38;2;198;198;228m█[38;2;255;255;255m█[38;2;169;169;165m█[38;2;0;0;0m█[38;2;19;19;19m█[38;2;150;150;150m█[38;2;252;252;252m█[38;2;255;255;255m█[38;2;252;252;252m█[38;2;255;255;255m████████[38;2;215;215;238m█[38;2;4;4;27m█[38;2;2;1;124m█[38;2;6;5;129m█[38;2;13;13;11m██[38;2;13;13;16m██
██[38;2;13;13;9m██[38;2;5;5;123m█[38;2;4;4;122m█[38;2;0;0;25m█[38;2;198;198;228m█[38;2;255;255;255m█[38;2;237;237;232m█[38;2;161;161;161m█[38;2;229;229;229m█[38;2;255;255;255m██[38;2;253;253;253m████████[38;2;253;253;251m█[38;2;255;255;255m█[38;2;215;215;238m█[38;2;4;4;27m█[38;2;2;1;124m█[38;2;6;5;129m█[38;2;13;13;11m██[38;2;13;13;16m██
██[38;2;13;13;9m██[38;2;5;5;123m█[38;2;4;4;122m█[38;2;0;0;25m█[38;2;198;198;228m█[38;2;255;255;255m█[38;2;255;255;251m█[38;2;255;255;255m██[38;2;253;253;253m██████████[38;2;253;253;251m█[38;2;255;255;255m█[38;2;215;215;238m█[38;2;4;4;27m█[38;2;2;1;124m█[38;2;6;5;129m█[38;2;13;13;11m██[38;2;13;13;16m██
██[38;2;13;13;9m██[38;2;5;5;123m█[38;2;4;4;122m█[38;2;0;0;26m█[38;2;200;200;229m█[38;2;255;255;255m█[38;2;253;253;249m█[38;2;253;253;253m████████████[38;2;253;253;251m█[38;2;255;255;255m█[38;2;215;215;238m█[38;2;4;4;27m█[38;2;2;1;124m█[38;2;6;5;129m█[38;2;13;13;11m██[38;2;13;13;16m██
██[38;2;13;13;9m██[38;2;5;5;123m█[38;2;4;4;122m█[38;2;0;0;26m█[38;2;200;200;229m█[38;2;255;255;255m█[38;2;253;253;249m█[38;2;253;253;253m████████████[38;2;253;253;251m█[38;2;255;255;255m█[38;2;214;214;237m█[38;2;3;3;26m█[38;2;2;1;124m█[38;2;6;5;129m█[38;2;13;13;11m██[38;2;13;13;16m██
██[38;2;13;13;9m██[38;2;5;5;123m█[38;2;4;4;122m█[38;2;0;0;26m█[38;2;201;201;230m█[38;2;255;255;255m█[38;2;253;253;249m█[38;2;253;253;253m████████████[38;2;253;253;251m█[38;2;255;255;255m█[38;2;214;214;237m█[38;2;3;3;26m█[38;2;1;1;124m█[38;2;5;5;129m█[38;2;13;13;11m██[38;2;13;13;16m██
██[38;2;13;13;9m██[38;2;5;4;125m█[38;2;4;3;124m█[38;2;0;0;27m█[38;2;202;202;231m█[38;2;255;255;255m█[38;2;253;253;249m█[38;2;253;253;253m████████████[38;2;253;253;251m█[38;2;255;255;255m█[38;2;212;212;236m█[38;2;3;3;26m█[38;2;1;1;124m█[38;2;5;5;129m█[38;2;13;13;11m██[38;2;13;13;16m██
██[38;2;13;13;9m██[38;2;5;4;125m█[38;2;4;3;124m█[38;2;0;0;25m█[38;2;202;202;229m█[38;2;255;255;255m█[38;2;253;253;249m█[38;2;253;253;253m████████████[38;2;253;253;251m█[38;2;255;255;255m█[38;2;211;211;237m█[38;2;2;2;27m█[38;2;2;2;125m█[38;2;5;5;129m█[38;2;13;13;9m██[38;2;13;13;16m██
██[38;2;13;13;9m██[38;2;5;4;125m█[38;2;3;2;123m█[38;2;0;0;25m█[38;2;203;203;230m█[38;2;255;255;255m█[38;2;253;253;249m█[38;2;253;253;253m████████████[38;2;253;253;251m█[38;2;255;255;255m█[38;2;211;211;237m█[38;2;2;2;27m█[38;2;2;2;125m█[38;2;5;5;129m█[38;2;13;13;9m██[38;2;13;13;16m██
██[38;2;13;13;9m██[38;2;5;4;125m█[38;2;3;2;123m█[38;2;0;0;26m█[38;2;205;205;232m█[38;2;255;255;255m█[38;2;253;253;251m█[38;2;253;253;253m████████████[38;2;253;253;251m█[38;2;255;255;255m█[38;2;212;212;238m█[38;2;2;2;27m█[38;2;2;2;123m█[38;2;5;5;126m█[38;2;13;13;9m██[38;2;13;13;16m██
██[38;2;13;13;9m██[38;2;5;4;125m█[38;2;4;3;124m█[38;2;0;0;23m█[38;2;193;193;222m█[38;2;255;255;255m█[38;2;253;253;249m█[38;2;253;253;253m█[38;2;255;255;255m██[38;2;254;254;254m█[38;2;253;253;253m███[38;2;255;255;255m██[38;2;253;253;253m███[38;2;253;253;249m█[38;2;255;255;255m█[38;2;200;200;226m█[38;2;0;0;22m█[38;2;3;3;126m█[38;2;5;5;129m█[38;2;13;13;9m██[38;2;13;13;16m██
██[38;2;13;15;6m██[38;2;5;5;120m█[38;2;6;6;122m█[38;2;0;0;39m█[38;2;90;91;141m█[38;2;255;255;255m███[38;2;242;242;242m█[38;2;223;223;223m█[38;2;255;255;255m████[38;2;237;237;237m█[38;2;224;224;224m█[38;2;255;255;255m████[38;2;244;245;237m█[38;2;93;94;141m█[38;2;0;0;38m█[38;2;5;6;124m█[38;2;4;5;123m█[38;2;13;15;6m██[38;2;13;13;16m██
██[38;2;13;15;6m██[38;2;8;6;94m█[38;2;9;8;95m█[38;2;3;3;112m█[38;2;0;0;95m█[38;2;105;104;89m█[38;2;211;210;195m█[38;2;164;164;159m█[38;2;34;34;30m█[38;2;4;4;0m█[38;2;96;96;91m█[38;2;205;205;201m█[38;2;221;221;216m█[38;2;151;151;146m█[38;2;26;26;22m█[38;2;6;6;2m█[38;2;108;108;103m█[38;2;211;211;207m█[38;2;219;219;215m█[38;2;140;139;124m█[38;2;22;20;5m█[38;2;0;0;95m█[38;2;3;3;112m█[38;2;9;8;96m█[38;2;8;6;95m█[38;2;13;15;6m██[38;2;13;13;16m██
██[38;2;13;13;11m██[38;2;11;11;34m██[38;2;2;1;187m█[38;2;0;0;182m█[38;2;0;0;26m█[38;2;0;0;33m█[38;2;0;0;73m█[38;2;0;0;81m█[38;2;0;0;129m█[38;2;0;0;112m█[38;2;0;0;0m█[38;2;6;6;6m█[38;2;0;0;82m█[38;2;0;0;94m█[38;2;0;0;119m█[38;2;0;0;103m█[38;2;2;2;2m█[38;2;5;5;5m█[38;2;0;0;84m█[38;2;0;0;97m█[38;2;0;0;204m█[38;2;0;0;207m█[38;2;11;11;34m██[38;2;13;13;11m██[38;2;13;13;16m██
████[38;2;13;15;6m██[38;2;5;6;108m█[38;2;6;8;109m█[38;2;0;0;230m█[38;2;0;0;226m█[38;2;0;0;209m█[38;2;1;1;211m█[38;2;0;1;202m██[38;2;0;0;216m█[38;2;0;0;215m█[38;2;0;0;208m█[38;2;0;0;209m█[38;2;0;1;204m██[38;2;0;0;216m█[38;2;0;0;215m█[38;2;0;0;217m██[38;2;9;8;98m█[38;2;8;6;97m█[38;2;13;15;6m██[38;2;13;13;16m████
██████[38;2;13;13;11m██[38;2;8;8;81m█[38;2;9;9;82m█[38;2;11;9;55m██[38;2;11;11;32m██[38;2;9;6;108m██[38;2;11;10;47m██[38;2;11;11;37m██[38;2;6;8;109m██[38;2;11;10;47m██[38;2;13;15;6m██[38;2;13;13;16m██████
████████[38;2;13;15;6m██[38;2;13;13;9m██[38;2;13;13;11m██[38;2;13;15;4m██[38;2;13;13;11m████[38;2;13;15;4m██[38;2;13;13;11m██[38;2;13;13;16m████████
████████████████████████████████