[38;2;13;13;16m██████████[38;2;13;13;9m██[38;2;13;12;22m██[38;2;8;8;87m██[38;2;9;6;105m██[38;2;11;10;47m██[38;2;13;15;6m██[38;2;13;13;16m██████████
████████[38;2;13;13;9m██[38;2;11;11;40m██[38;2;2;1;192m██[38;2;0;0;208m█[38;2;0;0;204m█[38;2;0;0;188m█[38;2;0;0;190m█[38;2;0;0;212m█[38;2;0;0;215m█[38;2;6;6;113m█[38;2;5;5;112m█[38;2;13;15;6m██[38;2;13;13;16m████████
██████[38;2;13;13;13m██[38;2;13;13;19m██[38;2;2;1;186m██[38;2;0;0;120m█[38;2;0;0;107m█[38;2;0;0;1m█[38;2;11;11;17m█[38;2;20;20;16m█[38;2;15;15;10m█[38;2;0;0;35m█[38;2;0;0;27m█[38;2;0;0;175m█[38;2;1;0;188m█[38;2;6;8;109m█[38;2;5;6;108m█[38;2;13;15;4m██[38;2;13;13;16m██████
██████[38;2;13;15;4m██[38;2;5;5;115m█[38;2;6;6;116m█[38;2;3;2;143m█[38;2;0;0;122m█[38;2;13;12;0m█[38;2;109;108;95m█[38;2;188;188;183m█[38;2;225;225;221m█[38;2;236;236;236m█[38;2;230;230;230m█[38;2;202;203;193m█[38;2;138;139;129m█[38;2;42;44;59m█[38;2;0;0;5m█[38;2;0;0;173m█[38;2;3;2;185m█[38;2;9;11;53m██[38;2;13;13;9m██[38;2;13;13;16m████
████[38;2;13;13;13m██[38;2;13;12;24m██[38;2;3;3;171m█[38;2;0;0;167m█[38;2;0;0;8m█[38;2;69;69;90m█[38;2;223;223;218m█[38;2;255;255;255m███████[38;2;253;254;243m█[38;2;157;158;146m█[38;2;11;11;76m█[38;2;0;0;56m█[38;2;3;5;147m█[38;2;2;4;146m█[38;2;13;15;6m██[38;2;13;13;16m████
████[38;2;13;13;9m██[38;2;8;9;74m█[38;2;9;10;75m█[38;2;4;4;129m█[38;2;0;0;104m█[38;2;89;90;79m█[38;2;255;255;246m█[38;2;255;255;255m█[38;2;253;253;253m███████[38;2;255;255;255m██[38;2;217;218;210m█[38;2;35;37;28m█[38;2;0;0;133m█[38;2;4;5;153m█[38;2;11;10;47m██[38;2;13;13;11m██[38;2;13;13;16m██
████[38;2;13;15;4m██[38;2;5;5;120m█[38;2;8;8;123m█[38;2;0;0;56m█[38;2;42;42;107m█[38;2;249;250;239m█[38;2;255;255;250m█[38;2;253;253;253m██████████[38;2;255;255;255m█[38;2;221;222;211m█[38;2;15;15;94m█[38;2;0;0;75m█[38;2;6;8;108m█[38;2;5;6;107m█[38;2;13;15;4m██[38;2;13;13;16m██
████[38;2;13;13;13m██[38;2;5;4;141m█[38;2;2;1;138m█[38;2;0;0;13m█[38;2;186;186;207m█[38;2;255;255;255m█[38;2;253;253;251m█[38;2;253;253;253m██████████[38;2;253;253;249m█[38;2;255;255;255m█[38;2;166;166;193m█[38;2;0;0;17m█[38;2;3;2;134m█[38;2;5;4;137m█[38;2;13;13;11m██[38;2;13;13;16m██
██[38;2;13;13;13m██[38;2;13;12;26m██[38;2;5;4;139m█[38;2;0;0;123m█[38;2;54;54;56m█[38;2;255;255;255m█[38;2;254;254;254m█[38;2;253;253;253m████████████[38;2;254;254;254m█[38;2;255;255;255m█[38;2;55;55;58m█[38;2;0;0;123m█[38;2;5;4;139m█[38;2;13;12;26m██[38;2;13;13;13m██
[38;2;13;13;16m██[38;2;13;13;13m██[38;2;11;11;38m██[38;2;5;5;130m█[38;2;0;0;105m█[38;2;130;131;123m█[38;2;255;255;255m█[38;2;253;253;253m██████████████[38;2;255;255;255m█[38;2;145;146;138m█[38;2;0;0;102m█[38;2;5;5;126m█[38;2;11;10;42m██[38;2;13;13;11m██
[38;2;13;13;16m██[38;2;13;13;11m██[38;2;11;10;49m██[38;2;5;5;118m█[38;2;0;0;97m█[38;2;179;180;169m█[38;2;255;255;254m█[38;2;253;253;253m██████████████[38;2;255;255;252m█[38;2;198;200;189m█[38;2;0;0;98m█[38;2;4;4;113m█[38;2;9;10;55m██[38;2;13;13;11m██
[38;2;13;13;16m██[38;2;13;13;11m██[38;2;11;10;53m██[38;2;4;4;113m█[38;2;0;0;98m█[38;2;197;198;188m█[38;2;255;255;252m█[38;2;253;253;253m██████████████[38;2;255;255;250m█[38;2;218;219;209m█[38;2;0;0;101m█[38;2;2;3;104m█[38;2;10;11;62m█[38;2;9;10;61m█[38;2;13;13;9m██
[38;2;13;13;16m██[38;2;13;13;11m██[38;2;9;11;53m██[38;2;4;4;113m█[38;2;0;0;98m█[38;2;198;200;189m█[38;2;255;255;252m█[38;2;253;253;253m██████████████[38;2;255;255;250m█[38;2;221;222;211m█[38;2;0;1;101m█[38;2;2;3;103m█[38;2;10;11;62m█[38;2;9;10;61m█[38;2;13;13;9m██
[38;2;13;13;16m██[38;2;13;13;11m██[38;2;9;11;53m██[38;2;4;4;111m█[38;2;0;0;97m█[38;2;200;201;190m█[38;2;255;255;252m█[38;2;253;253;253m██████████████[38;2;255;255;250m█[38;2;218;219;209m█[38;2;0;0;100m█[38;2;2;3;103m█[38;2;10;11;62m█[38;2;9;10;61m█[38;2;13;13;9m██
[38;2;13;13;16m██[38;2;13;13;11m██[38;2;9;10;55m██[38;2;4;4;111m█[38;2;0;0;98m█[38;2;203;204;194m█[38;2;255;255;252m█[38;2;253;253;253m██████████████[38;2;255;255;250m█[38;2;216;217;207m█[38;2;0;0;100m█[38;2;2;3;104m█[38;2;10;11;61m█[38;2;9;10;60m█[38;2;13;13;9m██
[38;2;13;13;16m██[38;2;13;13;11m██[38;2;9;10;58m█[38;2;10;11;59m█[38;2;3;4;108m█[38;2;0;0;98m█[38;2;209;210;200m█[38;2;255;255;251m█[38;2;253;253;253m██████████████[38;2;255;255;251m█[38;2;210;211;201m█[38;2;0;0;100m█[38;2;3;4;108m█[38;2;10;11;59m█[38;2;9;10;58m█[38;2;13;13;9m██
[38;2;13;13;16m██[38;2;13;13;9m██[38;2;9;10;60m█[38;2;10;11;61m█[38;2;2;3;104m█[38;2;0;0;100m█[38;2;216;217;207m█[38;2;255;255;250m█[38;2;253;253;253m██████████████[38;2;255;255;252m█[38;2;203;204;194m█[38;2;0;0;98m█[38;2;4;4;111m█[38;2;10;11;56m█[38;2;9;10;55m█[38;2;13;13;11m██
[38;2;13;13;16m██[38;2;13;13;9m██[38;2;9;10;63m█[38;2;10;11;65m█[38;2;1;2;102m█[38;2;3;4;104m█[38;2;225;226;216m█[38;2;255;255;249m█[38;2;253;253;253m██████████████[38;2;255;255;253m█[38;2;193;194;183m█[38;2;0;0;97m█[38;2;4;4;113m█[38;2;9;11;51m██[38;2;13;13;11m██
[38;2;13;13;16m██[38;2;13;13;9m██[38;2;9;9;70m█[38;2;10;10;72m█[38;2;0;0;95m█[38;2;12;13;109m█[38;2;235;236;225m█[38;2;255;255;247m█[38;2;253;253;253m██████████████[38;2;255;255;254m█[38;2;178;179;168m█[38;2;0;0;97m█[38;2;5;5;118m█[38;2;11;10;47m██[38;2;13;13;11m██
[38;2;13;13;16m██[38;2;13;13;9m██[38;2;9;9;76m█[38;2;10;10;77m█[38;2;0;0;86m█[38;2;27;26;115m█[38;2;245;246;236m█[38;2;255;255;246m█[38;2;253;253;253m██████████████[38;2;255;255;255m█[38;2;159;160;152m█[38;2;0;0;100m█[38;2;6;6;124m█[38;2;11;10;42m██[38;2;13;13;11m██
[38;2;13;13;16m██[38;2;13;15;6m██[38;2;8;8;83m█[38;2;9;9;84m█[38;2;0;0;74m█[38;2;45;45;124m█[38;2;254;255;245m██[38;2;253;253;253m██████████████[38;2;255;255;255m█[38;2;134;134;130m█[38;2;0;0;104m█[38;2;5;5;129m█[38;2;11;11;37m██[38;2;13;13;13m██
[38;2;13;13;16m██[38;2;13;15;6m██[38;2;8;6;89m█[38;2;9;8;90m█[38;2;0;0;65m█[38;2;67;67;140m█[38;2;255;255;252m█[38;2;253;254;244m█[38;2;253;253;253m██████████████[38;2;255;255;255m█[38;2;110;110;108m█[38;2;0;0;108m█[38;2;6;6;131m█[38;2;11;12;30m██[38;2;13;13;13m██
[38;2;13;13;16m██[38;2;13;15;6m██[38;2;8;6;97m█[38;2;10;9;100m█[38;2;0;0;53m█[38;2;89;89;153m█[38;2;255;255;255m█[38;2;253;254;246m█[38;2;253;253;253m██████████████[38;2;255;255;255m█[38;2;80;80;80m█[38;2;0;0;113m█[38;2;6;6;133m█[38;2;13;12;26m██[38;2;13;13;13m██
[38;2;13;13;16m██[38;2;13;15;4m██[38;2;5;6;104m█[38;2;8;9;107m█[38;2;0;0;63m█[38;2;52;52;123m█[38;2;255;255;253m█[38;2;255;255;254m█[38;2;255;255;255m█[38;2;254;254;254m█[38;2;253;253;253m█[38;2;255;255;255m████[38;2;254;254;254m█[38;2;253;253;253m█[38;2;255;255;255m█████[38;2;228;226;238m█[38;2;17;16;27m█[38;2;0;0;134m█[38;2;5;4;143m█[38;2;13;13;17m██[38;2;13;13;16m██
██[38;2;13;15;6m██[38;2;8;6;95m█[38;2;9;8;96m█[38;2;3;3;112m█[38;2;0;0;102m█[38;2;80;80;59m█[38;2;76;76;55m█[38;2;175;175;173m█[38;2;255;255;255m██[38;2;226;226;226m█[38;2;107;108;97m█[38;2;72;73;62m█[38;2;188;188;186m█[38;2;255;255;255m██[38;2;218;218;218m█[38;2;97;98;88m█[38;2;79;80;69m█[38;2;203;204;194m█[38;2;228;229;218m█[38;2;54;55;107m█[38;2;0;0;42m█[38;2;6;5;144m█[38;2;4;3;141m█[38;2;13;15;6m██[38;2;13;13;16m██
██[38;2;13;13;9m██[38;2;9;11;53m██[38;2;3;2;185m█[38;2;0;0;176m█[38;2;0;0;66m█[38;2;0;0;67m█[38;2;0;0;0m█[38;2;53;53;55m█[38;2;68;69;61m█[38;2;17;18;10m█[38;2;0;0;58m█[38;2;0;0;60m█[38;2;1;1;1m█[38;2;58;58;58m█[38;2;66;66;61m█[38;2;12;12;8m█[38;2;0;0;59m██[38;2;6;6;4m█[38;2;13;13;11m█[38;2;0;0;139m█[38;2;3;4;158m█[38;2;9;8;96m█[38;2;8;6;95m█[38;2;13;15;6m██[38;2;13;13;16m██
████[38;2;13;13;11m██[38;2;1;1;174m█[38;2;2;2;175m█[38;2;0;0;253m█[38;2;0;0;254m█[38;2;0;0;165m█[38;2;0;0;153m█[38;2;0;0;140m█[38;2;0;0;150m█[38;2;0;0;243m█[38;2;0;0;244m█[38;2;0;0;160m█[38;2;0;0;148m█[38;2;0;0;146m█[38;2;0;0;155m█[38;2;0;0;239m██[38;2;0;0;190m█[38;2;0;0;189m█[38;2;0;1;196m██[38;2;13;12;24m██[38;2;13;13;13m██[38;2;13;13;16m██
████[38;2;13;13;9m██[38;2;11;10;51m██[38;2;6;6;119m█[38;2;5;5;118m█[38;2;0;0;209m█[38;2;1;1;210m█[38;2;1;1;211m█[38;2;0;0;210m█[38;2;6;6;119m██[38;2;0;0;210m█[38;2;1;1;211m█[38;2;1;1;210m█[38;2;0;0;209m█[38;2;5;6;124m██[38;2;0;1;198m██[38;2;10;10;72m█[38;2;9;9;70m█[38;2;13;15;6m██[38;2;13;13;16m████
██████[38;2;13;13;11m██[38;2;13;15;4m██[38;2;13;12;27m██[38;2;11;12;30m██[38;2;13;15;4m██[38;2;11;12;30m██[38;2;11;12;27m██[38;2;13;15;6m██[38;2;13;13;17m██[38;2;13;13;11m██[38;2;13;13;16m██████
██████████[38;2;13;13;13m████[38;2;13;13;16m██[38;2;13;13;13m████[38;2;13;13;16m██[38;2;13;13;13m██[38;2;13;13;16m████████
████████████████████████████████
████████████████████████████████