[38;2;13;13;16m████████████████████████████████
████████████[38;2;13;13;11m██[38;2;13;15;4m████[38;2;13;13;11m██[38;2;13;13;16m████████████
██████████[38;2;13;15;6m██[38;2;11;11;40m██[38;2;6;6;113m██[38;2;6;6;118m██[38;2;11;10;47m██[38;2;13;15;6m██[38;2;13;13;16m██████████
████████[38;2;13;15;6m██[38;2;8;8;79m█[38;2;9;9;80m█[38;2;0;0;215m█[38;2;0;0;214m█[38;2;0;0;188m█[38;2;0;0;185m█[38;2;0;0;179m█[38;2;0;0;182m█[38;2;0;0;215m█[38;2;0;0;217m█[38;2;9;8;101m█[38;2;8;6;100m█[38;2;13;15;6m██[38;2;13;13;16m████████
██████[38;2;13;13;9m██[38;2;9;10;55m██[38;2;1;2;205m█[38;2;0;0;201m█[38;2;0;0;62m█[38;2;0;0;59m█[38;2;10;10;5m█[38;2;27;27;23m█[38;2;31;32;24m█[38;2;16;17;9m█[38;2;0;0;42m█[38;2;0;0;39m█[38;2;0;0;194m█[38;2;0;1;202m█[38;2;9;9;80m█[38;2;8;8;79m█[38;2;13;15;6m██[38;2;13;13;16m██████
██████[38;2;13;13;11m██[38;2;3;3;168m██[38;2;0;0;69m█[38;2;0;0;66m█[38;2;76;75;60m█[38;2;172;171;155m█[38;2;223;223;223m█[38;2;243;243;243m█[38;2;244;244;244m█[38;2;231;231;231m█[38;2;190;192;178m█[38;2;107;108;94m█[38;2;8;9;54m█[38;2;0;0;34m█[38;2;0;0;181m█[38;2;2;1;183m█[38;2;13;12;24m██[38;2;13;13;13m██[38;2;13;13;16m████
████[38;2;13;13;9m██[38;2;8;9;73m██[38;2;3;4;150m█[38;2;0;0;129m█[38;2;30;31;19m█[38;2;186;187;175m█[38;2;255;255;255m████████[38;2;224;223;210m█[38;2;76;75;62m█[38;2;0;0;101m█[38;2;3;2;123m█[38;2;6;8;103m█[38;2;5;6;102m█[38;2;13;15;4m██[38;2;13;13;16m████
████[38;2;13;15;6m██[38;2;4;3;138m█[38;2;6;5;140m█[38;2;0;0;47m█[38;2;37;37;94m█[38;2;229;230;222m█[38;2;255;255;255m█[38;2;254;254;254m█[38;2;253;253;253m███████[38;2;255;255;255m█[38;2;255;255;254m█[38;2;103;103;130m█[38;2;0;0;13m█[38;2;1;2;153m█[38;2;3;4;155m█[38;2;13;13;13m██[38;2;13;13;16m████
██[38;2;13;13;13m██[38;2;13;12;26m██[38;2;3;4;152m█[38;2;0;0;141m█[38;2;15;15;18m█[38;2;218;218;222m█[38;2;255;255;255m█[38;2;253;253;251m█[38;2;253;253;253m█████████[38;2;255;255;255m█[38;2;255;255;252m█[38;2;75;76;68m█[38;2;0;0;119m█[38;2;5;4;141m█[38;2;11;10;47m██[38;2;13;13;11m██[38;2;13;13;16m██
██[38;2;13;13;11m██[38;2;9;10;58m██[38;2;5;4;125m█[38;2;0;0;101m█[38;2;145;146;136m█[38;2;255;255;255m█[38;2;253;253;253m████████████[38;2;255;255;251m█[38;2;222;223;211m█[38;2;5;4;97m█[38;2;1;0;93m█[38;2;9;9;88m█[38;2;8;8;87m█[38;2;13;15;6m██[38;2;13;13;16m██
██[38;2;13;15;6m██[38;2;8;8;84m█[38;2;9;9;86m█[38;2;0;0;84m█[38;2;20;19;107m█[38;2;243;244;233m██[38;2;255;255;255m██[38;2;253;253;253m██████████[38;2;253;254;246m█[38;2;255;255;255m█[38;2;100;101;154m█[38;2;0;0;42m█[38;2;6;6;113m█[38;2;5;5;112m█[38;2;13;15;6m██[38;2;13;13;16m██
██[38;2;13;15;6m██[38;2;5;6;104m█[38;2;6;8;105m█[38;2;0;0;51m█[38;2;98;98;160m█[38;2;211;212;204m█[38;2;11;12;4m█[38;2;88;88;88m█[38;2;222;222;222m█[38;2;255;255;255m██[38;2;253;253;253m█[38;2;254;254;254m█[38;2;255;255;255m██████[38;2;253;253;249m█[38;2;255;255;255m█[38;2;185;183;216m█[38;2;0;0;24m█[38;2;4;4;125m██[38;2;13;13;9m██[38;2;13;13;16m██
██[38;2;13;15;6m██[38;2;5;5;115m█[38;2;6;6;116m█[38;2;0;0;32m█[38;2;148;150;195m█[38;2;233;233;229m█[38;2;41;41;37m█[38;2;0;0;0m█[38;2;10;10;10m█[38;2;129;129;129m█[38;2;243;243;243m█[38;2;255;255;255m█[38;2;252;252;252m█[38;2;218;218;218m█[38;2;212;212;212m████[38;2;244;244;244m█[38;2;254;254;252m█[38;2;255;255;255m█[38;2;224;225;243m█[38;2;10;11;28m█[38;2;0;0;124m█[38;2;5;5;130m█[38;2;13;13;11m██[38;2;13;13;16m██
██[38;2;13;15;6m██[38;2;5;5;117m█[38;2;6;6;118m█[38;2;0;0;27m█[38;2;166;165;204m█[38;2;255;255;255m██[38;2;129;129;129m█[38;2;0;0;0m██[38;2;79;79;79m█[38;2;255;255;255m█[38;2;171;171;171m█[38;2;0;0;0m█████[38;2;97;97;97m█[38;2;255;255;255m█[38;2;255;255;254m█[38;2;237;238;252m█[38;2;22;23;37m█[38;2;0;0;124m█[38;2;5;5;132m█[38;2;13;13;13m██[38;2;13;13;16m██
██[38;2;13;15;6m██[38;2;5;5;117m██[38;2;0;0;28m█[38;2;169;168;208m█[38;2;255;255;255m█[38;2;178;178;173m█[38;2;48;48;48m█[38;2;0;0;0m█[38;2;11;11;11m█[38;2;154;154;154m█[38;2;255;255;255m█[38;2;211;211;211m█[38;2;83;83;83m█[38;2;79;79;79m█[38;2;80;80;80m██[38;2;74;74;74m█[38;2;166;166;166m█[38;2;255;255;255m█[38;2;255;255;254m█[38;2;237;238;252m█[38;2;23;24;38m█[38;2;0;0;124m█[38;2;5;5;132m█[38;2;13;13;13m██[38;2;13;13;16m██
██[38;2;13;15;6m██[38;2;5;5;117m██[38;2;0;0;28m█[38;2;179;178;217m█[38;2;200;200;195m█[38;2;0;0;0m██[38;2;98;98;98m█[38;2;226;226;226m█[38;2;255;255;255m█[38;2;252;252;252m█[38;2;255;255;255m███████[38;2;253;253;251m█[38;2;255;255;254m█[38;2;236;237;251m█[38;2;22;23;37m█[38;2;0;0;124m█[38;2;5;5;132m█[38;2;13;13;13m██[38;2;13;13;16m██
██[38;2;13;15;6m██[38;2;5;5;117m██[38;2;0;0;28m█[38;2;174;173;212m█[38;2;240;240;236m█[38;2;117;117;112m█[38;2;193;193;193m█[38;2;255;255;255m██[38;2;253;253;253m█████████[38;2;253;253;251m█[38;2;255;255;254m█[38;2;236;237;252m█[38;2;20;22;37m█[38;2;0;0;124m█[38;2;5;5;132m█[38;2;13;13;13m██[38;2;13;13;16m██
██[38;2;13;15;6m██[38;2;5;5;118m██[38;2;0;0;26m█[38;2;173;172;209m█[38;2;255;255;255m███[38;2;253;253;253m███████████[38;2;253;253;251m█[38;2;255;255;254m█[38;2;233;235;250m█[38;2;19;20;35m█[38;2;0;0;122m█[38;2;5;5;130m█[38;2;13;13;13m██[38;2;13;13;16m██
██[38;2;13;15;6m██[38;2;5;5;118m██[38;2;0;0;26m█[38;2;175;174;211m█[38;2;255;255;255m█[38;2;253;253;249m█[38;2;253;253;253m████████████[38;2;253;253;251m█[38;2;255;255;254m█[38;2;232;233;249m█[38;2;17;18;33m█[38;2;0;0;122m█[38;2;5;5;130m█[38;2;13;13;13m██[38;2;13;13;16m██
██[38;2;13;15;6m██[38;2;5;5;118m██[38;2;0;0;27m█[38;2;179;178;215m█[38;2;255;255;255m█[38;2;253;253;249m█[38;2;253;253;253m████████████[38;2;253;253;251m█[38;2;255;255;254m█[38;2;230;231;246m█[38;2;16;17;32m█[38;2;0;0;123m█[38;2;5;5;130m█[38;2;13;13;13m██[38;2;13;13;16m██
██[38;2;13;15;6m██[38;2;5;5;120m██[38;2;0;0;25m█[38;2;182;181;216m█[38;2;255;255;255m█[38;2;253;253;249m█[38;2;253;253;253m████████████[38;2;253;253;251m█[38;2;255;255;255m█[38;2;228;229;246m█[38;2;13;15;32m█[38;2;0;0;123m█[38;2;5;5;130m█[38;2;13;13;11m██[38;2;13;13;16m██
██[38;2;13;13;9m██[38;2;4;5;120m██[38;2;0;0;24m█[38;2;187;186;218m█[38;2;255;255;255m█[38;2;253;253;249m█[38;2;253;253;253m████████████[38;2;253;253;251m█[38;2;255;255;255m█[38;2;225;226;244m█[38;2;11;12;30m█[38;2;0;0;124m█[38;2;5;5;130m█[38;2;13;13;11m██[38;2;13;13;16m██
██[38;2;13;13;9m██[38;2;5;5;120m█[38;2;4;4;119m█[38;2;0;0;25m█[38;2;190;189;222m█[38;2;255;255;255m█[38;2;253;253;249m█[38;2;253;253;253m████████████[38;2;253;253;251m█[38;2;255;255;255m█[38;2;222;222;243m█[38;2;9;9;30m█[38;2;0;0;124m█[38;2;5;5;130m█[38;2;13;13;11m██[38;2;13;13;16m██
██[38;2;13;13;9m██[38;2;4;5;123m█[38;2;3;4;122m█[38;2;0;0;24m█[38;2;196;196;225m█[38;2;255;255;255m█[38;2;253;253;249m█[38;2;253;253;253m████████████[38;2;253;253;251m█[38;2;255;255;255m█[38;2;221;221;242m█[38;2;6;6;27m█[38;2;0;0;123m█[38;2;5;5;129m█[38;2;13;13;11m██[38;2;13;13;16m██
██[38;2;13;15;6m██[38;2;5;5;123m██[38;2;0;0;24m█[38;2;179;178;212m█[38;2;255;255;255m█[38;2;255;255;251m█[38;2;255;255;255m██[38;2;253;253;253m███[38;2;255;255;255m███[38;2;253;253;253m███[38;2;255;255;255m███[38;2;201;201;226m█[38;2;0;0;22m█[38;2;3;3;126m█[38;2;4;4;127m█[38;2;13;13;9m██[38;2;13;13;16m██
██[38;2;13;15;6m██[38;2;5;5;112m█[38;2;6;6;113m█[38;2;0;0;47m█[38;2;66;66;123m█[38;2;255;255;253m█[38;2;251;252;244m█[38;2;196;196;194m█[38;2;231;231;229m█[38;2;255;255;255m███[38;2;243;243;243m█[38;2;194;194;192m█[38;2;236;236;233m█[38;2;255;255;255m███[38;2;238;238;238m█[38;2;197;198;188m█[38;2;242;243;232m█[38;2;87;88;138m█[38;2;0;0;40m█[38;2;6;6;119m█[38;2;5;5;118m█[38;2;13;15;6m██[38;2;13;13;16m██
██[38;2;13;15;6m██[38;2;9;9;76m█[38;2;10;10;77m█[38;2;4;3;124m█[38;2;0;0;105m█[38;2;75;74;59m█[38;2;62;61;46m█[38;2;0;0;0m█[38;2;24;24;26m█[38;2;144;145;137m█[38;2;200;201;193m█[38;2;162;162;158m█[38;2;44;44;39m█[38;2;0;0;0m█[38;2;32;32;34m█[38;2;154;155;147m█[38;2;201;202;194m█[38;2;155;155;151m█[38;2;34;34;30m█[38;2;0;0;0m█[38;2;23;24;13m█[38;2;0;0;104m█[38;2;4;4;117m█[38;2;9;9;84m█[38;2;8;8;83m█[38;2;13;15;6m██[38;2;13;13;16m██
██[38;2;13;13;13m██[38;2;13;12;22m██[38;2;3;2;173m█[38;2;1;0;171m█[38;2;0;0;107m█[38;2;0;0;109m█[38;2;1;0;173m█[38;2;0;0;164m█[38;2;0;0;19m█[38;2;0;0;25m█[38;2;0;0;73m█[38;2;0;0;81m█[38;2;1;0;173m█[38;2;0;0;162m█[38;2;0;0;16m█[38;2;0;0;20m█[38;2;0;0;77m█[38;2;0;0;87m█[38;2;0;0;183m█[38;2;0;0;174m█[38;2;0;0;169m█[38;2;3;2;173m█[38;2;13;12;24m██[38;2;13;13;13m██[38;2;13;13;16m██
████[38;2;13;15;6m██[38;2;9;9;73m█[38;2;10;10;74m█[38;2;2;0;194m██[38;2;5;3;150m██[38;2;0;0;219m█[38;2;0;0;217m█[38;2;1;0;193m█[38;2;2;0;194m█[38;2;5;3;152m██[38;2;0;0;219m█[38;2;0;0;217m█[38;2;2;1;192m██[38;2;3;4;153m██[38;2;10;10;77m█[38;2;9;9;76m█[38;2;13;15;6m██[38;2;13;13;16m████
██████[38;2;13;13;11m██[38;2;13;13;17m██[38;2;13;13;9m██[38;2;11;10;47m██[38;2;13;12;30m██[38;2;13;13;9m██[38;2;11;10;51m██[38;2;13;12;30m██[38;2;13;15;6m██[38;2;13;13;11m██[38;2;13;13;16m██████
████████[38;2;13;13;13m██[38;2;13;13;16m██[38;2;13;13;11m██[38;2;13;13;13m██[38;2;13;13;16m██[38;2;13;13;9m██[38;2;13;13;13m██[38;2;13;13;16m██████████
████████████████████████████████