[38;2;13;13;16m██████████[38;2;13;15;6m██[38;2;11;11;34m██[38;2;8;6;97m█[38;2;9;8;98m█[38;2;9;8;96m█[38;2;8;6;95m█[38;2;11;11;34m██[38;2;13;15;6m██[38;2;13;13;16m██████████
████████[38;2;13;15;6m██[38;2;9;9;74m█[38;2;10;10;75m█[38;2;0;0;210m█[38;2;0;0;209m█[38;2;0;0;197m█[38;2;0;0;195m██[38;2;0;0;197m█[38;2;0;0;208m█[38;2;0;0;209m█[38;2;10;10;75m█[38;2;9;9;74m█[38;2;13;15;6m██[38;2;13;13;16m████████
██████[38;2;13;13;9m██[38;2;9;10;55m██[38;2;0;1;204m█[38;2;0;0;200m█[38;2;0;0;66m█[38;2;0;0;62m█[38;2;5;5;5m█[38;2;19;19;19m██[38;2;5;5;5m█[38;2;0;0;62m█[38;2;0;0;66m█[38;2;0;0;200m█[38;2;1;2;205m█[38;2;9;10;55m██[38;2;13;13;9m██[38;2;13;13;16m██████
██████[38;2;13;13;13m██[38;2;3;2;173m██[38;2;0;0;63m█[38;2;0;0;62m█[38;2;76;75;60m█[38;2;167;166;151m█[38;2;216;216;214m█[38;2;235;235;232m██[38;2;216;216;214m█[38;2;166;165;150m█[38;2;76;75;60m█[38;2;0;0;62m█[38;2;0;0;63m█[38;2;3;2;173m██[38;2;13;13;13m██[38;2;13;13;16m██████
████[38;2;13;15;6m██[38;2;8;8;81m█[38;2;9;9;82m█[38;2;5;4;145m█[38;2;0;0;122m█[38;2;39;40;28m█[38;2;193;194;182m█[38;2;255;255;255m████████[38;2;192;193;181m█[38;2;39;40;28m█[38;2;0;0;122m█[38;2;5;4;145m█[38;2;9;9;82m█[38;2;8;8;81m█[38;2;13;15;6m██[38;2;13;13;16m████
████[38;2;13;13;9m██[38;2;4;3;144m█[38;2;5;4;145m█[38;2;0;0;34m█[38;2;54;55;101m█[38;2;239;240;232m█[38;2;255;255;255m█[38;2;253;253;253m████████[38;2;255;255;255m█[38;2;239;240;232m█[38;2;55;56;102m█[38;2;0;0;34m█[38;2;5;4;145m█[38;2;4;3;144m█[38;2;13;13;9m██[38;2;13;13;16m████
██[38;2;13;13;13m██[38;2;11;11;32m██[38;2;6;5;148m█[38;2;0;0;132m█[38;2;32;32;32m█[38;2;236;236;236m█[38;2;255;255;255m█[38;2;253;253;253m██████████[38;2;255;255;255m█[38;2;236;236;236m█[38;2;32;32;32m█[38;2;0;0;134m█[38;2;6;4;151m█[38;2;11;11;32m██[38;2;13;13;13m██[38;2;13;13;16m██
██[38;2;13;13;9m██[38;2;9;9;68m█[38;2;10;10;69m█[38;2;4;4;113m█[38;2;0;0;95m█[38;2;178;179;167m█[38;2;255;255;255m██[38;2;253;253;253m███████████[38;2;255;255;255m█[38;2;178;179;167m█[38;2;0;0;95m█[38;2;4;4;113m█[38;2;10;10;69m█[38;2;9;9;68m█[38;2;13;13;9m██[38;2;13;13;16m██
██[38;2;13;15;6m██[38;2;8;6;97m█[38;2;9;8;98m█[38;2;0;0;66m█[38;2;48;48;122m█[38;2;255;255;247m██[38;2;246;246;246m█[38;2;255;255;255m██[38;2;253;253;253m█████████[38;2;254;255;245m█[38;2;255;255;247m█[38;2;48;48;122m█[38;2;0;0;66m█[38;2;9;8;98m█[38;2;8;6;97m█[38;2;13;15;6m██[38;2;13;13;16m██
██[38;2;13;15;6m██[38;2;5;5;115m█[38;2;6;6;116m█[38;2;0;0;34m█[38;2;132;133;181m█[38;2;255;255;255m█[38;2;186;187;179m█[38;2;20;20;20m█[38;2;117;117;117m█[38;2;239;239;239m█[38;2;255;255;255m█[38;2;254;254;254m█[38;2;253;253;253m█[38;2;254;254;254m█[38;2;255;255;255m█████[38;2;254;255;247m█[38;2;255;255;255m█[38;2;132;133;181m█[38;2;0;0;34m█[38;2;6;6;116m█[38;2;5;5;115m█[38;2;13;15;6m██[38;2;13;13;16m██
██[38;2;13;13;9m██[38;2;5;5;123m██[38;2;0;0;24m█[38;2;187;186;218m█[38;2;255;255;255m█[38;2;201;201;196m█[38;2;16;16;16m█[38;2;0;0;0m█[38;2;28;28;28m█[38;2;158;158;158m█[38;2;252;252;252m█[38;2;255;255;255m█[38;2;253;253;253m█[38;2;228;228;228m█[38;2;224;224;224m███[38;2;225;225;225m█[38;2;251;251;246m█[38;2;255;255;255m█[38;2;187;186;218m█[38;2;0;0;24m█[38;2;4;5;123m██[38;2;13;13;9m██[38;2;13;13;16m██
██[38;2;13;13;9m██[38;2;4;4;125m█[38;2;2;2;123m█[38;2;0;0;26m█[38;2;207;207;233m█[38;2;255;255;255m██[38;2;246;246;246m█[38;2;103;103;103m█[38;2;0;0;0m██[38;2;108;108;108m█[38;2;255;255;255m█[38;2;155;155;155m█[38;2;0;0;0m█[38;2;1;1;1m███[38;2;0;0;0m█[38;2;126;126;124m█[38;2;255;255;255m█[38;2;207;207;233m█[38;2;0;0;26m█[38;2;2;2;123m█[38;2;5;5;126m█[38;2;13;13;9m██[38;2;13;13;16m██
██[38;2;13;13;9m██[38;2;4;4;125m█[38;2;2;2;123m█[38;2;0;0;25m█[38;2;208;208;233m█[38;2;255;255;255m█[38;2;255;255;253m█[38;2;182;182;182m█[38;2;51;51;51m█[38;2;0;0;0m█[38;2;9;9;9m█[38;2;158;158;158m█[38;2;255;255;255m█[38;2;190;190;190m█[38;2;61;61;61m█[38;2;62;62;62m█[38;2;63;63;63m█[38;2;62;62;62m█[38;2;58;58;58m█[38;2;171;171;168m█[38;2;255;255;255m█[38;2;208;208;233m█[38;2;0;0;25m█[38;2;2;2;123m█[38;2;5;5;126m█[38;2;13;13;9m██[38;2;13;13;16m██
██[38;2;13;13;9m██[38;2;4;4;125m█[38;2;2;2;123m█[38;2;0;0;25m█[38;2;208;208;233m█[38;2;255;255;255m█[38;2;173;173;171m█[38;2;0;0;0m██[38;2;94;94;94m█[38;2;223;223;223m█[38;2;255;255;255m█[38;2;252;252;252m█[38;2;255;255;255m████████[38;2;208;208;233m█[38;2;0;0;25m█[38;2;2;2;123m█[38;2;4;4;125m█[38;2;13;13;9m██[38;2;13;13;16m██
██[38;2;13;13;9m██[38;2;4;4;125m█[38;2;2;2;123m█[38;2;0;0;25m█[38;2;208;208;233m█[38;2;255;255;255m█[38;2;215;215;212m█[38;2;97;97;97m█[38;2;189;189;189m█[38;2;255;255;255m██[38;2;253;253;253m████[38;2;254;254;254m███[38;2;253;253;253m█[38;2;253;253;251m█[38;2;255;255;255m█[38;2;208;208;233m█[38;2;0;0;25m█[38;2;2;2;123m█[38;2;4;4;125m█[38;2;13;13;9m██[38;2;13;13;16m██
██[38;2;13;13;9m██[38;2;4;4;125m█[38;2;2;2;123m█[38;2;0;0;25m█[38;2;208;208;233m█[38;2;255;255;255m█[38;2;255;255;254m█[38;2;255;255;255m██[38;2;253;253;253m██████████[38;2;253;253;251m█[38;2;255;255;255m█[38;2;208;208;233m█[38;2;0;0;25m█[38;2;2;2;123m█[38;2;4;4;125m█[38;2;13;13;9m██[38;2;13;13;16m██
██[38;2;13;13;9m██[38;2;4;4;125m█[38;2;2;2;123m█[38;2;0;0;25m█[38;2;208;208;233m█[38;2;255;255;255m█[38;2;253;253;251m█[38;2;253;253;253m████████████[38;2;253;253;251m█[38;2;255;255;255m█[38;2;208;208;233m█[38;2;0;0;25m█[38;2;2;2;123m█[38;2;4;4;125m█[38;2;13;13;9m██[38;2;13;13;16m██
██[38;2;13;13;9m██[38;2;4;4;125m█[38;2;2;2;123m█[38;2;0;0;25m█[38;2;208;208;233m█[38;2;255;255;255m█[38;2;253;253;251m█[38;2;253;253;253m████████████[38;2;253;253;251m█[38;2;255;255;255m█[38;2;208;208;233m█[38;2;0;0;25m█[38;2;2;2;123m█[38;2;4;4;125m█[38;2;13;13;9m██[38;2;13;13;16m██
██[38;2;13;13;9m██[38;2;4;4;125m█[38;2;2;2;123m█[38;2;0;0;25m█[38;2;208;208;233m█[38;2;255;255;255m█[38;2;253;253;251m█[38;2;253;253;253m████████████[38;2;253;253;251m█[38;2;255;255;255m█[38;2;208;208;233m█[38;2;0;0;25m█[38;2;2;2;123m█[38;2;4;4;125m█[38;2;13;13;9m██[38;2;13;13;16m██
██[38;2;13;13;9m██[38;2;4;4;125m█[38;2;2;2;123m█[38;2;0;0;25m█[38;2;208;208;233m█[38;2;255;255;255m█[38;2;253;253;251m█[38;2;253;253;253m████████████[38;2;253;253;251m█[38;2;255;255;255m█[38;2;208;208;233m█[38;2;0;0;25m█[38;2;2;2;123m█[38;2;4;4;125m█[38;2;13;13;9m██[38;2;13;13;16m██
██[38;2;13;13;9m██[38;2;4;4;125m█[38;2;2;2;123m█[38;2;0;0;25m█[38;2;208;208;233m█[38;2;255;255;255m█[38;2;253;253;251m█[38;2;253;253;253m████████████[38;2;253;253;251m█[38;2;255;255;255m█[38;2;208;208;233m█[38;2;0;0;25m█[38;2;2;2;123m█[38;2;4;4;125m█[38;2;13;13;9m██[38;2;13;13;16m██
██[38;2;13;13;9m██[38;2;5;4;125m█[38;2;3;2;123m█[38;2;1;1;26m█[38;2;208;208;233m█[38;2;255;255;255m█[38;2;253;253;251m█[38;2;253;253;253m████████████[38;2;253;253;251m█[38;2;255;255;255m█[38;2;208;208;233m█[38;2;1;1;26m█[38;2;2;2;123m█[38;2;4;4;125m█[38;2;13;13;9m██[38;2;13;13;16m██
██[38;2;13;13;9m██[38;2;4;4;125m█[38;2;2;2;123m█[38;2;0;0;24m█[38;2;205;205;232m█[38;2;255;255;255m█[38;2;253;253;251m█[38;2;253;253;253m████████████[38;2;253;253;251m█[38;2;255;255;255m█[38;2;207;207;232m█[38;2;0;0;24m█[38;2;2;2;125m█[38;2;4;4;127m█[38;2;13;13;9m██[38;2;13;13;16m██
██[38;2;13;15;6m██[38;2;4;4;129m█[38;2;5;5;130m█[38;2;0;0;27m█[38;2;143;141;181m█[38;2;255;255;255m█[38;2;254;254;250m█[38;2;253;253;253m█[38;2;255;255;255m████[38;2;253;253;253m██[38;2;255;255;255m████[38;2;253;253;253m█[38;2;254;254;250m█[38;2;255;255;255m█[38;2;146;145;185m█[38;2;0;0;27m█[38;2;5;5;130m█[38;2;4;4;129m█[38;2;13;15;6m██[38;2;13;13;16m██
██[38;2;13;15;4m██[38;2;5;5;118m█[38;2;8;8;120m█[38;2;0;0;80m█[38;2;9;8;90m█[38;2;186;187;175m█[38;2;255;255;250m█[38;2;255;255;255m█[38;2;215;215;215m█[38;2;91;93;82m█[38;2;83;84;74m█[38;2;204;204;204m█[38;2;255;255;255m██[38;2;204;204;204m█[38;2;82;83;73m█[38;2;90;91;81m█[38;2;215;215;215m█[38;2;255;255;255m█[38;2;255;255;250m█[38;2;189;190;179m█[38;2;10;10;89m█[38;2;0;0;77m█[38;2;8;8;123m█[38;2;5;5;120m█[38;2;13;15;4m██[38;2;13;13;16m██
██[38;2;13;13;9m██[38;2;9;9;73m█[38;2;10;10;74m█[38;2;3;3;176m█[38;2;0;0;162m█[38;2;0;0;0m█[38;2;56;56;52m█[38;2;65;65;60m█[38;2;11;11;6m█[38;2;0;0;59m██[38;2;6;6;4m█[38;2;61;61;59m█[38;2;62;62;60m█[38;2;5;5;3m█[38;2;0;0;61m██[38;2;11;11;6m█[38;2;66;66;61m█[38;2;58;59;51m█[38;2;1;2;0m█[38;2;0;0;161m█[38;2;3;3;176m█[38;2;9;9;74m██[38;2;13;13;9m██[38;2;13;13;16m██
██[38;2;13;13;13m██[38;2;13;13;16m██[38;2;2;1;189m█[38;2;3;2;190m█[38;2;0;0;171m█[38;2;0;0;160m█[38;2;0;0;141m█[38;2;0;0;151m█[38;2;0;0;244m██[38;2;0;0;159m█[38;2;0;0;148m██[38;2;0;0;159m█[38;2;0;0;244m██[38;2;0;0;153m█[38;2;0;0;144m█[38;2;0;0;160m█[38;2;0;0;171m█[38;2;3;2;193m█[38;2;2;1;192m█[38;2;13;13;17m██[38;2;13;13;13m██[38;2;13;13;16m██
████[38;2;13;13;9m██[38;2;9;10;58m██[38;2;0;0;210m█[38;2;1;1;211m█[38;2;1;1;216m█[38;2;0;0;215m█[38;2;6;6;119m█[38;2;5;5;118m█[38;2;0;0;209m█[38;2;1;1;210m██[38;2;0;0;209m█[38;2;6;6;119m█[38;2;5;5;118m█[38;2;0;0;212m█[38;2;1;1;214m██[38;2;0;0;212m█[38;2;9;10;60m██[38;2;13;13;9m██[38;2;13;13;16m████
██████[38;2;13;13;9m██[38;2;13;12;26m██[38;2;11;12;30m██[38;2;13;15;4m██[38;2;11;12;27m████[38;2;13;15;4m██[38;2;13;12;30m██[38;2;13;12;27m██[38;2;13;13;9m██[38;2;13;13;16m██████
████████[38;2;13;13;13m████[38;2;13;13;16m██[38;2;13;13;13m████[38;2;13;13;16m██[38;2;13;13;13m████[38;2;13;13;16m████████
████████████████████████████████
████████████████████████████████