[38;2;13;13;16m██████████████[38;2;13;13;13m████[38;2;13;13;16m██████████████
██████████[38;2;13;13;13m██[38;2;13;15;6m██[38;2;13;12;26m████[38;2;13;15;6m██[38;2;13;13;13m██[38;2;13;13;16m██████████
████████[38;2;13;13;11m██[38;2;13;12;24m██[38;2;5;4;143m██[38;2;0;0;210m████[38;2;5;4;145m██[38;2;13;12;24m██[38;2;13;13;11m██[38;2;13;13;16m████████
██████[38;2;13;13;13m██[38;2;13;13;19m██[38;2;2;2;176m██[38;2;0;0;162m█[38;2;0;0;151m█[38;2;0;0;47m████[38;2;0;0;151m█[38;2;0;0;162m█[38;2;2;2;176m██[38;2;13;13;19m██[38;2;13;13;13m██[38;2;13;13;16m██████
██████[38;2;13;15;4m██[38;2;4;4;131m█[38;2;6;6;133m█[38;2;1;0;138m█[38;2;0;0;119m█[38;2;6;8;0m█[38;2;69;70;60m█[38;2;126;127;117m█[38;2;155;157;146m██[38;2;126;127;117m█[38;2;68;69;59m█[38;2;8;9;0m█[38;2;0;0;118m█[38;2;1;0;137m█[38;2;6;6;133m█[38;2;4;4;131m█[38;2;13;15;4m██[38;2;13;13;16m██████
████[38;2;13;13;11m██[38;2;11;10;47m██[38;2;4;4;172m█[38;2;0;0;159m█[38;2;0;0;0m█[38;2;100;100;102m█[38;2;218;218;216m█[38;2;255;255;255m██████[38;2;218;218;216m█[38;2;100;100;102m█[38;2;0;0;0m█[38;2;0;0;159m█[38;2;4;4;172m█[38;2;11;10;49m██[38;2;13;13;11m██[38;2;13;13;16m████
████[38;2;13;15;4m██[38;2;5;5;123m█[38;2;8;8;125m█[38;2;0;0;75m█[38;2;1;1;80m█[38;2;172;173;161m█[38;2;255;255;255m██[38;2;253;253;253m██████[38;2;255;255;255m██[38;2;172;173;161m█[38;2;1;1;80m█[38;2;0;0;75m█[38;2;8;8;125m█[38;2;5;5;123m█[38;2;13;15;4m██[38;2;13;13;16m████
██[38;2;13;13;13m██[38;2;13;13;19m██[38;2;3;4;152m█[38;2;0;0;145m█[38;2;0;0;9m█[38;2;179;178;189m█[38;2;255;255;255m█[38;2;253;253;251m█[38;2;253;253;253m████████[38;2;253;253;251m█[38;2;255;255;255m█[38;2;179;178;189m█[38;2;0;0;9m█[38;2;0;0;145m█[38;2;3;4;152m█[38;2;13;13;19m██[38;2;13;13;13m██[38;2;13;13;16m██
██[38;2;13;13;11m██[38;2;11;10;53m██[38;2;6;5;130m█[38;2;0;0;104m█[38;2;122;123;112m█[38;2;255;255;255m█[38;2;253;253;253m████████████[38;2;255;255;255m█[38;2;122;123;112m█[38;2;0;0;104m█[38;2;5;5;130m█[38;2;9;11;53m██[38;2;13;13;11m██[38;2;13;13;16m██
██[38;2;13;15;6m██[38;2;8;8;87m█[38;2;9;9;88m█[38;2;0;0;84m█[38;2;18;17;104m█[38;2;238;239;229m█[38;2;255;255;247m█[38;2;255;255;255m████[38;2;254;254;254m█[38;2;253;253;253m███[38;2;255;255;255m████[38;2;255;255;249m█[38;2;238;239;229m█[38;2;18;17;104m█[38;2;0;0;84m█[38;2;9;9;88m█[38;2;8;8;87m█[38;2;13;15;6m██[38;2;13;13;16m██
██[38;2;13;15;6m██[38;2;5;6;108m█[38;2;6;8;109m█[38;2;0;0;41m█[38;2;103;104;158m█[38;2;255;255;255m█[38;2;255;255;253m█[38;2;235;235;235m█[38;2;147;147;147m█[38;2;120;120;120m█[38;2;172;172;172m█[38;2;254;254;254m█[38;2;255;255;255m█[38;2;254;254;254m█[38;2;255;255;255m█[38;2;188;188;188m█[38;2;124;124;124m█[38;2;137;137;137m█[38;2;222;222;222m█[38;2;255;255;254m█[38;2;255;255;255m█[38;2;103;104;158m█[38;2;0;0;41m█[38;2;6;8;111m█[38;2;5;6;110m█[38;2;13;15;6m██[38;2;13;13;16m██
██[38;2;13;15;6m██[38;2;5;5;120m██[38;2;0;0;26m█[38;2;172;171;208m█[38;2;255;255;255m█[38;2;218;218;214m█[38;2;42;42;42m█[38;2;86;86;86m█[38;2;129;129;129m█[38;2;49;49;49m█[38;2;90;90;90m█[38;2;255;255;255m██[38;2;118;118;118m█[38;2;44;44;44m█[38;2;120;120;120m█[38;2;101;101;101m█[38;2;28;28;28m█[38;2;197;197;193m█[38;2;255;255;255m█[38;2;171;169;207m█[38;2;0;0;25m█[38;2;5;5;120m██[38;2;13;15;6m██[38;2;13;13;16m██
██[38;2;13;13;9m██[38;2;5;4;125m█[38;2;4;3;124m█[38;2;0;0;24m█[38;2;202;202;229m█[38;2;255;255;255m█[38;2;91;91;87m█[38;2;86;86;86m█[38;2;73;73;73m█[38;2;61;61;61m█[38;2;83;83;83m█[38;2;37;37;37m█[38;2;197;197;197m█[38;2;215;215;215m█[38;2;35;35;35m█[38;2;111;111;111m█[38;2;53;53;53m█[38;2;66;66;66m█[38;2;75;75;75m█[38;2;77;77;73m█[38;2;255;255;255m█[38;2;202;202;229m█[38;2;0;0;24m█[38;2;3;3;124m█[38;2;4;4;125m█[38;2;13;13;9m██[38;2;13;13;16m██
██[38;2;13;13;9m██[38;2;4;4;125m█[38;2;2;2;123m█[38;2;1;1;26m█[38;2;209;209;235m█[38;2;255;255;255m█[38;2;61;61;59m█[38;2;100;100;100m█[38;2;23;23;23m█[38;2;87;87;87m█[38;2;45;45;45m█[38;2;63;63;63m█[38;2;176;176;176m█[38;2;174;174;174m█[38;2;68;68;68m█[38;2;41;41;41m█[38;2;91;91;91m█[38;2;18;18;18m█[38;2;101;101;101m█[38;2;60;60;58m█[38;2;255;255;255m█[38;2;209;209;235m█[38;2;1;1;26m█[38;2;2;2;123m█[38;2;4;4;125m█[38;2;13;13;9m██[38;2;13;13;16m██
██[38;2;13;13;9m██[38;2;4;4;125m█[38;2;2;2;123m█[38;2;0;0;25m█[38;2;208;208;233m█[38;2;255;255;255m█[38;2;81;81;79m█[38;2;91;91;91m█[38;2;46;46;46m█[38;2;51;51;51m█[38;2;20;20;20m█[38;2;51;51;51m█[38;2;238;238;238m█[38;2;200;200;200m█[38;2;41;41;41m█[38;2;95;95;95m█[38;2;35;35;35m█[38;2;40;40;40m█[38;2;16;16;16m█[38;2;144;144;141m█[38;2;255;255;255m█[38;2;208;208;233m█[38;2;0;0;25m█[38;2;2;2;123m█[38;2;4;4;125m█[38;2;13;13;9m██[38;2;13;13;16m██
██[38;2;13;13;9m██[38;2;4;4;125m█[38;2;2;2;123m█[38;2;0;0;25m█[38;2;208;208;233m█[38;2;255;255;255m█[38;2;201;201;198m█[38;2;31;31;31m█[38;2;86;86;86m█[38;2;134;134;134m█[38;2;173;173;173m█[38;2;239;239;239m█[38;2;255;255;255m██[38;2;91;91;91m█[38;2;47;47;47m█[38;2;113;113;113m█[38;2;153;153;153m█[38;2;208;208;208m█[38;2;255;255;254m█[38;2;255;255;255m█[38;2;208;208;233m█[38;2;0;0;25m█[38;2;2;2;123m█[38;2;4;4;125m█[38;2;13;13;9m██[38;2;13;13;16m██
██[38;2;13;13;9m██[38;2;4;4;125m█[38;2;2;2;123m█[38;2;0;0;25m█[38;2;208;208;233m█[38;2;255;255;255m██[38;2;215;215;215m█[38;2;117;117;117m█[38;2;86;86;86m█[38;2;185;185;185m█[38;2;255;255;255m█[38;2;253;253;253m█[38;2;255;255;255m█[38;2;253;253;253m█[38;2;158;158;158m█[38;2;94;94;94m█[38;2;115;115;115m█[38;2;250;250;250m█[38;2;255;255;253m█[38;2;255;255;255m█[38;2;208;208;233m█[38;2;0;0;25m█[38;2;2;2;123m█[38;2;4;4;125m█[38;2;13;13;9m██[38;2;13;13;16m██
██[38;2;13;13;9m██[38;2;4;4;125m█[38;2;2;2;123m█[38;2;0;0;25m█[38;2;208;208;233m█[38;2;255;255;255m█[38;2;253;253;251m█[38;2;255;255;255m████[38;2;252;252;252m█[38;2;253;253;253m██[38;2;254;254;254m█[38;2;255;255;255m███[38;2;254;254;254m█[38;2;253;253;251m█[38;2;255;255;255m█[38;2;208;208;233m█[38;2;0;0;25m█[38;2;2;2;123m█[38;2;4;4;125m█[38;2;13;13;9m██[38;2;13;13;16m██
██[38;2;13;13;9m██[38;2;4;4;125m█[38;2;2;2;123m█[38;2;0;0;25m█[38;2;208;208;233m█[38;2;255;255;255m█[38;2;253;253;251m█[38;2;253;253;253m████████████[38;2;253;253;251m█[38;2;255;255;255m█[38;2;208;208;233m█[38;2;0;0;25m█[38;2;2;2;123m█[38;2;4;4;125m█[38;2;13;13;9m██[38;2;13;13;16m██
██[38;2;13;13;9m██[38;2;4;4;125m█[38;2;2;2;123m█[38;2;0;0;25m█[38;2;208;208;233m█[38;2;255;255;255m█[38;2;253;253;251m█[38;2;253;253;253m████████████[38;2;253;253;251m█[38;2;255;255;255m█[38;2;208;208;233m█[38;2;0;0;25m█[38;2;2;2;123m█[38;2;4;4;125m█[38;2;13;13;9m██[38;2;13;13;16m██
██[38;2;13;13;9m██[38;2;4;4;125m█[38;2;2;2;123m█[38;2;0;0;25m█[38;2;208;208;233m█[38;2;255;255;255m█[38;2;253;253;251m█[38;2;253;253;253m████████████[38;2;253;253;251m█[38;2;255;255;255m█[38;2;208;208;233m█[38;2;0;0;25m█[38;2;2;2;123m█[38;2;4;4;125m█[38;2;13;13;9m██[38;2;13;13;16m██
██[38;2;13;13;9m██[38;2;4;4;125m█[38;2;2;2;123m█[38;2;0;0;25m█[38;2;208;208;233m█[38;2;255;255;255m█[38;2;253;253;251m█[38;2;253;253;253m████████████[38;2;253;253;251m█[38;2;255;255;255m█[38;2;208;208;233m█[38;2;0;0;25m█[38;2;2;2;123m█[38;2;4;4;125m█[38;2;13;13;9m██[38;2;13;13;16m██
██[38;2;13;13;9m██[38;2;5;4;125m█[38;2;3;2;123m█[38;2;0;0;25m█[38;2;208;208;233m█[38;2;255;255;255m█[38;2;253;253;251m█[38;2;253;253;253m████████████[38;2;253;253;251m█[38;2;255;255;255m█[38;2;208;208;233m█[38;2;0;0;25m█[38;2;2;2;123m█[38;2;5;5;126m█[38;2;13;13;9m██[38;2;13;13;16m██
██[38;2;13;13;9m██[38;2;5;4;125m█[38;2;3;2;123m█[38;2;1;1;26m█[38;2;209;209;235m█[38;2;255;255;255m█[38;2;253;253;251m█[38;2;253;253;253m████████████[38;2;253;253;251m█[38;2;255;255;255m█[38;2;209;209;235m█[38;2;1;1;26m█[38;2;2;2;123m█[38;2;5;5;126m█[38;2;13;13;9m██[38;2;13;13;16m██
██[38;2;13;13;9m██[38;2;4;4;125m█[38;2;3;3;124m█[38;2;0;0;23m█[38;2;201;201;228m█[38;2;255;255;255m█[38;2;253;253;249m█[38;2;253;253;253m██[38;2;255;255;255m██[38;2;253;253;253m████[38;2;255;255;255m██[38;2;253;253;253m██[38;2;253;253;251m█[38;2;255;255;255m█[38;2;202;202;229m█[38;2;0;0;23m█[38;2;3;3;124m█[38;2;4;4;125m█[38;2;13;13;9m██[38;2;13;13;16m██
██[38;2;13;15;6m██[38;2;5;5;118m█[38;2;6;6;119m█[38;2;0;0;33m█[38;2;112;113;159m█[38;2;255;255;255m█[38;2;255;255;251m█[38;2;255;255;255m██[38;2;250;250;250m█[38;2;249;249;249m█[38;2;255;255;255m████[38;2;247;247;247m█[38;2;250;250;250m█[38;2;255;255;255m██[38;2;255;255;253m█[38;2;255;255;255m█[38;2;116;118;160m█[38;2;0;0;31m█[38;2;6;6;119m█[38;2;5;5;118m█[38;2;13;15;6m██[38;2;13;13;16m██
██[38;2;13;15;6m██[38;2;8;6;94m█[38;2;9;8;95m█[38;2;1;2;97m█[38;2;0;0;88m█[38;2;138;137;124m█[38;2;237;236;223m█[38;2;242;242;239m█[38;2;171;171;168m█[38;2;42;44;33m█[38;2;35;37;26m█[38;2;158;158;155m█[38;2;239;239;237m██[38;2;158;158;155m█[38;2;35;37;26m█[38;2;41;42;32m█[38;2;171;171;168m█[38;2;242;242;239m█[38;2;237;238;224m█[38;2;140;141;127m█[38;2;0;0;87m█[38;2;1;3;95m█[38;2;9;8;95m█[38;2;8;6;94m█[38;2;13;15;6m██[38;2;13;13;16m██
██[38;2;13;13;11m██[38;2;11;11;37m██[38;2;3;3;176m█[38;2;0;0;168m█[38;2;0;0;10m█[38;2;15;15;35m█[38;2;23;22;33m█[38;2;0;0;5m█[38;2;0;0;115m█[38;2;0;0;116m█[38;2;0;0;6m█[38;2;19;20;35m██[38;2;0;0;6m█[38;2;0;0;116m█[38;2;0;0;115m█[38;2;0;0;5m█[38;2;24;23;34m█[38;2;16;17;34m█[38;2;0;0;9m█[38;2;0;0;168m█[38;2;3;3;176m█[38;2;11;11;38m██[38;2;13;13;11m██[38;2;13;13;16m██
████[38;2;13;15;6m██[38;2;5;6;110m█[38;2;6;8;111m█[38;2;0;0;209m█[38;2;0;0;203m█[38;2;0;0;192m█[38;2;0;0;197m█[38;2;1;2;197m██[38;2;0;0;198m█[38;2;0;0;192m██[38;2;0;0;198m█[38;2;3;1;197m█[38;2;2;0;196m█[38;2;0;0;196m█[38;2;0;0;190m█[38;2;0;0;201m█[38;2;0;0;208m█[38;2;6;6;113m█[38;2;5;5;112m█[38;2;13;15;6m██[38;2;13;13;16m████
██████[38;2;13;13;11m██[38;2;8;8;84m█[38;2;9;9;86m█[38;2;9;8;93m█[38;2;8;6;91m█[38;2;13;13;17m██[38;2;8;8;87m█[38;2;9;9;88m██[38;2;8;8;87m█[38;2;13;13;17m██[38;2;8;6;91m█[38;2;9;8;93m█[38;2;9;9;86m█[38;2;8;8;84m█[38;2;13;13;11m██[38;2;13;13;16m██████
████████[38;2;13;15;6m████[38;2;13;13;13m██[38;2;13;15;6m████[38;2;13;13;13m██[38;2;13;15;6m████[38;2;13;13;16m████████
████████████████████████████████