[38;2;13;13;16m████████████[38;2;13;13;11m██[38;2;13;15;4m████[38;2;13;15;6m██[38;2;13;13;16m████████████
██████████[38;2;13;15;6m██[38;2;11;10;47m██[38;2;5;4;139m██[38;2;5;3;153m██[38;2;9;9;86m█[38;2;8;8;84m█[38;2;13;13;11m██[38;2;13;13;13m██[38;2;13;13;16m████████
████████[38;2;13;15;6m██[38;2;9;9;74m█[38;2;10;10;75m█[38;2;1;1;214m█[38;2;0;0;211m█[38;2;0;0;162m█[38;2;0;0;155m█[38;2;0;0;133m█[38;2;0;0;134m█[38;2;0;0;196m█[38;2;0;0;202m█[38;2;6;4;153m█[38;2;5;3;152m█[38;2;13;13;13m████[38;2;13;13;16m██████
██████[38;2;13;13;11m██[38;2;11;11;40m██[38;2;0;1;198m█[38;2;0;0;196m█[38;2;0;0;56m█[38;2;0;0;53m█[38;2;20;22;10m█[38;2;53;54;42m█[38;2;67;66;53m█[38;2;55;54;41m█[38;2;24;24;30m█[38;2;0;0;1m█[38;2;0;0;139m█[38;2;0;0;155m█[38;2;6;6;136m█[38;2;4;4;133m█[38;2;13;15;6m██[38;2;13;13;16m██████
██████[38;2;13;15;6m██[38;2;4;3;144m█[38;2;6;5;146m█[38;2;0;0;94m█[38;2;0;0;79m█[38;2;65;63;48m█[38;2;178;176;161m█[38;2;237;237;237m█[38;2;255;255;255m███[38;2;239;239;235m█[38;2;188;188;183m█[38;2;88;88;88m█[38;2;0;0;0m█[38;2;0;0;154m█[38;2;3;3;171m█[38;2;10;10;67m█[38;2;9;9;66m█[38;2;13;13;9m██[38;2;13;13;16m████
████[38;2;13;13;11m██[38;2;11;11;40m██[38;2;4;4;166m█[38;2;0;0;153m█[38;2;1;1;1m█[38;2;148;148;148m█[38;2;255;255;255m███[38;2;254;254;254m█[38;2;253;253;253m█[38;2;254;254;254m█[38;2;255;255;255m███[38;2;193;194;183m█[38;2;30;31;81m█[38;2;0;0;39m█[38;2;3;4;152m██[38;2;13;13;9m██[38;2;13;13;16m████
████[38;2;13;15;6m██[38;2;5;8;100m█[38;2;6;9;101m█[38;2;2;0;96m█[38;2;0;0;86m█[38;2;169;171;159m█[38;2;255;255;255m█[38;2;254;254;254m█[38;2;253;253;253m████████[38;2;255;255;255m█[38;2;233;235;226m█[38;2;48;49;41m█[38;2;0;0;124m█[38;2;6;5;146m█[38;2;11;10;49m██[38;2;13;13;11m██[38;2;13;13;16m██
████[38;2;13;13;9m██[38;2;4;3;136m█[38;2;5;4;137m█[38;2;0;0;20m█[38;2;120;119;154m█[38;2;255;255;255m█[38;2;253;253;249m█[38;2;253;253;253m██████████[38;2;255;255;253m█[38;2;224;225;215m█[38;2;15;13;96m█[38;2;0;0;79m█[38;2;9;8;101m█[38;2;8;6;100m█[38;2;13;15;6m██[38;2;13;13;16m██
██[38;2;13;13;13m██[38;2;13;12;24m██[38;2;5;4;143m█[38;2;0;0;131m█[38;2;31;31;34m█[38;2;244;244;247m█[38;2;255;255;255m█[38;2;253;253;253m██[38;2;255;255;255m██[38;2;253;253;253m███████[38;2;253;253;249m█[38;2;255;255;255m█[38;2;153;152;185m█[38;2;0;0;19m█[38;2;4;4;131m█[38;2;5;5;132m█[38;2;13;13;9m██[38;2;13;13;16m██
██[38;2;13;13;11m██[38;2;11;11;40m██[38;2;5;5;130m█[38;2;0;0;105m█[38;2;126;127;119m█[38;2;255;255;255m█[38;2;253;253;253m██[38;2;255;255;255m█[38;2;228;228;228m█[38;2;221;221;221m█[38;2;255;255;255m██[38;2;253;253;253m█████[38;2;253;253;251m█[38;2;255;255;253m█[38;2;246;246;252m█[38;2;33;33;39m█[38;2;0;0;127m█[38;2;5;4;139m█[38;2;13;13;19m██[38;2;13;13;16m██
██[38;2;13;13;11m██[38;2;9;10;58m██[38;2;4;4;113m█[38;2;0;0;98m█[38;2;197;198;188m█[38;2;255;255;252m█[38;2;253;253;253m█[38;2;254;254;254m█[38;2;255;255;255m█[38;2;59;59;59m█[38;2;0;0;0m█[38;2;123;123;123m█[38;2;240;240;240m█[38;2;255;255;255m█[38;2;254;254;254m█[38;2;253;253;253m█[38;2;255;255;255m█████[38;2;111;111;107m█[38;2;0;0;109m█[38;2;5;5;132m█[38;2;11;11;32m██[38;2;13;13;13m██
[38;2;13;13;16m██[38;2;13;13;9m██[38;2;9;9;68m█[38;2;10;10;69m█[38;2;0;1;98m█[38;2;8;9;107m█[38;2;230;231;221m█[38;2;255;255;249m█[38;2;253;253;253m██[38;2;255;255;255m█[38;2;162;162;162m█[38;2;18;18;18m█[38;2;0;0;0m█[38;2;30;30;30m█[38;2;161;161;161m█[38;2;253;253;253m█[38;2;255;255;255m█[38;2;211;211;211m█[38;2;174;174;174m█[38;2;178;178;178m██[38;2;186;187;179m█[38;2;105;107;98m█[38;2;0;0;103m█[38;2;5;6;124m█[38;2;11;11;40m██[38;2;13;13;11m██
[38;2;13;13;16m██[38;2;13;13;9m██[38;2;9;9;73m█[38;2;10;10;74m█[38;2;0;1;90m█[38;2;17;19;109m█[38;2;239;240;230m█[38;2;255;255;247m█[38;2;253;253;253m██[38;2;252;252;252m█[38;2;255;255;255m█[38;2;232;232;232m█[38;2;45;45;45m█[38;2;0;0;0m██[38;2;198;198;198m█[38;2;255;255;255m█[38;2;32;32;32m█[38;2;0;0;0m█████[38;2;0;0;109m█[38;2;6;6;122m█[38;2;11;10;45m██[38;2;13;13;11m██
[38;2;13;13;16m██[38;2;13;13;9m██[38;2;9;9;73m█[38;2;10;10;74m█[38;2;0;0;89m█[38;2;20;19;110m█[38;2;240;242;231m█[38;2;255;255;247m█[38;2;253;253;253m██[38;2;255;255;255m█[38;2;201;201;201m█[38;2;63;63;63m█[38;2;0;0;0m█[38;2;2;2;2m█[38;2;112;112;112m█[38;2;244;244;244m█[38;2;255;255;255m█[38;2;171;171;171m█[38;2;118;118;118m█[38;2;123;123;123m██[38;2;129;130;122m█[38;2;84;86;77m█[38;2;0;0;103m█[38;2;6;6;122m█[38;2;11;10;45m██[38;2;13;13;11m██
[38;2;13;13;16m██[38;2;13;13;9m██[38;2;9;9;73m█[38;2;10;10;74m█[38;2;0;0;89m█[38;2;22;20;111m█[38;2;242;243;232m█[38;2;255;255;246m█[38;2;253;253;253m█[38;2;254;254;254m█[38;2;255;255;255m█[38;2;47;47;47m█[38;2;0;0;0m█[38;2;74;74;74m█[38;2;208;208;208m█[38;2;255;255;255m██[38;2;253;253;253m█[38;2;255;255;255m█████[38;2;174;175;167m█[38;2;0;0;100m█[38;2;5;6;124m█[38;2;11;10;45m██[38;2;13;13;11m██
[38;2;13;13;16m██[38;2;13;13;9m██[38;2;9;9;74m█[38;2;10;10;75m█[38;2;0;0;86m█[38;2;25;24;112m█[38;2;244;245;235m█[38;2;255;255;246m█[38;2;253;253;253m██[38;2;255;255;255m█[38;2;193;193;193m█[38;2;180;180;180m█[38;2;255;255;255m██[38;2;253;253;253m███████[38;2;255;255;255m█[38;2;160;161;153m█[38;2;0;0;100m█[38;2;5;6;124m█[38;2;11;10;42m██[38;2;13;13;11m██
[38;2;13;13;16m██[38;2;13;15;6m██[38;2;8;9;76m█[38;2;9;10;77m█[38;2;0;0;83m█[38;2;31;30;117m█[38;2;247;249;238m█[38;2;255;255;246m█[38;2;253;253;253m███[38;2;255;255;255m██[38;2;254;254;254m█[38;2;253;253;253m████████[38;2;255;255;255m█[38;2;153;154;146m█[38;2;0;0;100m█[38;2;5;6;124m█[38;2;11;11;40m██[38;2;13;13;13m██
[38;2;13;13;16m██[38;2;13;15;6m██[38;2;8;8;81m█[38;2;9;9;82m█[38;2;0;0;80m█[38;2;38;37;122m█[38;2;252;253;243m█[38;2;254;255;245m█[38;2;253;253;253m██████████████[38;2;255;255;255m█[38;2;143;144;136m█[38;2;0;0;102m█[38;2;5;5;126m█[38;2;11;11;38m██[38;2;13;13;13m██
[38;2;13;13;16m██[38;2;13;15;6m██[38;2;8;8;84m█[38;2;9;9;86m█[38;2;0;0;73m█[38;2;48;48;127m█[38;2;255;255;246m█[38;2;254;255;245m█[38;2;253;253;253m██████████████[38;2;255;255;255m█[38;2;130;130;125m█[38;2;0;0;104m█[38;2;5;5;129m█[38;2;11;11;34m██[38;2;13;13;13m██
[38;2;13;13;16m██[38;2;13;15;6m██[38;2;8;6;89m█[38;2;9;8;90m█[38;2;0;0;65m█[38;2;62;62;136m█[38;2;255;255;251m█[38;2;253;254;244m█[38;2;253;253;253m██████████████[38;2;255;255;255m█[38;2;113;113;111m█[38;2;0;0;107m█[38;2;5;5;130m█[38;2;11;11;32m██[38;2;13;13;13m██
[38;2;13;13;16m██[38;2;13;15;6m██[38;2;8;6;95m█[38;2;9;8;96m█[38;2;0;0;58m█[38;2;80;80;147m█[38;2;255;255;254m█[38;2;253;254;244m█[38;2;253;253;253m██████████████[38;2;255;255;255m█[38;2;96;96;94m█[38;2;0;0;111m█[38;2;6;6;133m█[38;2;11;12;27m██[38;2;13;13;13m██
[38;2;13;13;16m██[38;2;13;15;6m██[38;2;8;6;100m█[38;2;9;8;101m█[38;2;0;0;49m█[38;2;98;98;160m█[38;2;255;255;255m█[38;2;253;254;246m█[38;2;253;253;253m██████████████[38;2;255;255;255m█[38;2;77;77;80m█[38;2;0;0;113m█[38;2;6;6;133m█[38;2;13;12;24m██[38;2;13;13;13m██
[38;2;13;13;16m██[38;2;13;15;6m██[38;2;5;6;104m█[38;2;6;8;105m█[38;2;0;0;41m█[38;2;119;120;174m█[38;2;255;255;255m█[38;2;253;254;246m█[38;2;253;253;253m█████████████[38;2;254;254;254m█[38;2;255;255;255m█[38;2;60;60;63m█[38;2;0;0;117m█[38;2;5;5;132m█[38;2;13;13;19m██[38;2;13;13;16m██
██[38;2;13;15;6m██[38;2;5;6;110m█[38;2;6;8;111m█[38;2;0;0;34m█[38;2;140;141;189m█[38;2;255;255;255m█[38;2;253;254;246m█[38;2;253;253;253m████████████[38;2;253;253;251m█[38;2;254;254;252m█[38;2;253;252;255m█[38;2;45;44;53m█[38;2;0;0;119m█[38;2;5;5;132m█[38;2;13;13;17m██[38;2;13;13;16m██
██[38;2;13;15;6m██[38;2;5;5;115m█[38;2;6;6;116m█[38;2;0;0;32m█[38;2;140;141;187m█[38;2;255;255;255m█[38;2;255;255;253m█[38;2;255;255;255m█[38;2;253;253;253m████[38;2;255;255;255m██[38;2;253;253;253m███[38;2;254;254;254m█[38;2;255;255;255m█[38;2;255;255;254m█[38;2;255;255;255m█[38;2;236;237;251m█[38;2;18;19;33m█[38;2;0;0;126m█[38;2;5;5;134m█[38;2;13;13;13m██[38;2;13;13;16m██
██[38;2;13;15;4m██[38;2;5;6;110m█[38;2;6;8;111m█[38;2;0;0;56m█[38;2;56;56;120m█[38;2;255;255;247m█[38;2;231;232;222m█[38;2;231;231;231m█[38;2;255;255;255m████[38;2;226;226;226m█[38;2;237;237;237m█[38;2;255;255;255m████[38;2;223;223;223m█[38;2;240;240;236m█[38;2;255;255;255m█[38;2;136;134;169m█[38;2;0;0;23m█[38;2;4;4;131m██[38;2;13;13;9m██[38;2;13;13;16m██
██[38;2;13;15;6m██[38;2;8;8;83m█[38;2;9;9;84m█[38;2;4;4;122m█[38;2;0;0;107m█[38;2;60;59;44m█[38;2;20;19;4m█[38;2;17;17;12m█[38;2;139;139;134m█[38;2;221;221;216m█[38;2;211;211;207m█[38;2;110;110;105m█[38;2;8;8;3m█[38;2;25;25;20m█[38;2;151;151;146m█[38;2;222;222;217m█[38;2;205;205;201m█[38;2;96;96;91m█[38;2;4;4;0m█[38;2;40;39;24m█[38;2;108;107;91m█[38;2;0;0;91m█[38;2;0;1;96m█[38;2;6;8;105m█[38;2;5;6;104m█[38;2;13;15;4m██[38;2;13;13;16m██
██[38;2;13;13;13m██[38;2;11;12;30m██[38;2;2;2;179m█[38;2;0;0;175m█[38;2;0;0;126m█[38;2;0;0;137m█[38;2;0;0;95m█[38;2;0;0;82m█[38;2;5;5;5m█[38;2;2;2;2m█[38;2;0;0;105m█[38;2;0;0;122m█[38;2;0;0;89m█[38;2;0;0;77m█[38;2;6;6;9m█[38;2;0;0;2m█[38;2;0;0;110m█[38;2;0;0;126m█[38;2;0;0;100m█[38;2;0;0;89m█[38;2;0;0;175m█[38;2;3;3;182m█[38;2;11;11;40m██[38;2;13;13;11m██[38;2;13;13;16m██
████[38;2;13;15;6m██[38;2;5;6;107m█[38;2;6;8;108m█[38;2;1;1;211m█[38;2;0;0;210m█[38;2;0;0;209m██[38;2;0;0;215m█[38;2;0;0;216m█[38;2;0;1;202m██[38;2;1;1;211m█[38;2;0;0;209m█[38;2;0;0;215m█[38;2;0;0;216m█[38;2;0;1;200m██[38;2;0;0;222m██[38;2;6;6;118m█[38;2;5;5;117m█[38;2;13;15;6m██[38;2;13;13;16m████
████████[38;2;13;12;24m██[38;2;11;10;49m██[38;2;6;8;109m██[38;2;11;11;32m██[38;2;11;10;51m██[38;2;6;8;108m██[38;2;11;11;32m██[38;2;11;11;38m██[38;2;13;13;17m██[38;2;13;13;16m██████
████████[38;2;13;13;13m██[38;2;13;13;11m██[38;2;13;15;4m██[38;2;13;13;11m████[38;2;13;15;4m██[38;2;13;13;11m████[38;2;13;13;16m████████
████████████████████████████████