[38;2;13;13;16m██████████[38;2;13;13;13m██[38;2;13;15;6m██[38;2;13;13;13m████[38;2;13;15;6m██[38;2;13;13;13m██[38;2;13;13;16m██████████
████████[38;2;13;13;13m████[38;2;5;6;108m█[38;2;6;8;109m█[38;2;2;1;187m████[38;2;6;8;109m█[38;2;5;6;108m█[38;2;13;13;16m██[38;2;13;13;13m██[38;2;13;13;16m████████
██████[38;2;13;13;13m██[38;2;13;13;11m██[38;2;2;3;151m█[38;2;3;4;152m█[38;2;0;0;250m█[38;2;0;0;249m█[38;2;0;0;218m█[38;2;0;0;216m██[38;2;0;0;218m█[38;2;0;0;249m█[38;2;0;0;250m█[38;2;3;4;152m█[38;2;2;3;151m█[38;2;13;13;11m██[38;2;13;13;13m██[38;2;13;13;16m██████
██████[38;2;13;15;4m██[38;2;5;6;108m█[38;2;6;8;109m█[38;2;0;0;237m█[38;2;0;0;235m█[38;2;0;0;95m█[38;2;0;0;84m█[38;2;0;0;8m█[38;2;0;1;16m██[38;2;0;0;8m█[38;2;0;0;83m█[38;2;0;0;94m█[38;2;0;0;235m█[38;2;0;0;237m█[38;2;6;8;111m█[38;2;5;6;110m█[38;2;13;15;4m██[38;2;13;13;16m██████
████[38;2;13;13;11m██[38;2;11;11;32m██[38;2;0;0;215m█[38;2;1;1;216m█[38;2;0;0;84m█[38;2;0;0;72m█[38;2;44;42;27m█[38;2;129;127;112m█[38;2;185;185;180m█[38;2;208;208;203m██[38;2;185;185;180m█[38;2;129;127;112m█[38;2;44;42;27m█[38;2;0;0;72m█[38;2;0;0;84m█[38;2;1;1;216m█[38;2;0;0;215m█[38;2;11;11;34m██[38;2;13;13;11m██[38;2;13;13;16m████
████[38;2;13;15;4m██[38;2;5;5;117m█[38;2;6;6;118m█[38;2;3;3;166m█[38;2;0;0;147m█[38;2;17;18;6m█[38;2;158;159;147m█[38;2;252;252;252m█[38;2;255;255;255m██████[38;2;252;252;252m█[38;2;158;159;147m█[38;2;17;18;6m█[38;2;0;0;146m█[38;2;3;3;166m█[38;2;6;6;118m█[38;2;5;5;117m█[38;2;13;15;4m██[38;2;13;13;16m████
████[38;2;13;13;13m██[38;2;2;2;179m█[38;2;3;3;180m█[38;2;0;0;46m█[38;2;30;31;84m█[38;2;217;218;208m█[38;2;255;255;255m██[38;2;253;253;253m██████[38;2;255;255;255m██[38;2;217;218;208m█[38;2;31;32;86m█[38;2;0;0;45m█[38;2;3;3;180m█[38;2;2;2;179m█[38;2;13;13;13m██[38;2;13;13;16m████
██[38;2;13;13;11m██[38;2;11;10;47m██[38;2;4;4;172m█[38;2;0;0;159m█[38;2;17;17;17m█[38;2;217;217;217m█[38;2;255;255;255m█[38;2;253;253;253m██████████[38;2;255;255;255m█[38;2;217;217;217m█[38;2;17;17;17m█[38;2;0;0;159m█[38;2;3;4;172m█[38;2;11;10;47m██[38;2;13;13;11m██[38;2;13;13;16m██
██[38;2;13;15;6m██[38;2;8;8;84m█[38;2;9;9;86m█[38;2;4;4;127m█[38;2;0;0;104m█[38;2;158;159;147m█[38;2;255;255;255m█[38;2;253;253;253m████████████[38;2;255;255;255m█[38;2;157;158;146m█[38;2;0;0;104m█[38;2;4;4;127m█[38;2;9;9;86m█[38;2;8;8;84m█[38;2;13;15;6m██[38;2;13;13;16m██
██[38;2;13;15;4m██[38;2;5;5;112m█[38;2;6;6;113m█[38;2;0;0;74m█[38;2;37;37;116m█[38;2;251;252;242m█[38;2;255;255;250m█[38;2;255;255;255m███[38;2;253;253;253m█████████[38;2;255;255;246m█[38;2;251;252;242m█[38;2;37;37;116m█[38;2;0;0;74m█[38;2;6;6;113m█[38;2;5;5;112m█[38;2;13;15;4m██[38;2;13;13;16m██
██[38;2;13;15;6m██[38;2;4;4;125m█[38;2;5;5;126m█[38;2;0;0;37m█[38;2;122;123;173m█[38;2;255;255;255m█[38;2;200;201;193m█[38;2;55;55;55m█[38;2;153;153;153m█[38;2;254;254;254m█[38;2;255;255;255m█[38;2;253;253;253m███[38;2;255;255;255m█████[38;2;253;254;246m█[38;2;255;255;255m█[38;2;122;123;173m█[38;2;0;0;37m█[38;2;5;5;126m█[38;2;4;4;125m█[38;2;13;15;6m██[38;2;13;13;16m██
██[38;2;13;13;9m██[38;2;4;4;129m██[38;2;0;0;25m█[38;2;181;180;215m█[38;2;255;255;255m█[38;2;186;186;181m█[38;2;0;0;0m██[38;2;56;56;56m█[38;2;193;193;193m█[38;2;255;255;255m█[38;2;253;253;253m█[38;2;255;255;255m█[38;2;249;249;249m█[38;2;245;245;245m█[38;2;246;246;246m█[38;2;245;245;245m█[38;2;247;247;247m█[38;2;255;255;252m█[38;2;255;255;255m█[38;2;181;180;215m█[38;2;0;0;25m█[38;2;4;4;127m██[38;2;13;13;9m██[38;2;13;13;16m██
██[38;2;13;13;9m██[38;2;5;5;126m█[38;2;2;2;123m█[38;2;0;0;25m█[38;2;204;204;231m█[38;2;255;255;255m██[38;2;219;219;219m█[38;2;80;80;80m█[38;2;0;0;0m██[38;2;130;130;130m█[38;2;255;255;255m█[38;2;172;172;172m█[38;2;23;23;23m█[38;2;27;27;27m███[38;2;19;19;19m█[38;2;146;146;144m█[38;2;255;255;255m█[38;2;204;204;231m█[38;2;0;0;25m█[38;2;2;2;125m█[38;2;4;4;127m█[38;2;13;13;9m██[38;2;13;13;16m██
██[38;2;13;13;9m██[38;2;5;5;126m█[38;2;2;2;123m█[38;2;0;0;25m█[38;2;208;208;233m█[38;2;255;255;255m██[38;2;216;216;216m█[38;2;77;77;77m█[38;2;0;0;0m██[38;2;132;132;132m█[38;2;255;255;255m█[38;2;172;172;172m█[38;2;25;25;25m█[38;2;30;30;30m███[38;2;23;23;23m█[38;2;147;147;145m█[38;2;255;255;255m█[38;2;208;208;233m█[38;2;0;0;25m█[38;2;2;2;123m█[38;2;4;4;125m█[38;2;13;13;9m██[38;2;13;13;16m██
██[38;2;13;13;9m██[38;2;5;5;126m█[38;2;2;2;123m█[38;2;0;0;25m█[38;2;208;208;233m█[38;2;255;255;255m█[38;2;185;185;182m█[38;2;0;0;0m██[38;2;59;59;59m█[38;2;195;195;195m█[38;2;255;255;255m█[38;2;253;253;253m█[38;2;255;255;255m█[38;2;250;250;250m█[38;2;246;246;246m█[38;2;247;247;247m██[38;2;249;249;249m█[38;2;255;255;255m██[38;2;208;208;233m█[38;2;0;0;25m█[38;2;2;2;123m█[38;2;4;4;125m█[38;2;13;13;9m██[38;2;13;13;16m██
██[38;2;13;13;9m██[38;2;5;5;126m█[38;2;2;2;123m█[38;2;0;0;25m█[38;2;208;208;233m█[38;2;255;255;255m█[38;2;201;201;198m█[38;2;58;58;58m█[38;2;155;155;155m█[38;2;255;255;255m██[38;2;253;253;253m███[38;2;255;255;255m█████[38;2;253;253;251m█[38;2;255;255;255m█[38;2;208;208;233m█[38;2;0;0;25m█[38;2;2;2;123m█[38;2;4;4;125m█[38;2;13;13;9m██[38;2;13;13;16m██
██[38;2;13;13;9m██[38;2;5;5;126m█[38;2;2;2;123m█[38;2;0;0;25m█[38;2;208;208;233m█[38;2;255;255;255m█[38;2;255;255;254m█[38;2;255;255;255m██[38;2;254;254;254m█[38;2;253;253;253m█████████[38;2;253;253;251m█[38;2;255;255;255m█[38;2;208;208;233m█[38;2;0;0;25m█[38;2;2;2;123m█[38;2;4;4;125m█[38;2;13;13;9m██[38;2;13;13;16m██
██[38;2;13;13;9m██[38;2;5;5;126m█[38;2;2;2;123m█[38;2;0;0;25m█[38;2;208;208;233m█[38;2;255;255;255m█[38;2;253;253;251m█[38;2;254;254;254m█[38;2;253;253;253m███████████[38;2;253;253;251m█[38;2;255;255;255m█[38;2;208;208;233m█[38;2;0;0;25m█[38;2;2;2;123m█[38;2;4;4;125m█[38;2;13;13;9m██[38;2;13;13;16m██
██[38;2;13;13;9m██[38;2;5;5;126m█[38;2;2;2;123m█[38;2;0;0;25m█[38;2;208;208;233m█[38;2;255;255;255m█[38;2;253;253;251m█[38;2;253;253;253m████████████[38;2;253;253;251m█[38;2;255;255;255m█[38;2;208;208;233m█[38;2;0;0;25m█[38;2;2;2;123m█[38;2;4;4;125m█[38;2;13;13;9m██[38;2;13;13;16m██
██[38;2;13;13;9m██[38;2;5;5;126m█[38;2;2;2;123m█[38;2;0;0;25m█[38;2;208;208;233m█[38;2;255;255;255m█[38;2;253;253;251m█[38;2;253;253;253m████████████[38;2;253;253;251m█[38;2;255;255;255m█[38;2;208;208;233m█[38;2;0;0;25m█[38;2;2;2;123m█[38;2;4;4;125m█[38;2;13;13;9m██[38;2;13;13;16m██
██[38;2;13;13;9m██[38;2;5;5;126m█[38;2;2;2;123m█[38;2;0;0;25m█[38;2;208;208;233m█[38;2;255;255;255m█[38;2;253;253;251m█[38;2;253;253;253m████████████[38;2;253;253;251m█[38;2;255;255;255m█[38;2;208;208;233m█[38;2;0;0;25m█[38;2;2;2;123m█[38;2;4;4;125m█[38;2;13;13;9m██[38;2;13;13;16m██
██[38;2;13;13;9m██[38;2;5;5;126m█[38;2;2;2;123m█[38;2;1;1;26m█[38;2;208;208;233m█[38;2;255;255;255m█[38;2;253;253;251m█[38;2;253;253;253m████████████[38;2;253;253;251m█[38;2;255;255;255m█[38;2;208;208;233m█[38;2;1;1;26m█[38;2;2;2;123m█[38;2;4;4;125m█[38;2;13;13;9m██[38;2;13;13;16m██
██[38;2;13;13;9m██[38;2;5;5;126m█[38;2;2;2;123m█[38;2;0;0;24m█[38;2;205;205;232m█[38;2;255;255;255m█[38;2;253;253;251m█[38;2;253;253;253m████████████[38;2;253;253;251m█[38;2;255;255;255m█[38;2;207;207;232m█[38;2;0;0;24m█[38;2;2;2;123m█[38;2;4;4;125m█[38;2;13;13;9m██[38;2;13;13;16m██
██[38;2;13;15;6m██[38;2;5;5;120m█[38;2;6;6;122m█[38;2;0;0;27m█[38;2;138;140;179m█[38;2;255;255;255m█[38;2;254;254;250m█[38;2;254;254;254m█[38;2;255;255;255m████[38;2;254;254;254m██[38;2;255;255;255m████[38;2;253;253;253m█[38;2;254;254;250m█[38;2;255;255;255m█[38;2;143;141;181m█[38;2;0;0;27m█[38;2;6;6;122m█[38;2;5;5;120m█[38;2;13;15;6m██[38;2;13;13;16m██
██[38;2;13;15;6m██[38;2;8;6;100m█[38;2;9;8;101m█[38;2;0;0;81m█[38;2;6;5;88m█[38;2;180;181;169m█[38;2;255;255;247m█[38;2;255;255;255m█[38;2;209;209;209m█[38;2;84;86;75m█[38;2;76;77;67m█[38;2;198;198;196m█[38;2;255;255;255m██[38;2;198;198;196m█[38;2;76;77;67m█[38;2;83;84;74m█[38;2;209;209;209m█[38;2;255;255;255m█[38;2;255;255;249m█[38;2;183;185;173m█[38;2;8;6;89m█[38;2;0;0;80m█[38;2;6;8;103m█[38;2;5;6;102m█[38;2;13;15;6m██[38;2;13;13;16m██
██[38;2;13;13;11m██[38;2;11;10;47m██[38;2;4;4;167m█[38;2;0;0;153m█[38;2;0;0;0m█[38;2;51;51;48m█[38;2;59;59;54m█[38;2;8;8;3m█[38;2;0;0;67m█[38;2;0;0;68m█[38;2;3;3;3m█[38;2;56;56;56m██[38;2;3;3;3m█[38;2;0;0;68m█[38;2;0;0;67m█[38;2;8;8;3m█[38;2;60;60;55m█[38;2;52;52;49m█[38;2;0;0;0m█[38;2;0;0;152m█[38;2;4;4;166m█[38;2;11;10;49m██[38;2;13;13;11m██[38;2;13;13;16m██
████[38;2;13;15;6m██[38;2;4;3;136m█[38;2;6;5;138m█[38;2;0;0;182m█[38;2;0;0;172m█[38;2;0;0;154m█[38;2;0;0;165m█[38;2;1;0;221m██[38;2;0;0;168m█[38;2;0;0;158m██[38;2;0;0;168m█[38;2;1;0;218m█[38;2;0;0;217m█[38;2;0;0;165m█[38;2;0;0;154m█[38;2;0;0;171m█[38;2;0;0;182m█[38;2;6;5;140m█[38;2;4;3;138m█[38;2;13;15;6m██[38;2;13;13;16m████
████[38;2;13;13;13m██[38;2;13;13;19m██[38;2;5;5;126m██[38;2;5;5;134m██[38;2;11;11;38m██[38;2;5;5;129m████[38;2;11;11;38m██[38;2;5;5;134m██[38;2;5;5;126m██[38;2;13;13;19m██[38;2;13;13;13m██[38;2;13;13;16m████
██████[38;2;13;13;13m██[38;2;13;15;4m████[38;2;13;13;11m██[38;2;13;15;6m████[38;2;13;13;11m██[38;2;13;15;4m████[38;2;13;13;13m██[38;2;13;13;16m██████
████████████████████████████████
████████████████████████████████
████████████████████████████████