[38;2;13;13;16m████████████████████████████████
████████████[38;2;13;13;9m██[38;2;13;15;4m████[38;2;13;13;9m██[38;2;13;13;16m████████████
██████████[38;2;13;15;6m██[38;2;9;10;60m██[38;2;5;4;143m██[38;2;5;4;147m██[38;2;10;10;69m█[38;2;9;9;68m█[38;2;13;15;6m██[38;2;13;13;16m██████████
████████[38;2;13;15;6m██[38;2;5;6;104m█[38;2;6;8;105m█[38;2;0;0;229m█[38;2;0;0;226m█[38;2;0;0;186m█[38;2;0;0;182m█[38;2;0;0;176m█[38;2;0;0;180m█[38;2;0;0;225m█[38;2;0;0;229m█[38;2;6;6;119m█[38;2;5;5;118m█[38;2;13;15;6m██[38;2;13;13;16m████████
██████[38;2;13;15;6m██[38;2;9;9;73m█[38;2;10;10;74m█[38;2;1;1;214m█[38;2;0;0;208m█[38;2;0;0;55m█[38;2;0;0;52m█[38;2;11;12;4m█[38;2;28;30;22m█[38;2;31;32;24m█[38;2;16;17;9m█[38;2;0;0;41m█[38;2;0;0;38m█[38;2;0;0;198m█[38;2;1;1;208m█[38;2;9;8;93m█[38;2;8;6;91m█[38;2;13;15;4m██[38;2;13;13;16m██████
████[38;2;13;13;13m██[38;2;13;13;17m██[38;2;2;1;183m██[38;2;0;0;61m█[38;2;0;0;60m█[38;2;81;80;67m█[38;2;175;174;161m█[38;2;225;225;225m█[38;2;243;243;243m█[38;2;244;244;244m█[38;2;231;231;231m█[38;2;189;190;176m█[38;2;104;105;91m█[38;2;6;8;53m█[38;2;0;0;34m█[38;2;1;0;190m█[38;2;2;1;192m█[38;2;11;12;27m██[38;2;13;13;13m██[38;2;13;13;16m████
████[38;2;13;15;6m██[38;2;8;8;84m█[38;2;9;9;86m█[38;2;3;4;150m█[38;2;0;0;127m█[38;2;34;35;24m█[38;2;192;193;181m█[38;2;255;255;255m████████[38;2;222;221;208m█[38;2;73;72;59m█[38;2;0;0;103m█[38;2;2;2;125m█[38;2;6;8;111m█[38;2;5;6;110m█[38;2;13;15;4m██[38;2;13;13;16m████
████[38;2;13;13;9m██[38;2;4;2;148m█[38;2;6;4;151m█[38;2;0;0;41m█[38;2;44;45;96m█[38;2;235;236;228m█[38;2;255;255;255m█[38;2;253;253;253m████████[38;2;255;255;255m█[38;2;255;255;253m█[38;2;97;97;124m█[38;2;0;0;13m█[38;2;2;2;161m█[38;2;3;3;162m█[38;2;13;13;16m██████
██[38;2;13;13;13m██[38;2;11;12;30m██[38;2;4;5;154m█[38;2;0;0;141m█[38;2;19;19;22m█[38;2;224;224;226m█[38;2;255;255;255m█[38;2;253;253;253m██████████[38;2;255;255;255m█[38;2;255;255;250m█[38;2;68;69;61m█[38;2;0;0;124m█[38;2;6;5;146m█[38;2;11;10;49m██[38;2;13;13;11m██[38;2;13;13;16m██
██[38;2;13;13;9m██[38;2;9;10;63m█[38;2;10;11;65m█[38;2;5;4;125m█[38;2;0;0;102m█[38;2;155;157;145m█[38;2;255;255;255m█[38;2;253;253;253m████████████[38;2;255;255;251m█[38;2;216;217;205m█[38;2;0;1;98m██[38;2;9;8;90m█[38;2;8;6;89m█[38;2;13;15;6m██[38;2;13;13;16m██
██[38;2;13;15;6m██[38;2;8;6;91m█[38;2;9;8;93m█[38;2;0;0;81m█[38;2;28;27;112m█[38;2;237;238;228m█[38;2;250;251;240m█[38;2;255;255;255m█[38;2;254;254;254m█[38;2;253;253;253m██████████[38;2;253;254;246m█[38;2;255;255;255m█[38;2;90;90;147m█[38;2;0;0;45m█[38;2;6;6;116m█[38;2;5;5;115m█[38;2;13;15;6m██[38;2;13;13;16m██
██[38;2;13;15;6m██[38;2;5;6;110m█[38;2;6;8;111m█[38;2;0;0;46m█[38;2;100;100;157m█[38;2;74;75;67m█[38;2;34;35;27m█[38;2;174;174;174m█[38;2;255;255;255m██[38;2;253;253;253m██[38;2;255;255;255m██████[38;2;253;253;253m█[38;2;253;253;249m█[38;2;255;255;255m█[38;2;176;175;210m█[38;2;0;0;24m█[38;2;4;4;127m██[38;2;13;13;9m██[38;2;13;13;16m██
██[38;2;13;15;6m██[38;2;5;5;117m█[38;2;6;6;118m█[38;2;0;0;31m█[38;2;155;158;200m█[38;2;123;123;118m█[38;2;0;0;0m██[38;2;74;74;74m█[38;2;209;209;209m█[38;2;255;255;255m██[38;2;231;231;231m█[38;2;210;210;210m█[38;2;212;212;212m██[38;2;210;210;210m█[38;2;228;228;228m█[38;2;255;255;255m█[38;2;253;253;251m█[38;2;255;255;255m█[38;2;218;218;239m█[38;2;5;5;26m█[38;2;1;1;125m█[38;2;5;5;130m█[38;2;13;13;11m██[38;2;13;13;16m██
██[38;2;13;15;6m██[38;2;5;5;118m██[38;2;0;0;26m█[38;2;175;174;211m█[38;2;255;255;255m█[38;2;200;200;195m█[38;2;26;26;26m█[38;2;0;0;0m█[38;2;2;2;2m█[38;2;222;222;222m█[38;2;247;247;247m█[38;2;30;30;30m█[38;2;0;0;0m████[38;2;17;17;17m█[38;2;230;230;230m█[38;2;255;255;255m█[38;2;255;255;254m█[38;2;231;232;247m█[38;2;16;17;32m█[38;2;0;0;123m█[38;2;5;5;130m█[38;2;13;13;13m██[38;2;13;13;16m██
██[38;2;13;15;6m██[38;2;5;5;118m██[38;2;0;0;26m█[38;2;181;180;217m█[38;2;230;230;225m█[38;2;95;95;90m█[38;2;0;0;0m██[38;2;86;86;86m█[38;2;243;243;243m█[38;2;253;253;253m█[38;2;122;122;122m█[38;2;76;76;76m█[38;2;81;81;81m██[38;2;76;76;76m█[38;2;111;111;111m█[38;2;245;245;245m█[38;2;255;255;253m█[38;2;255;255;254m█[38;2;232;233;249m█[38;2;17;18;33m█[38;2;0;0;123m█[38;2;5;5;130m█[38;2;13;13;13m██[38;2;13;13;16m██
██[38;2;13;15;6m██[38;2;5;5;118m██[38;2;0;0;28m█[38;2;175;174;211m█[38;2;47;47;42m█[38;2;0;0;0m█[38;2;47;47;47m█[38;2;183;183;183m█[38;2;255;255;255m██[38;2;253;253;253m█[38;2;255;255;255m██████[38;2;254;254;254m█[38;2;253;253;251m█[38;2;255;255;254m█[38;2;231;232;247m█[38;2;16;17;32m█[38;2;0;0;123m█[38;2;5;5;130m█[38;2;13;13;13m██[38;2;13;13;16m██
██[38;2;13;15;6m██[38;2;5;5;118m██[38;2;0;0;27m█[38;2;181;180;217m█[38;2;161;161;157m█[38;2;146;146;141m█[38;2;250;250;250m█[38;2;255;255;255m█[38;2;254;254;254m█[38;2;253;253;253m█████████[38;2;253;253;251m█[38;2;255;255;255m█[38;2;230;231;249m█[38;2;15;16;33m█[38;2;0;0;123m█[38;2;5;5;130m█[38;2;13;13;13m██[38;2;13;13;16m██
██[38;2;13;15;6m██[38;2;5;5;118m██[38;2;0;0;25m█[38;2;180;179;214m█[38;2;255;255;255m███[38;2;253;253;253m███████████[38;2;253;253;251m█[38;2;255;255;255m█[38;2;229;230;247m█[38;2;15;16;33m█[38;2;0;0;123m█[38;2;5;5;130m█[38;2;13;13;13m██[38;2;13;13;16m██
██[38;2;13;15;6m██[38;2;5;5;120m██[38;2;0;0;25m█[38;2;182;181;216m█[38;2;255;255;255m█[38;2;253;253;249m█[38;2;253;253;253m████████████[38;2;253;253;251m█[38;2;255;255;255m█[38;2;228;229;246m█[38;2;13;15;32m█[38;2;0;0;123m█[38;2;5;5;130m█[38;2;13;13;11m██[38;2;13;13;16m██
██[38;2;13;15;6m██[38;2;4;5;120m██[38;2;0;0;26m█[38;2;185;183;218m█[38;2;255;255;255m█[38;2;253;253;249m█[38;2;253;253;253m████████████[38;2;253;253;251m█[38;2;255;255;255m█[38;2;226;228;245m█[38;2;11;12;30m█[38;2;0;0;124m█[38;2;5;5;130m█[38;2;13;13;11m██[38;2;13;13;16m██
██[38;2;13;13;9m██[38;2;5;5;120m█[38;2;4;4;119m█[38;2;0;0;25m█[38;2;188;187;219m█[38;2;255;255;255m█[38;2;253;253;249m█[38;2;253;253;253m████████████[38;2;253;253;251m█[38;2;255;255;255m█[38;2;224;224;245m█[38;2;10;10;31m█[38;2;0;0;124m█[38;2;5;5;130m█[38;2;13;13;11m██[38;2;13;13;16m██
██[38;2;13;13;9m██[38;2;5;5;123m█[38;2;4;4;122m█[38;2;0;0;25m█[38;2;192;190;223m█[38;2;255;255;255m█[38;2;253;253;249m█[38;2;253;253;253m████████████[38;2;253;253;251m█[38;2;255;255;255m█[38;2;222;222;243m█[38;2;9;9;30m█[38;2;0;0;124m█[38;2;5;5;130m█[38;2;13;13;11m██[38;2;13;13;16m██
██[38;2;13;13;9m██[38;2;5;5;123m█[38;2;4;4;122m█[38;2;0;0;24m█[38;2;194;194;223m█[38;2;255;255;255m█[38;2;253;253;249m█[38;2;253;253;253m████████████[38;2;253;253;251m█[38;2;255;255;255m█[38;2;219;219;240m█[38;2;6;6;27m█[38;2;1;1;124m█[38;2;5;5;129m█[38;2;13;13;11m██[38;2;13;13;16m██
██[38;2;13;13;9m██[38;2;5;5;123m█[38;2;4;4;122m█[38;2;0;0;24m█[38;2;197;197;226m█[38;2;255;255;255m█[38;2;253;253;249m█[38;2;253;253;253m████████████[38;2;253;253;251m█[38;2;255;255;255m█[38;2;218;218;242m█[38;2;4;4;27m█[38;2;1;1;124m█[38;2;5;5;129m█[38;2;13;13;11m██[38;2;13;13;16m██
██[38;2;13;15;6m██[38;2;5;5;120m██[38;2;0;0;27m█[38;2;154;153;193m█[38;2;255;255;255m████[38;2;253;253;253m██[38;2;255;255;255m████[38;2;253;253;253m██[38;2;255;255;255m████[38;2;174;173;205m█[38;2;0;0;23m█[38;2;4;4;125m██[38;2;13;13;9m██[38;2;13;13;16m██
██[38;2;13;15;6m██[38;2;5;6;104m█[38;2;6;8;105m█[38;2;0;0;69m█[38;2;26;26;100m█[38;2;205;207;193m█[38;2;143;144;130m█[38;2;129;129;124m█[38;2;233;233;229m█[38;2;255;255;255m██[38;2;233;233;229m█[38;2;129;129;124m█[38;2;134;134;130m█[38;2;240;240;236m█[38;2;255;255;255m██[38;2;225;225;221m█[38;2;123;123;118m█[38;2;150;151;139m█[38;2;217;218;207m█[38;2;38;38;103m█[38;2;0;0;60m█[38;2;6;8;111m█[38;2;5;6;110m█[38;2;13;15;4m██[38;2;13;13;16m██
██[38;2;13;13;9m██[38;2;9;10;60m█[38;2;10;11;61m█[38;2;5;4;147m█[38;2;0;0;132m█[38;2;0;1;18m█[38;2;0;0;8m██[38;2;26;26;49m█[38;2;107;107;88m██[38;2;26;26;52m█[38;2;0;0;10m█[38;2;0;0;6m█[38;2;33;33;54m█[38;2;112;112;94m█[38;2;103;103;84m█[38;2;19;19;45m█[38;2;0;0;10m█[38;2;0;0;6m█[38;2;6;5;20m█[38;2;0;0;129m█[38;2;5;4;145m█[38;2;10;11;65m█[38;2;9;10;63m█[38;2;13;13;9m██[38;2;13;13;16m██
████[38;2;13;13;11m██[38;2;3;4;153m██[38;2;0;0;211m█[38;2;0;0;216m█[38;2;2;1;189m█[38;2;0;0;178m█[38;2;0;0;81m██[38;2;0;0;183m█[38;2;2;0;194m█[38;2;2;1;187m█[38;2;0;0;174m█[38;2;0;0;77m█[38;2;0;0;79m█[38;2;0;0;185m█[38;2;2;0;194m█[38;2;0;0;211m█[38;2;0;0;205m█[38;2;3;4;155m██[38;2;13;13;11m██[38;2;13;13;16m████
████[38;2;13;13;11m██[38;2;11;11;38m██[38;2;9;8;96m█[38;2;8;6;95m█[38;2;8;5;108m█[38;2;9;6;109m█[38;2;2;0;198m██[38;2;6;8;108m█[38;2;5;6;107m█[38;2;5;5;112m█[38;2;6;6;113m█[38;2;1;2;200m██[38;2;6;8;105m█[38;2;5;6;104m█[38;2;8;5;102m█[38;2;9;6;103m█[38;2;11;11;40m██[38;2;13;13;11m██[38;2;13;13;16m████
██████[38;2;13;13;11m██[38;2;13;15;6m██[38;2;13;13;9m██[38;2;13;13;13m██[38;2;13;15;6m██[38;2;13;13;9m██[38;2;13;13;13m██[38;2;13;15;6m████[38;2;13;13;11m██[38;2;13;13;16m██████
████████████████████████████████
████████████████████████████████