[38;2;13;13;16m██████████[38;2;13;13;13m██[38;2;13;15;6m██[38;2;13;13;16m████[38;2;13;15;6m██[38;2;13;13;13m██[38;2;13;13;16m██████████
████████[38;2;13;13;11m██[38;2;13;13;16m██[38;2;6;6;122m██[38;2;0;1;198m████[38;2;6;6;122m██[38;2;13;13;16m██[38;2;13;13;11m██[38;2;13;13;16m████████
██████[38;2;13;13;13m████[38;2;3;3;162m█[38;2;4;4;164m█[38;2;0;0;183m█[38;2;0;0;173m█[38;2;0;0;73m█[38;2;0;0;70m██[38;2;0;0;73m█[38;2;0;0;173m█[38;2;0;0;183m█[38;2;4;4;164m█[38;2;3;3;162m█[38;2;13;13;13m████[38;2;13;13;16m██████
██████[38;2;13;15;4m██[38;2;5;5;118m█[38;2;6;6;119m█[38;2;1;2;155m█[38;2;0;0;137m█[38;2;0;0;0m█[38;2;46;46;44m█[38;2;100;101;89m█[38;2;129;130;118m██[38;2;100;101;89m█[38;2;46;46;44m█[38;2;0;0;0m█[38;2;0;0;137m█[38;2;1;2;155m█[38;2;8;8;120m█[38;2;5;5;118m█[38;2;13;15;4m██[38;2;13;13;16m██████
████[38;2;13;13;11m██[38;2;11;11;40m██[38;2;3;3;176m█[38;2;0;0;167m█[38;2;0;0;0m█[38;2;75;74;83m█[38;2;198;198;194m█[38;2;253;253;249m█[38;2;255;255;255m████[38;2;253;253;249m█[38;2;197;197;193m█[38;2;75;74;83m█[38;2;0;0;0m█[38;2;0;0;167m█[38;2;4;3;176m█[38;2;11;11;40m██[38;2;13;13;11m██[38;2;13;13;16m████
████[38;2;13;15;4m██[38;2;5;5;117m█[38;2;8;8;119m█[38;2;0;0;87m█[38;2;0;0;80m█[38;2;148;150;138m█[38;2;255;255;252m█[38;2;255;255;255m█[38;2;254;254;254m█[38;2;253;253;253m████[38;2;254;254;254m█[38;2;255;255;255m█[38;2;255;255;252m█[38;2;148;150;138m█[38;2;0;0;80m█[38;2;0;0;87m█[38;2;8;8;119m█[38;2;5;5;117m█[38;2;13;15;4m██[38;2;13;13;16m████
████[38;2;13;13;17m██[38;2;3;4;152m█[38;2;0;0;147m█[38;2;0;0;8m█[38;2;157;158;173m█[38;2;255;255;255m█[38;2;254;254;252m█[38;2;253;253;253m████████[38;2;254;254;252m█[38;2;255;255;255m█[38;2;157;158;173m█[38;2;0;0;8m█[38;2;0;0;147m█[38;2;3;4;152m█[38;2;13;13;17m██[38;2;13;13;16m████
██[38;2;13;13;11m██[38;2;11;10;49m██[38;2;5;5;134m█[38;2;0;0;110m█[38;2;105;107;96m█[38;2;255;255;255m█[38;2;254;254;254m█[38;2;253;253;253m██████████[38;2;254;254;254m█[38;2;255;255;255m█[38;2;105;107;96m█[38;2;0;0;108m█[38;2;5;5;132m█[38;2;11;10;49m██[38;2;13;13;11m██[38;2;13;13;16m██
██[38;2;13;15;6m██[38;2;8;8;84m█[38;2;9;9;86m█[38;2;1;0;88m█[38;2;11;10;98m█[38;2;231;232;222m█[38;2;255;255;250m█[38;2;253;253;253m████████████[38;2;255;255;250m█[38;2;231;232;222m█[38;2;11;10;98m█[38;2;0;0;87m█[38;2;9;9;86m█[38;2;8;8;84m█[38;2;13;15;6m██[38;2;13;13;16m██
██[38;2;13;15;6m██[38;2;5;6;108m█[38;2;6;8;109m█[38;2;0;0;45m█[38;2;94;94;151m█[38;2;255;255;255m█[38;2;255;255;249m█[38;2;255;255;255m████[38;2;254;254;254m█[38;2;253;253;253m██[38;2;255;255;255m█████[38;2;253;254;246m█[38;2;255;255;255m█[38;2;94;94;151m█[38;2;0;0;45m█[38;2;8;9;110m█[38;2;5;6;108m█[38;2;13;15;6m██[38;2;13;13;16m██
██[38;2;13;15;6m██[38;2;5;5;118m█[38;2;6;6;119m█[38;2;0;0;27m█[38;2;166;165;204m█[38;2;255;255;255m█[38;2;243;243;238m█[38;2;221;221;221m█[38;2;228;228;228m█[38;2;235;235;235m█[38;2;239;239;239m█[38;2;251;251;251m█[38;2;255;255;255m██[38;2;246;246;246m█[38;2;243;243;243m█[38;2;244;244;244m██[38;2;245;245;245m█[38;2;255;255;252m█[38;2;255;255;255m█[38;2;166;165;204m█[38;2;0;0;27m█[38;2;6;6;119m█[38;2;5;5;118m█[38;2;13;15;6m██[38;2;13;13;16m██
██[38;2;13;13;9m██[38;2;6;5;126m█[38;2;4;3;124m█[38;2;0;0;23m█[38;2;201;201;228m█[38;2;255;255;255m█[38;2;75;75;70m█[38;2;0;0;0m█[38;2;9;9;9m█[38;2;15;15;15m█[38;2;16;16;16m█[38;2;48;48;48m█[38;2;243;243;243m█[38;2;173;173;173m█[38;2;19;19;19m█[38;2;23;23;23m█[38;2;24;24;24m██[38;2;16;16;16m█[38;2;144;144;139m█[38;2;255;255;255m█[38;2;200;200;226m█[38;2;0;0;23m█[38;2;3;4;122m█[38;2;4;5;123m█[38;2;13;13;9m██[38;2;13;13;16m██
██[38;2;13;13;9m██[38;2;5;5;126m█[38;2;2;2;123m█[38;2;0;0;25m█[38;2;209;209;235m█[38;2;255;255;255m█[38;2;81;81;79m█[38;2;3;3;3m█[38;2;17;17;17m█[38;2;22;22;22m█[38;2;24;24;24m█[38;2;59;59;59m█[38;2;244;244;244m█[38;2;178;178;178m█[38;2;28;28;28m█[38;2;32;32;32m█[38;2;33;33;33m██[38;2;26;26;26m█[38;2;150;150;147m█[38;2;255;255;255m█[38;2;208;208;233m█[38;2;0;0;25m█[38;2;2;2;123m█[38;2;4;4;125m█[38;2;13;13;9m██[38;2;13;13;16m██
██[38;2;13;13;9m██[38;2;5;5;126m█[38;2;2;2;123m█[38;2;0;0;25m█[38;2;208;208;233m█[38;2;255;255;255m█[38;2;246;246;244m█[38;2;228;228;228m█[38;2;235;235;235m█[38;2;240;240;240m█[38;2;245;245;245m█[38;2;254;254;254m█[38;2;255;255;255m██[38;2;251;251;251m█[38;2;249;249;249m███[38;2;250;250;250m█[38;2;255;255;255m██[38;2;208;208;233m█[38;2;0;0;25m█[38;2;2;2;123m█[38;2;4;4;125m█[38;2;13;13;9m██[38;2;13;13;16m██
██[38;2;13;13;9m██[38;2;5;5;126m█[38;2;2;2;123m█[38;2;0;0;25m█[38;2;208;208;233m█[38;2;255;255;255m█[38;2;255;255;253m█[38;2;255;255;255m████[38;2;254;254;254m█[38;2;253;253;253m██[38;2;255;255;255m█████[38;2;253;253;251m█[38;2;255;255;255m█[38;2;208;208;233m█[38;2;0;0;25m█[38;2;2;2;123m█[38;2;5;5;126m█[38;2;13;13;9m██[38;2;13;13;16m██
██[38;2;13;13;9m██[38;2;5;5;126m█[38;2;2;2;123m█[38;2;0;0;25m█[38;2;208;208;233m█[38;2;255;255;255m█[38;2;253;253;251m█[38;2;253;253;253m████████████[38;2;253;253;251m█[38;2;255;255;255m█[38;2;208;208;233m█[38;2;0;0;25m█[38;2;2;2;123m█[38;2;5;5;126m█[38;2;13;13;9m██[38;2;13;13;16m██
██[38;2;13;13;9m██[38;2;5;5;126m█[38;2;2;2;123m█[38;2;0;0;25m█[38;2;208;208;233m█[38;2;255;255;255m█[38;2;253;253;251m█[38;2;253;253;253m████████████[38;2;253;253;251m█[38;2;255;255;255m█[38;2;208;208;233m█[38;2;0;0;25m█[38;2;2;2;123m█[38;2;4;4;125m█[38;2;13;13;9m██[38;2;13;13;16m██
██[38;2;13;13;9m██[38;2;5;5;126m█[38;2;2;2;123m█[38;2;0;0;25m█[38;2;207;207;232m█[38;2;255;255;255m█[38;2;253;253;251m█[38;2;253;253;253m████████████[38;2;253;253;251m█[38;2;255;255;255m█[38;2;208;208;233m█[38;2;0;0;25m█[38;2;2;2;123m█[38;2;4;4;125m█[38;2;13;13;9m██[38;2;13;13;16m██
██[38;2;13;13;9m██[38;2;5;5;126m█[38;2;2;2;123m█[38;2;0;0;25m█[38;2;207;207;232m█[38;2;255;255;255m█[38;2;253;253;251m█[38;2;253;253;253m████████████[38;2;253;253;251m█[38;2;255;255;255m█[38;2;208;208;233m█[38;2;0;0;25m█[38;2;2;2;123m█[38;2;4;4;125m█[38;2;13;13;9m██[38;2;13;13;16m██
██[38;2;13;13;9m██[38;2;5;5;126m█[38;2;2;2;123m█[38;2;0;0;25m█[38;2;207;207;232m█[38;2;255;255;255m█[38;2;253;253;251m█[38;2;253;253;253m████████████[38;2;253;253;251m█[38;2;255;255;255m█[38;2;208;208;233m█[38;2;0;0;25m█[38;2;2;2;123m█[38;2;4;4;125m█[38;2;13;13;9m██[38;2;13;13;16m██
██[38;2;13;13;9m██[38;2;5;5;126m█[38;2;2;2;123m█[38;2;0;0;25m█[38;2;208;208;233m█[38;2;255;255;255m█[38;2;253;253;251m█[38;2;253;253;253m████████████[38;2;253;253;251m█[38;2;255;255;255m█[38;2;208;208;233m█[38;2;0;0;25m█[38;2;2;2;123m█[38;2;4;4;125m█[38;2;13;13;9m██[38;2;13;13;16m██
██[38;2;13;13;9m██[38;2;5;5;126m█[38;2;2;2;123m█[38;2;0;0;25m█[38;2;208;208;233m█[38;2;255;255;255m█[38;2;253;253;251m█[38;2;253;253;253m████████████[38;2;253;253;251m█[38;2;255;255;255m█[38;2;207;207;232m█[38;2;0;0;25m█[38;2;2;2;123m█[38;2;4;4;125m█[38;2;13;13;9m██[38;2;13;13;16m██
██[38;2;13;13;9m██[38;2;5;5;126m█[38;2;2;2;123m█[38;2;1;1;26m█[38;2;209;209;235m█[38;2;255;255;255m█[38;2;253;253;251m█[38;2;253;253;253m████████████[38;2;253;253;251m█[38;2;255;255;255m█[38;2;209;209;235m█[38;2;1;1;26m█[38;2;2;2;123m█[38;2;4;4;125m█[38;2;13;13;9m██[38;2;13;13;16m██
██[38;2;13;13;9m██[38;2;4;4;127m█[38;2;3;3;126m█[38;2;0;0;20m█[38;2;195;195;222m█[38;2;255;255;255m█[38;2;253;253;249m█[38;2;253;253;253m██[38;2;255;255;255m██[38;2;253;253;253m████[38;2;255;255;255m██[38;2;253;253;253m██[38;2;253;253;249m█[38;2;255;255;255m█[38;2;194;194;223m█[38;2;0;0;23m█[38;2;3;3;127m█[38;2;4;4;129m█[38;2;13;13;9m██[38;2;13;13;16m██
██[38;2;13;15;6m██[38;2;4;4;133m█[38;2;5;5;134m█[38;2;0;0;39m█[38;2;89;90;140m█[38;2;255;255;255m████[38;2;229;229;229m█[38;2;225;225;225m█[38;2;255;255;255m████[38;2;224;224;224m█[38;2;228;228;228m█[38;2;255;255;255m████[38;2;90;91;141m█[38;2;0;0;39m█[38;2;5;5;134m█[38;2;4;4;133m█[38;2;13;15;6m██[38;2;13;13;16m██
██[38;2;13;15;4m██[38;2;5;5;115m█[38;2;6;6;116m█[38;2;3;3;116m█[38;2;0;0;98m█[38;2;100;98;83m█[38;2;207;205;190m█[38;2;214;214;209m█[38;2;131;131;126m█[38;2;15;15;12m█[38;2;9;9;6m█[38;2;117;117;112m█[38;2;210;210;205m██[38;2;117;117;112m█[38;2;9;9;6m█[38;2;13;13;11m█[38;2;130;130;125m█[38;2;214;214;209m█[38;2;207;205;190m█[38;2;101;100;84m█[38;2;0;0;97m█[38;2;3;3;115m█[38;2;6;6;116m█[38;2;5;5;115m█[38;2;13;15;4m██[38;2;13;13;16m██
██[38;2;13;13;9m██[38;2;9;10;60m██[38;2;1;1;208m█[38;2;0;0;203m█[38;2;0;0;28m█[38;2;0;0;35m█[38;2;0;0;28m█[38;2;0;0;18m█[38;2;0;0;151m█[38;2;0;0;152m█[38;2;0;0;27m█[38;2;0;0;37m█[38;2;0;0;34m█[38;2;0;0;25m█[38;2;0;0;152m█[38;2;0;0;151m█[38;2;0;0;20m█[38;2;0;0;31m█[38;2;0;0;35m█[38;2;0;0;28m█[38;2;0;0;203m█[38;2;1;1;208m█[38;2;9;10;60m██[38;2;13;13;9m██[38;2;13;13;16m██
████[38;2;13;13;11m██[38;2;2;2;167m█[38;2;3;3;168m█[38;2;0;0;233m█[38;2;0;0;230m█[38;2;0;0;218m█[38;2;0;0;222m█[38;2;0;0;244m██[38;2;0;0;223m█[38;2;0;0;219m██[38;2;0;0;223m█[38;2;0;0;242m██[38;2;0;0;222m█[38;2;0;0;218m█[38;2;0;0;230m█[38;2;0;0;233m█[38;2;2;3;171m██[38;2;13;13;11m██[38;2;13;13;16m████
████[38;2;13;13;11m██[38;2;11;11;38m██[38;2;2;2;175m██[38;2;2;2;179m██[38;2;8;8;81m██[38;2;2;2;173m██[38;2;2;2;175m██[38;2;9;8;81m██[38;2;2;2;176m██[38;2;3;2;173m██[38;2;11;11;38m██[38;2;13;13;11m██[38;2;13;13;16m████
██████[38;2;13;13;11m██[38;2;13;13;13m████[38;2;13;15;6m██[38;2;13;13;13m████[38;2;13;15;6m██[38;2;13;13;13m██[38;2;13;13;11m████[38;2;13;13;16m██████
████████████████████████████████
████████████████████████████████