[38;2;13;13;16m██████████[38;2;13;13;11m██[38;2;13;13;16m██[38;2;8;8;79m██[38;2;6;8;109m██[38;2;9;10;58m██[38;2;13;13;9m██[38;2;13;13;13m██[38;2;13;13;16m████████
████████[38;2;13;13;11m██[38;2;13;12;24m██[38;2;3;3;171m██[38;2;0;0;214m█[38;2;0;0;210m█[38;2;0;0;181m██[38;2;0;0;205m█[38;2;0;0;209m█[38;2;5;4;145m██[38;2;13;13;16m██[38;2;13;13;13m██[38;2;13;13;16m██████
████████[38;2;13;15;6m██[38;2;2;3;152m█[38;2;3;4;153m█[38;2;0;0;159m█[38;2;0;0;144m█[38;2;0;0;3m█[38;2;3;4;18m█[38;2;22;23;15m█[38;2;23;24;16m█[38;2;8;8;28m█[38;2;0;0;12m█[38;2;0;0;137m█[38;2;0;0;151m█[38;2;3;4;150m██[38;2;13;13;9m██[38;2;13;13;16m██████
██████[38;2;13;13;9m██[38;2;9;9;66m██[38;2;2;2;176m█[38;2;0;0;166m█[38;2;0;0;0m█[38;2;59;59;59m█[38;2;160;161;153m█[38;2;217;218;210m█[38;2;237;237;237m█[38;2;238;238;238m█[38;2;223;223;218m█[38;2;181;181;176m█[38;2;100;101;93m█[38;2;15;16;8m█[38;2;0;0;131m█[38;2;0;1;150m█[38;2;6;9;101m█[38;2;5;8;100m█[38;2;13;15;4m██[38;2;13;13;16m████
██████[38;2;13;15;6m██[38;2;4;3;141m█[38;2;6;5;144m█[38;2;0;0;67m██[38;2;150;151;139m█[38;2;255;255;247m█[38;2;255;255;255m███████[38;2;226;226;222m█[38;2;96;97;111m█[38;2;0;0;6m█[38;2;0;0;158m█[38;2;4;4;167m█[38;2;11;12;30m██[38;2;13;13;13m██[38;2;13;13;16m██
████[38;2;13;13;13m██[38;2;13;12;26m██[38;2;3;4;158m█[38;2;0;0;151m█[38;2;0;0;3m█[38;2;172;172;178m█[38;2;255;255;255m█[38;2;255;255;253m█[38;2;253;253;253m███████[38;2;255;255;255m██[38;2;160;161;150m█[38;2;0;0;90m█[38;2;0;0;94m█[38;2;8;9;107m█[38;2;5;6;104m█[38;2;13;15;4m██[38;2;13;13;16m██
████[38;2;13;13;9m██[38;2;9;10;61m██[38;2;5;5;129m█[38;2;0;0;103m█[38;2;119;120;109m█[38;2;255;255;255m█[38;2;253;253;253m██████████[38;2;254;254;252m█[38;2;255;255;255m█[38;2;162;162;183m█[38;2;0;0;13m█[38;2;1;0;143m█[38;2;5;4;147m█[38;2;13;13;16m████
████[38;2;13;15;6m██[38;2;8;6;94m█[38;2;9;8;95m█[38;2;0;0;80m█[38;2;19;18;101m█[38;2;239;240;230m█[38;2;255;255;249m█[38;2;253;253;253m██████████[38;2;255;255;255m███[38;2;107;108;100m█[38;2;0;0;108m█[38;2;5;5;132m█[38;2;11;10;45m██[38;2;13;13;11m██
[38;2;13;13;16m████[38;2;13;15;6m██[38;2;5;5;115m█[38;2;6;6;116m█[38;2;0;0;37m█[38;2;109;110;160m█[38;2;255;255;255m█[38;2;253;254;246m█[38;2;253;253;253m█████████[38;2;254;254;254m█[38;2;247;247;247m█[38;2;253;253;253m█[38;2;255;255;255m█[38;2;231;232;221m█[38;2;10;9;102m█[38;2;1;0;93m█[38;2;9;9;80m█[38;2;8;8;79m█[38;2;13;15;6m██
[38;2;13;13;16m████[38;2;13;13;9m██[38;2;4;4;125m██[38;2;0;0;23m█[38;2;182;181;214m█[38;2;255;255;255m█[38;2;253;253;249m█[38;2;253;253;253m████████[38;2;255;255;255m█[38;2;249;249;249m█[38;2;56;56;56m█[38;2;53;53;53m█[38;2;192;193;185m█[38;2;255;255;255m█[38;2;94;94;155m█[38;2;0;0;51m█[38;2;6;8;103m█[38;2;5;6;102m█[38;2;13;15;6m██
[38;2;13;13;16m████[38;2;13;13;11m██[38;2;5;5;130m█[38;2;1;1;125m█[38;2;5;5;26m█[38;2;218;218;239m█[38;2;255;255;255m█[38;2;253;253;251m█[38;2;253;253;253m████████[38;2;254;254;254m█[38;2;253;253;253m█[38;2;95;95;95m█[38;2;0;0;0m██[38;2;102;102;97m█[38;2;115;117;159m█[38;2;0;0;33m█[38;2;6;6;116m█[38;2;5;5;115m█[38;2;13;15;6m██
[38;2;13;13;16m████[38;2;13;13;13m██[38;2;5;5;130m█[38;2;0;0;123m█[38;2;15;16;33m█[38;2;230;231;249m█[38;2;255;255;255m█[38;2;253;253;251m█[38;2;253;253;253m█████████[38;2;254;254;254m█[38;2;255;255;255m█[38;2;189;189;189m█[38;2;22;22;17m█[38;2;0;0;0m█[38;2;0;0;28m█[38;2;0;0;35m█[38;2;6;6;119m█[38;2;5;5;118m█[38;2;13;15;6m██
[38;2;13;13;16m████[38;2;13;13;13m██[38;2;5;5;130m█[38;2;0;0;123m█[38;2;16;17;32m█[38;2;231;232;247m█[38;2;255;255;254m█[38;2;253;253;251m█[38;2;253;253;253m█████████[38;2;255;255;255m█[38;2;226;226;226m█[38;2;104;104;104m█[38;2;0;0;0m██[38;2;34;33;70m█[38;2;0;0;34m█[38;2;4;5;118m██[38;2;13;15;6m██
[38;2;13;13;16m████[38;2;13;13;13m██[38;2;5;5;130m█[38;2;0;0;122m█[38;2;18;19;34m█[38;2;232;233;249m█[38;2;255;255;254m█[38;2;253;253;251m█[38;2;253;253;253m████████[38;2;255;255;255m█[38;2;250;250;250m█[38;2;35;35;35m█[38;2;0;0;0m█[38;2;41;41;37m█[38;2;187;187;182m█[38;2;178;176;214m█[38;2;0;0;27m█[38;2;4;5;118m██[38;2;13;15;6m██
[38;2;13;13;16m████[38;2;13;13;13m██[38;2;5;5;132m█[38;2;0;0;124m█[38;2;22;23;37m█[38;2;237;238;252m█[38;2;255;255;254m█[38;2;253;253;251m█[38;2;253;253;253m████████[38;2;254;254;254m██[38;2;136;136;136m█[38;2;140;140;140m█[38;2;247;247;243m█[38;2;255;255;255m█[38;2;167;169;208m█[38;2;0;0;27m█[38;2;5;6;118m█[38;2;4;5;117m█[38;2;13;15;6m██
[38;2;13;13;16m██████[38;2;5;5;132m█[38;2;0;0;122m█[38;2;32;31;42m█[38;2;245;244;255m█[38;2;255;255;253m█[38;2;253;253;251m█[38;2;253;253;253m██████████[38;2;255;255;255m██[38;2;255;255;251m█[38;2;255;255;255m█[38;2;154;157;198m█[38;2;0;0;30m█[38;2;6;6;116m█[38;2;5;5;115m█[38;2;13;15;6m██
[38;2;13;13;16m████[38;2;13;13;17m██[38;2;5;5;132m█[38;2;0;0;119m█[38;2;45;44;53m█[38;2;252;251;255m█[38;2;254;254;252m█[38;2;253;253;251m█[38;2;253;253;253m████████████[38;2;253;254;246m█[38;2;255;255;255m█[38;2;138;139;187m█[38;2;0;0;34m█[38;2;6;8;111m█[38;2;5;6;110m█[38;2;13;15;6m██
[38;2;13;13;16m████[38;2;13;12;22m██[38;2;5;5;132m█[38;2;0;0;116m█[38;2;63;63;67m█[38;2;255;255;255m█[38;2;254;254;254m█[38;2;253;253;253m█████████████[38;2;253;254;246m█[38;2;255;255;255m█[38;2;115;116;169m█[38;2;0;0;41m█[38;2;6;8;105m█[38;2;5;6;104m█[38;2;13;15;6m██
[38;2;13;13;16m██[38;2;13;13;13m██[38;2;13;12;26m██[38;2;5;5;132m█[38;2;0;0;111m█[38;2;90;90;90m█[38;2;255;255;255m█[38;2;253;253;253m██████████████[38;2;253;254;246m█[38;2;255;255;255m█[38;2;84;86;151m█[38;2;0;0;55m█[38;2;9;8;96m█[38;2;8;6;95m█[38;2;13;15;6m██
[38;2;13;13;16m██[38;2;13;13;13m██[38;2;11;11;34m██[38;2;5;5;129m█[38;2;0;0;104m█[38;2;126;126;122m█[38;2;255;255;255m█[38;2;253;253;253m██████████████[38;2;254;255;245m█[38;2;255;255;247m█[38;2;52;52;129m█[38;2;0;0;70m█[38;2;9;9;88m█[38;2;8;8;87m█[38;2;13;15;6m██
[38;2;13;13;16m██[38;2;13;13;11m██[38;2;11;10;45m██[38;2;6;6;122m█[38;2;0;0;98m█[38;2;167;168;160m█[38;2;255;255;255m█[38;2;253;253;253m██████████████[38;2;255;255;247m█[38;2;240;242;231m█[38;2;18;20;110m█[38;2;0;0;89m█[38;2;10;10;74m█[38;2;9;9;73m█[38;2;13;13;9m██
[38;2;13;13;16m██[38;2;13;13;11m██[38;2;9;10;58m██[38;2;3;3;110m█[38;2;0;0;100m█[38;2;207;208;197m█[38;2;255;255;251m█[38;2;253;253;253m██████████████[38;2;255;255;251m█[38;2;214;215;204m█[38;2;0;0;101m█[38;2;3;4;108m█[38;2;10;11;61m█[38;2;9;10;60m█[38;2;13;13;9m██
[38;2;13;13;16m██[38;2;13;13;9m██[38;2;9;9;70m█[38;2;10;10;72m█[38;2;0;1;93m█[38;2;15;17;109m█[38;2;237;238;228m█[38;2;255;255;247m█[38;2;253;253;253m██████████████[38;2;255;255;255m█[38;2;176;178;167m█[38;2;0;0;96m█[38;2;5;5;118m█[38;2;11;10;47m██[38;2;13;13;11m██
[38;2;13;13;16m██[38;2;13;15;6m██[38;2;8;8;84m█[38;2;9;9;86m█[38;2;0;0;87m█[38;2;19;18;107m█[38;2;245;246;236m█[38;2;255;255;247m█[38;2;253;253;253m██[38;2;255;255;255m███[38;2;253;253;253m███[38;2;255;255;255m███[38;2;253;253;253m██[38;2;254;254;254m█[38;2;255;255;255m█[38;2;95;95;90m█[38;2;0;0;116m█[38;2;5;4;137m█[38;2;11;11;34m██[38;2;13;13;13m██
[38;2;13;13;16m██[38;2;13;15;6m██[38;2;8;8;87m█[38;2;9;9;88m█[38;2;4;4;116m█[38;2;0;0;97m█[38;2;152;153;141m█[38;2;255;255;255m███[38;2;225;225;221m█[38;2;151;151;146m█[38;2;197;197;195m█[38;2;255;255;255m███[38;2;217;217;212m█[38;2;147;147;143m█[38;2;205;205;205m█[38;2;255;255;255m███[38;2;159;160;178m█[38;2;0;0;15m█[38;2;0;1;154m█[38;2;3;4;158m█[38;2;13;13;17m██[38;2;13;13;16m██
██[38;2;13;13;9m██[38;2;9;10;63m██[38;2;3;3;178m█[38;2;0;0;167m█[38;2;0;0;0m█[38;2;91;93;84m█[38;2;153;154;140m█[38;2;117;118;104m█[38;2;18;19;37m█[38;2;0;0;2m█[38;2;2;2;2m█[38;2;101;101;101m█[38;2;153;154;143m█[38;2;109;110;98m█[38;2;11;12;30m█[38;2;0;0;1m█[38;2;8;8;5m█[38;2;111;111;109m█[38;2;152;152;131m█[38;2;87;87;66m█[38;2;0;0;91m█[38;2;0;0;100m█[38;2;6;5;140m█[38;2;4;3;138m█[38;2;13;15;4m██[38;2;13;13;16m██
██[38;2;13;13;13m██[38;2;13;12;24m██[38;2;0;0;207m█[38;2;1;1;208m█[38;2;0;0;129m█[38;2;0;0;112m█[38;2;0;0;46m█[38;2;0;0;48m█[38;2;0;0;189m█[38;2;1;2;200m█[38;2;0;0;122m█[38;2;0;0;107m█[38;2;0;0;51m█[38;2;0;0;53m█[38;2;0;0;195m█[38;2;1;2;203m█[38;2;0;0;111m█[38;2;0;0;96m█[38;2;0;0;61m█[38;2;0;0;66m█[38;2;0;0;211m█[38;2;1;1;216m█[38;2;9;10;63m██[38;2;13;13;9m██[38;2;13;13;16m██
████[38;2;13;15;6m██[38;2;5;6;107m█[38;2;6;8;108m█[38;2;0;0;246m█[38;2;0;0;247m█[38;2;0;0;246m█[38;2;0;0;247m█[38;2;0;0;215m██[38;2;0;0;239m██[38;2;0;0;244m█[38;2;0;0;245m█[38;2;0;0;212m██[38;2;0;0;242m█[38;2;0;0;240m█[38;2;0;0;251m█[38;2;0;0;252m█[38;2;3;4;150m█[38;2;2;3;148m█[38;2;13;13;9m██[38;2;13;13;16m████
██████[38;2;13;13;11m██[38;2;8;6;97m█[38;2;9;8;98m█[38;2;5;5;129m█[38;2;4;4;127m█[38;2;11;11;37m██[38;2;8;6;97m█[38;2;9;8;98m█[38;2;5;6;124m█[38;2;4;5;123m█[38;2;11;11;34m██[38;2;5;6;104m██[38;2;6;6;118m█[38;2;5;5;117m█[38;2;13;12;22m██[38;2;13;13;13m██[38;2;13;13;16m████
████████[38;2;13;15;6m██[38;2;13;15;4m██[38;2;13;13;11m██[38;2;13;15;6m██[38;2;13;15;4m██[38;2;13;13;11m██[38;2;13;15;6m██[38;2;13;15;4m██[38;2;13;13;13m██[38;2;13;13;16m██████
████████████████████████████████
████████████████████████████████