[38;2;13;13;16m██████████[38;2;13;13;11m██[38;2;13;13;9m██[38;2;13;12;24m██[38;2;13;13;19m██[38;2;13;15;6m██[38;2;13;13;16m████████████
████████[38;2;13;13;9m██[38;2;11;11;37m██[38;2;5;3;152m██[38;2;0;0;210m██[38;2;0;1;200m██[38;2;6;8;105m█[38;2;5;6;104m█[38;2;13;13;11m██[38;2;13;13;13m██[38;2;13;13;16m████████
██████[38;2;13;13;9m██[38;2;11;11;38m██[38;2;0;1;204m█[38;2;1;2;205m█[38;2;0;0;236m█[38;2;0;0;233m█[38;2;0;0;186m█[38;2;0;0;185m█[38;2;0;0;204m█[38;2;0;0;209m█[38;2;0;0;247m██[38;2;6;5;126m█[38;2;5;4;125m█[38;2;13;15;6m██[38;2;13;13;16m████████
████[38;2;13;13;13m████[38;2;2;2;181m█[38;2;3;3;182m█[38;2;0;1;196m█[38;2;0;0;183m█[38;2;0;0;27m█[38;2;0;0;34m█[38;2;11;11;9m█[38;2;17;17;15m█[38;2;9;8;17m█[38;2;0;0;2m█[38;2;0;0;98m█[38;2;0;0;112m█[38;2;0;0;236m██[38;2;10;10;72m█[38;2;9;9;70m█[38;2;13;15;6m██[38;2;13;13;16m██████
████[38;2;13;15;4m██[38;2;8;6;97m█[38;2;9;8;98m█[38;2;1;1;208m█[38;2;0;0;198m█[38;2;0;0;4m█[38;2;34;35;51m█[38;2;129;130;118m█[38;2;196;197;186m█[38;2;226;226;226m█[38;2;233;233;233m█[38;2;223;223;218m█[38;2;186;186;181m█[38;2;108;107;94m█[38;2;15;13;1m█[38;2;0;0;116m█[38;2;3;2;137m█[38;2;3;3;182m█[38;2;2;2;181m█[38;2;13;13;11m██[38;2;13;13;16m██████
██[38;2;13;13;13m██[38;2;13;13;16m██[38;2;2;1;187m█[38;2;3;2;188m█[38;2;0;0;65m█[38;2;1;1;72m█[38;2;140;141;130m█[38;2;247;249;237m█[38;2;255;255;255m███████[38;2;225;225;221m█[38;2;80;79;90m█[38;2;0;0;0m█[38;2;0;0;195m█[38;2;1;2;201m█[38;2;9;10;55m██[38;2;13;13;9m██[38;2;13;13;16m████
██[38;2;13;13;9m██[38;2;9;9;66m██[38;2;4;3;174m█[38;2;0;0;158m█[38;2;18;18;13m█[38;2;198;198;194m█[38;2;255;255;255m██[38;2;253;253;253m███████[38;2;255;255;255m█[38;2;255;255;247m█[38;2;107;108;94m█[38;2;0;0;103m█[38;2;3;3;126m█[38;2;5;6;122m█[38;2;4;5;120m█[38;2;13;15;4m██[38;2;13;13;16m████
██[38;2;13;15;4m██[38;2;5;5;123m█[38;2;8;8;125m█[38;2;0;0;95m█[38;2;0;0;93m█[38;2;195;196;185m█[38;2;255;255;255m█[38;2;253;253;253m██████████[38;2;255;255;250m█[38;2;255;255;251m█[38;2;66;67;117m█[38;2;0;0;39m█[38;2;4;4;161m█[38;2;2;2;159m█[38;2;13;13;9m██[38;2;13;13;16m████
██[38;2;13;13;11m██[38;2;5;3;153m██[38;2;0;0;24m█[38;2;127;126;164m█[38;2;255;255;255m█[38;2;253;253;249m█[38;2;253;253;253m██████████[38;2;253;253;251m█[38;2;255;255;255m█[38;2;215;214;223m█[38;2;6;5;15m█[38;2;0;0;155m█[38;2;3;3;162m█[38;2;13;12;26m██[38;2;13;13;13m██[38;2;13;13;16m██
[38;2;13;13;13m██[38;2;13;12;24m██[38;2;3;4;153m█[38;2;0;0;144m█[38;2;23;23;28m█[38;2;238;238;244m█[38;2;255;255;255m█[38;2;253;253;251m█[38;2;253;253;253m████████████[38;2;255;255;255m█[38;2;90;90;86m█[38;2;0;0;124m█[38;2;6;5;146m█[38;2;11;10;45m██[38;2;13;13;11m██[38;2;13;13;16m██
[38;2;13;13;13m██[38;2;11;11;37m██[38;2;6;5;143m█[38;2;0;0;119m█[38;2;104;104;100m█[38;2;255;255;255m█[38;2;253;253;253m██[38;2;255;255;255m█████[38;2;254;254;254m█[38;2;253;253;253m██████[38;2;255;255;255m█[38;2;173;174;164m█[38;2;0;0;103m█[38;2;4;4;125m█[38;2;9;10;60m██[38;2;13;13;9m██[38;2;13;13;16m██
[38;2;13;13;11m██[38;2;11;10;45m██[38;2;5;5;129m█[38;2;0;0;105m█[38;2;107;108;100m█[38;2;255;255;249m█[38;2;255;255;255m█[38;2;254;254;254m█[38;2;232;232;232m█[38;2;228;228;228m███[38;2;229;229;229m█[38;2;251;251;251m█[38;2;254;254;254m█[38;2;253;253;253m█████[38;2;255;255;250m█[38;2;217;218;208m█[38;2;0;0;102m█[38;2;2;3;107m█[38;2;10;10;69m█[38;2;9;9;68m█[38;2;13;13;9m██[38;2;13;13;16m██
[38;2;13;13;11m██[38;2;11;10;47m██[38;2;6;6;119m█[38;2;0;0;105m█[38;2;0;0;0m█[38;2;94;95;84m█[38;2;255;255;255m█[38;2;173;173;173m█[38;2;0;0;0m█[38;2;3;3;3m█[38;2;4;4;4m██[38;2;0;0;0m█[38;2;112;112;112m█[38;2;255;255;255m█[38;2;253;253;253m█████[38;2;255;255;247m█[38;2;233;235;224m█[38;2;10;11;107m█[38;2;0;1;96m█[38;2;10;10;69m█[38;2;9;9;68m█[38;2;13;13;9m██[38;2;13;13;16m██
[38;2;13;13;11m██[38;2;11;10;47m██[38;2;6;6;119m█[38;2;0;0;103m█[38;2;3;4;0m█[38;2;139;140;130m█[38;2;255;255;255m█[38;2;201;201;201m█[38;2;60;60;60m█[38;2;58;58;58m█[38;2;59;59;59m██[38;2;52;52;52m█[38;2;153;153;153m█[38;2;255;255;255m█[38;2;253;253;253m█████[38;2;255;255;247m█[38;2;235;236;225m█[38;2;12;15;107m█[38;2;0;2;94m█[38;2;10;10;72m█[38;2;9;9;70m█[38;2;13;13;9m██[38;2;13;13;16m██
[38;2;13;13;11m██[38;2;11;10;47m██[38;2;5;5;118m█[38;2;0;0;96m█[38;2;157;158;147m█[38;2;255;255;255m█[38;2;253;253;253m█[38;2;255;255;255m███████[38;2;253;253;253m██████[38;2;255;255;247m█[38;2;237;238;228m█[38;2;13;16;108m█[38;2;0;1;93m█[38;2;10;10;72m█[38;2;9;9;70m█[38;2;13;13;9m██[38;2;13;13;16m██
[38;2;13;13;11m██[38;2;11;10;45m██[38;2;6;6;122m█[38;2;0;0;98m█[38;2;173;174;166m█[38;2;255;255;255m█[38;2;253;253;253m██[38;2;254;254;254m█████[38;2;253;253;253m███████[38;2;255;255;247m█[38;2;239;240;230m█[38;2;17;19;109m█[38;2;0;0;89m█[38;2;9;10;74m█[38;2;8;9;73m█[38;2;13;13;9m██[38;2;13;13;16m██
[38;2;13;13;11m██[38;2;11;10;42m██[38;2;6;6;124m█[38;2;0;0;101m█[38;2;162;164;155m█[38;2;255;255;255m█[38;2;253;253;253m██████████████[38;2;255;255;246m█[38;2;244;245;235m█[38;2;24;23;111m█[38;2;0;0;87m█[38;2;10;10;75m█[38;2;9;9;74m█[38;2;13;13;9m██[38;2;13;13;16m██
[38;2;13;13;13m██[38;2;11;11;40m██[38;2;6;6;124m█[38;2;0;0;100m█[38;2;152;153;145m█[38;2;255;255;255m█[38;2;253;253;253m██████████████[38;2;255;255;246m█[38;2;249;250;239m█[38;2;31;30;117m█[38;2;0;0;83m█[38;2;9;10;77m█[38;2;8;9;76m█[38;2;13;15;6m██[38;2;13;13;16m██
[38;2;13;13;13m██[38;2;11;11;37m██[38;2;5;5;126m█[38;2;0;0;102m█[38;2;138;138;133m█[38;2;255;255;255m█[38;2;253;253;253m██████████████[38;2;254;255;245m█[38;2;253;254;244m█[38;2;41;40;123m█[38;2;0;0;77m█[38;2;9;9;84m█[38;2;8;8;83m█[38;2;13;15;6m██[38;2;13;13;16m██
[38;2;13;13;13m██[38;2;11;11;32m██[38;2;5;5;130m█[38;2;0;0;107m█[38;2;122;122;117m█[38;2;255;255;255m█[38;2;253;253;253m██████████████[38;2;254;255;245m█[38;2;255;255;249m█[38;2;55;55;131m█[38;2;0;0;68m█[38;2;9;9;88m█[38;2;8;8;87m█[38;2;13;15;6m██[38;2;13;13;16m██
[38;2;13;13;13m██[38;2;13;12;27m██[38;2;5;5;130m█[38;2;0;0;108m█[38;2;103;103;101m█[38;2;255;255;255m█[38;2;253;253;253m██████████████[38;2;253;254;244m█[38;2;255;255;253m█[38;2;73;73;144m█[38;2;0;0;61m█[38;2;9;8;95m█[38;2;8;6;94m█[38;2;13;15;6m██[38;2;13;13;16m██
[38;2;13;13;13m██[38;2;13;12;24m██[38;2;5;5;132m█[38;2;0;0;112m█[38;2;83;83;83m█[38;2;255;255;255m█[38;2;253;253;253m██████████████[38;2;253;254;246m█[38;2;255;255;255m█[38;2;95;95;157m█[38;2;0;0;51m█[38;2;9;8;101m█[38;2;8;6;100m█[38;2;13;15;6m██[38;2;13;13;16m██
██[38;2;13;13;19m██[38;2;5;5;132m█[38;2;0;0;117m█[38;2;58;58;61m█[38;2;255;255;255m█[38;2;254;254;254m█[38;2;253;253;253m███[38;2;254;254;254m█[38;2;253;253;253m█████[38;2;254;254;254m█[38;2;253;253;253m███[38;2;253;254;246m█[38;2;255;255;255m█[38;2;111;111;168m█[38;2;0;0;44m█[38;2;6;8;105m█[38;2;5;6;104m█[38;2;13;15;6m██[38;2;13;13;16m██
██[38;2;13;13;11m██[38;2;5;5;134m█[38;2;1;1;130m█[38;2;2;3;20m█[38;2;204;205;223m█[38;2;255;255;255m█[38;2;254;254;252m█[38;2;255;255;255m█████[38;2;254;254;254m█[38;2;255;255;255m█████[38;2;254;254;254m█[38;2;255;255;252m█[38;2;255;255;254m█[38;2;61;61;126m█[38;2;0;0;56m█[38;2;9;6;103m█[38;2;8;5;102m█[38;2;13;15;6m██[38;2;13;13;16m██
██[38;2;13;15;6m██[38;2;5;5;117m█[38;2;6;6;118m█[38;2;0;0;58m█[38;2;33;33;97m█[38;2;203;204;194m█[38;2;255;255;249m█[38;2;230;230;225m█[38;2;103;103;98m█[38;2;49;51;42m█[38;2;152;153;145m█[38;2;247;247;247m█[38;2;255;255;255m█[38;2;222;222;217m█[38;2;91;91;87m█[38;2;55;56;48m█[38;2;165;166;158m█[38;2;251;251;251m█[38;2;255;255;255m█[38;2;215;214;198m█[38;2;79;77;62m█[38;2;0;0;94m█[38;2;3;4;108m█[38;2;9;9;82m█[38;2;8;8;81m█[38;2;13;15;6m██[38;2;13;13;16m██
██[38;2;13;13;9m██[38;2;9;10;58m██[38;2;3;3;162m█[38;2;0;0;146m█[38;2;3;4;0m█[38;2;47;48;40m█[38;2;16;15;47m█[38;2;0;0;19m█[38;2;0;0;70m█[38;2;0;0;66m█[38;2;34;33;18m█[38;2;56;55;40m█[38;2;11;10;49m█[38;2;0;0;27m█[38;2;0;0;67m█[38;2;0;0;65m█[38;2;39;39;20m█[38;2;54;54;35m█[38;2;5;4;45m█[38;2;0;0;28m█[38;2;0;0;181m█[38;2;2;1;186m█[38;2;11;11;32m██[38;2;13;13;13m██[38;2;13;13;16m██
████[38;2;13;15;6m██[38;2;4;3;140m█[38;2;5;4;141m█[38;2;0;0;185m█[38;2;0;0;176m█[38;2;0;0;188m█[38;2;2;0;196m█[38;2;1;1;211m█[38;2;0;0;209m█[38;2;0;0;155m█[38;2;0;0;151m█[38;2;0;0;192m█[38;2;0;1;198m█[38;2;1;1;210m█[38;2;0;0;207m█[38;2;0;0;154m█[38;2;0;0;151m█[38;2;0;0;203m█[38;2;0;0;209m█[38;2;6;6;113m█[38;2;5;5;112m█[38;2;13;15;6m██[38;2;13;13;16m████
████[38;2;13;13;13m██[38;2;13;13;19m██[38;2;6;6;119m██[38;2;9;8;93m█[38;2;8;6;91m█[38;2;11;10;42m██[38;2;5;4;141m██[38;2;9;9;86m█[38;2;8;8;84m█[38;2;11;10;45m██[38;2;5;4;143m██[38;2;9;9;84m█[38;2;8;8;83m█[38;2;13;15;6m██[38;2;13;13;16m██████
██████[38;2;13;13;13m██[38;2;13;15;4m██[38;2;13;15;6m██[38;2;13;13;11m██[38;2;13;15;4m██[38;2;13;15;6m██[38;2;13;13;11m██[38;2;13;15;4m██[38;2;13;15;6m██[38;2;13;13;16m████████
████████████████████████████████
████████████████████████████████
████████████████████████████████