[38;2;13;13;16m██████████[38;2;13;13;9m██[38;2;13;12;24m██[38;2;8;6;89m██[38;2;9;6;103m██[38;2;11;10;42m██[38;2;13;15;6m██[38;2;13;13;16m██████████
████████[38;2;13;13;9m██[38;2;11;10;49m██[38;2;0;1;200m██[38;2;0;0;208m█[38;2;0;0;204m█[38;2;0;0;193m█[38;2;0;0;195m█[38;2;0;0;216m█[38;2;0;0;217m█[38;2;6;8;105m█[38;2;5;6;104m█[38;2;13;15;6m██[38;2;13;13;16m████████
██████[38;2;13;13;11m██[38;2;13;12;27m██[38;2;2;0;196m██[38;2;0;0;111m█[38;2;0;0;97m█[38;2;0;0;1m█[38;2;11;11;17m█[38;2;17;17;15m█[38;2;10;10;8m█[38;2;0;0;45m█[38;2;0;0;41m█[38;2;0;0;189m█[38;2;0;1;200m█[38;2;9;8;95m█[38;2;8;6;94m█[38;2;13;15;4m██[38;2;13;13;16m██████
██████[38;2;13;15;4m██[38;2;4;4;133m█[38;2;5;5;134m█[38;2;1;1;125m█[38;2;0;0;104m█[38;2;24;23;8m█[38;2;119;118;103m█[38;2;192;192;189m█[38;2;225;225;223m█[38;2;233;233;231m█[38;2;223;223;221m█[38;2;189;190;179m█[38;2;117;118;107m█[38;2;24;24;53m█[38;2;0;0;17m█[38;2;0;0;181m█[38;2;3;2;188m█[38;2;11;11;38m██[38;2;13;13;11m██[38;2;13;13;16m████
████[38;2;13;13;13m██[38;2;11;11;34m██[38;2;2;2;173m█[38;2;0;0;166m█[38;2;0;0;0m█[38;2;100;98;108m█[38;2;236;236;233m█[38;2;255;255;255m███████[38;2;239;240;226m█[38;2;120;122;108m█[38;2;0;0;80m█[38;2;0;0;84m█[38;2;6;6;136m█[38;2;4;4;133m█[38;2;13;15;4m██[38;2;13;13;16m████
████[38;2;13;15;6m██[38;2;8;6;95m█[38;2;9;8;96m█[38;2;3;3;112m█[38;2;0;0;91m█[38;2;131;132;120m█[38;2;255;255;254m█[38;2;255;255;255m█[38;2;253;253;253m███████[38;2;255;255;255m██[38;2;176;176;179m█[38;2;6;6;9m█[38;2;0;0;150m█[38;2;4;4;161m█[38;2;11;11;32m██[38;2;13;13;13m██[38;2;13;13;16m██
████[38;2;13;15;6m██[38;2;4;3;138m█[38;2;5;4;139m█[38;2;0;0;27m█[38;2;90;93;132m█[38;2;255;255;255m█[38;2;255;255;251m█[38;2;253;253;253m██████████[38;2;255;255;255m█[38;2;172;173;161m█[38;2;0;0;93m█[38;2;2;3;107m█[38;2;9;9;86m█[38;2;8;8;84m█[38;2;13;15;6m██[38;2;13;13;16m██
██[38;2;13;13;13m██[38;2;13;12;22m██[38;2;5;4;145m█[38;2;0;0;136m█[38;2;19;19;25m█[38;2;232;232;238m█[38;2;255;255;255m█[38;2;253;253;251m█[38;2;253;253;253m██████████[38;2;253;254;246m█[38;2;255;255;255m█[38;2;98;100;147m█[38;2;0;0;35m█[38;2;5;5;126m█[38;2;4;4;125m█[38;2;13;15;6m██[38;2;13;13;16m██
██[38;2;13;13;11m██[38;2;11;11;40m██[38;2;5;5;132m█[38;2;0;0;108m█[38;2;115;116;108m█[38;2;255;255;255m█[38;2;253;253;253m████████████[38;2;253;253;251m█[38;2;255;255;255m█[38;2;221;222;237m█[38;2;8;9;24m█[38;2;0;0;132m█[38;2;5;4;139m█[38;2;13;13;16m████
██[38;2;13;13;9m██[38;2;9;10;58m██[38;2;4;4;113m█[38;2;0;0;97m█[38;2;195;196;186m█[38;2;255;255;253m█[38;2;253;253;253m██████████████[38;2;255;255;255m█[38;2;74;74;74m█[38;2;0;0;118m█[38;2;5;4;137m█[38;2;13;12;26m██[38;2;13;13;13m██
[38;2;13;13;16m██[38;2;13;13;9m██[38;2;9;9;70m█[38;2;10;10;72m█[38;2;0;1;96m█[38;2;9;10;105m█[38;2;232;233;223m█[38;2;255;255;249m█[38;2;253;253;253m██████████████[38;2;255;255;255m█[38;2;132;132;127m█[38;2;0;0;104m█[38;2;5;5;129m█[38;2;11;11;37m██[38;2;13;13;13m██
[38;2;13;13;16m██[38;2;13;13;9m██[38;2;9;9;74m█[38;2;10;10;75m█[38;2;0;0;87m█[38;2;24;23;111m█[38;2;244;245;235m█[38;2;255;255;246m█[38;2;253;253;253m██████████████[38;2;255;255;255m█[38;2;158;159;151m█[38;2;0;0;100m█[38;2;5;6;124m█[38;2;11;10;42m██[38;2;13;13;11m██
[38;2;13;13;16m██[38;2;13;13;9m██[38;2;9;9;74m█[38;2;10;10;75m█[38;2;0;0;86m█[38;2;26;25;113m█[38;2;245;246;236m█[38;2;255;255;246m█[38;2;253;253;253m██████████████[38;2;255;255;255m█[38;2;160;161;153m█[38;2;0;0;101m█[38;2;5;6;124m█[38;2;11;10;42m██[38;2;13;13;11m██
[38;2;13;13;16m██[38;2;13;13;9m██[38;2;9;9;74m█[38;2;10;10;75m█[38;2;0;0;86m█[38;2;26;25;113m█[38;2;245;246;236m█[38;2;255;255;246m█[38;2;253;253;253m██████████████[38;2;255;255;255m█[38;2;159;160;152m█[38;2;0;0;101m█[38;2;5;6;124m█[38;2;11;10;42m██[38;2;13;13;11m██
[38;2;13;13;16m██[38;2;13;15;6m██[38;2;8;9;76m█[38;2;9;10;77m█[38;2;0;0;84m█[38;2;28;27;115m█[38;2;246;247;237m█[38;2;255;255;246m█[38;2;253;253;253m██████████████[38;2;255;255;255m█[38;2;155;157;148m█[38;2;0;0;100m█[38;2;5;6;124m█[38;2;11;11;40m██[38;2;13;13;11m██
[38;2;13;13;16m██[38;2;13;15;6m██[38;2;8;8;79m█[38;2;9;9;80m█[38;2;0;0;83m█[38;2;32;31;118m█[38;2;249;250;239m█[38;2;255;255;246m█[38;2;253;253;253m██████████████[38;2;255;255;255m█[38;2;151;152;144m█[38;2;0;0;102m█[38;2;5;5;126m█[38;2;11;11;40m██[38;2;13;13;13m██
[38;2;13;13;16m██[38;2;13;15;6m██[38;2;8;8;81m█[38;2;9;9;82m█[38;2;0;0;80m█[38;2;38;37;122m█[38;2;251;252;242m█[38;2;254;255;245m█[38;2;253;253;253m██████████████[38;2;255;255;255m█[38;2;144;145;137m█[38;2;0;0;102m█[38;2;5;5;126m█[38;2;11;11;38m██[38;2;13;13;13m██
[38;2;13;13;16m██[38;2;13;15;6m██[38;2;8;8;83m█[38;2;9;9;84m█[38;2;0;0;74m█[38;2;45;45;124m█[38;2;254;255;245m██[38;2;253;253;253m██████████████[38;2;255;255;255m█[38;2;133;133;129m█[38;2;0;0;104m█[38;2;5;5;129m█[38;2;11;11;37m██[38;2;13;13;13m██
[38;2;13;13;16m██[38;2;13;15;6m██[38;2;8;8;87m█[38;2;9;9;88m█[38;2;0;0;69m█[38;2;55;55;132m█[38;2;255;255;249m█[38;2;254;255;245m█[38;2;253;253;253m██████████████[38;2;255;255;255m█[38;2;122;122;117m█[38;2;0;0;105m█[38;2;5;5;129m█[38;2;11;11;32m██[38;2;13;13;13m██
[38;2;13;13;16m██[38;2;13;15;6m██[38;2;8;6;91m█[38;2;9;8;93m█[38;2;0;0;61m█[38;2;68;68;139m█[38;2;255;255;252m█[38;2;253;254;244m█[38;2;253;253;253m██████████████[38;2;255;255;255m█[38;2;107;107;104m█[38;2;0;0;108m█[38;2;5;5;130m█[38;2;11;12;30m██[38;2;13;13;13m██
[38;2;13;13;16m██[38;2;13;15;6m██[38;2;8;6;95m█[38;2;9;8;96m█[38;2;0;0;55m█[38;2;87;87;152m█[38;2;255;255;255m█[38;2;253;254;246m█[38;2;253;253;253m██████████████[38;2;255;255;255m█[38;2;89;89;89m█[38;2;0;0;112m█[38;2;6;6;133m█[38;2;13;12;26m██[38;2;13;13;13m██
[38;2;13;13;16m██[38;2;13;15;6m██[38;2;5;6;102m█[38;2;6;8;103m█[38;2;0;0;47m█[38;2;105;105;165m█[38;2;255;255;255m█[38;2;253;254;246m█[38;2;253;253;253m██████████████[38;2;255;255;255m█[38;2;73;73;75m█[38;2;0;0;115m█[38;2;6;6;133m█[38;2;13;12;24m██[38;2;13;13;13m██
[38;2;13;13;16m██[38;2;13;15;6m██[38;2;5;6;107m█[38;2;6;8;108m█[38;2;0;0;38m█[38;2;120;122;173m█[38;2;255;255;255m█[38;2;253;254;246m█[38;2;254;254;254m█[38;2;253;253;253m█████[38;2;254;254;254m█[38;2;253;253;253m█████[38;2;254;254;254m██[38;2;255;255;255m█[38;2;51;51;56m█[38;2;0;0;120m█[38;2;5;5;134m█[38;2;13;13;19m██[38;2;13;13;16m██
██[38;2;13;15;4m██[38;2;5;6;110m█[38;2;6;8;111m█[38;2;0;0;55m█[38;2;69;69;133m█[38;2;255;255;255m█████[38;2;253;253;253m█[38;2;255;255;255m█████[38;2;253;253;253m█[38;2;255;255;255m████[38;2;202;203;221m█[38;2;1;2;19m█[38;2;1;0;137m█[38;2;5;4;141m█[38;2;13;13;13m██[38;2;13;13;16m██
██[38;2;13;15;6m██[38;2;5;8;97m█[38;2;6;9;98m█[38;2;3;4;108m█[38;2;0;0;93m█[38;2;145;144;129m█[38;2;160;159;144m█[38;2;56;58;47m█[38;2;113;115;104m█[38;2;236;236;236m█[38;2;255;255;255m█[38;2;244;244;239m█[38;2;140;140;136m█[38;2;52;53;42m█[38;2;124;125;115m█[38;2;242;242;242m█[38;2;255;255;255m█[38;2;239;239;235m█[38;2;127;127;123m█[38;2;56;55;40m█[38;2;130;129;113m█[38;2;41;41;105m█[38;2;0;0;58m█[38;2;6;6;136m█[38;2;4;4;133m█[38;2;13;15;6m██[38;2;13;13;16m██
██[38;2;13;13;11m██[38;2;9;11;53m██[38;2;3;3;182m█[38;2;0;0;174m█[38;2;0;0;25m██[38;2;0;0;67m█[38;2;0;0;60m█[38;2;24;23;10m█[38;2;61;60;47m█[38;2;28;28;54m█[38;2;0;0;15m█[38;2;0;0;67m█[38;2;0;0;60m█[38;2;28;27;12m█[38;2;62;61;46m█[38;2;24;24;51m█[38;2;0;0;16m█[38;2;0;0;62m█[38;2;0;0;54m█[38;2;0;0;150m█[38;2;3;3;165m█[38;2;8;8;83m██[38;2;13;15;6m██[38;2;13;13;16m██
████[38;2;13;13;11m██[38;2;1;2;165m█[38;2;3;4;167m█[38;2;0;0;228m██[38;2;0;0;235m█[38;2;0;0;233m█[38;2;0;0;148m█[38;2;0;0;141m█[38;2;0;0;188m█[38;2;0;0;197m█[38;2;0;0;237m█[38;2;0;0;235m█[38;2;0;0;145m█[38;2;0;0;139m█[38;2;0;0;190m█[38;2;0;1;200m█[38;2;0;0;247m█[38;2;0;0;245m█[38;2;2;1;186m██[38;2;13;13;17m██[38;2;13;13;13m██[38;2;13;13;16m██
████[38;2;13;13;11m██[38;2;11;10;47m██[38;2;5;4;145m██[38;2;6;8;111m██[38;2;0;0;215m█[38;2;1;1;216m█[38;2;3;3;160m██[38;2;6;8;111m██[38;2;0;0;217m█[38;2;1;0;218m█[38;2;3;4;158m██[38;2;6;8;109m██[38;2;9;10;58m██[38;2;13;13;9m██[38;2;13;13;16m████
██████[38;2;13;13;11m██[38;2;13;15;6m████[38;2;13;12;24m██[38;2;13;13;13m██[38;2;13;15;6m██[38;2;13;12;24m██[38;2;13;13;13m██[38;2;13;15;4m██[38;2;13;13;11m██[38;2;13;13;16m██████
████████████[38;2;13;13;13m██[38;2;13;13;16m████[38;2;13;13;13m██[38;2;13;13;16m████████████
████████████████████████████████
████████████████████████████████