[38;2;13;13;16m████████████████████████████████
████████████[38;2;13;13;9m██[38;2;13;15;4m████[38;2;13;13;11m██[38;2;13;13;16m████████████
██████████[38;2;13;15;6m██[38;2;9;10;55m█[38;2;10;11;56m█[38;2;6;6;124m██[38;2;6;6;113m██[38;2;11;11;37m██[38;2;13;15;6m██[38;2;13;13;16m██████████
████████[38;2;13;15;6m██[38;2;5;5;112m█[38;2;6;6;113m█[38;2;0;0;215m█[38;2;0;0;211m█[38;2;0;0;169m█[38;2;0;0;167m█[38;2;0;0;176m█[38;2;0;0;181m█[38;2;0;0;209m█[38;2;1;1;211m█[38;2;10;10;72m█[38;2;9;9;70m█[38;2;13;15;6m██[38;2;13;13;16m████████
██████[38;2;13;15;4m██[38;2;8;6;94m█[38;2;9;8;95m█[38;2;2;1;192m█[38;2;0;0;180m█[38;2;0;0;24m█[38;2;0;0;35m█[38;2;25;26;16m█[38;2;39;40;30m█[38;2;33;34;26m█[38;2;11;12;4m█[38;2;0;0;61m█[38;2;0;0;66m█[38;2;0;0;196m█[38;2;1;2;201m█[38;2;11;10;45m██[38;2;13;13;9m██[38;2;13;13;16m██████
████[38;2;13;13;11m██[38;2;11;11;34m██[38;2;2;1;183m█[38;2;0;0;179m█[38;2;0;0;13m█[38;2;30;30;56m█[38;2;133;134;123m█[38;2;209;210;198m█[38;2;240;240;240m█[38;2;250;250;250m█[38;2;246;246;246m█[38;2;225;225;225m█[38;2;171;169;154m█[38;2;69;68;53m█[38;2;0;0;70m█[38;2;0;0;80m█[38;2;4;5;157m█[38;2;2;3;154m█[38;2;13;13;9m██[38;2;13;13;16m██████
████[38;2;13;15;4m██[38;2;5;5;118m█[38;2;8;8;120m█[38;2;0;0;95m█[38;2;0;0;82m█[38;2;115;116;102m█[38;2;244;245;231m█[38;2;255;255;255m████████[38;2;171;172;164m█[38;2;16;17;9m█[38;2;0;0;138m█[38;2;4;5;157m█[38;2;9;10;58m██[38;2;13;13;9m██[38;2;13;13;16m████
██[38;2;13;13;13m██[38;2;13;12;22m██[38;2;3;4;155m█[38;2;0;0;150m█[38;2;0;0;5m█[38;2;154;153;165m█[38;2;255;255;255m██[38;2;253;253;253m███████[38;2;254;254;254m█[38;2;255;255;255m█[38;2;209;210;200m█[38;2;15;15;86m█[38;2;0;0;65m█[38;2;6;8;125m█[38;2;4;5;123m█[38;2;13;15;4m██[38;2;13;13;16m████
██[38;2;13;13;9m██[38;2;9;10;63m█[38;2;10;11;65m█[38;2;4;4;125m█[38;2;0;0;101m█[38;2;126;127;116m█[38;2;255;255;255m█[38;2;254;254;254m█[38;2;253;253;253m█████████[38;2;253;253;251m█[38;2;255;255;255m█[38;2;186;187;201m█[38;2;0;0;11m█[38;2;0;0;141m█[38;2;3;5;147m█[38;2;13;13;17m██[38;2;13;13;16m████
██[38;2;13;15;6m██[38;2;5;6;102m█[38;2;6;8;103m█[38;2;0;0;67m█[38;2;40;40;113m█[38;2;252;253;243m█[38;2;255;255;247m█[38;2;255;255;255m█[38;2;254;254;254m█[38;2;253;253;253m██████████[38;2;255;255;255m█[38;2;101;102;94m█[38;2;0;0;111m█[38;2;5;5;134m█[38;2;11;10;42m██[38;2;13;13;11m██[38;2;13;13;16m██
██[38;2;13;15;6m██[38;2;5;4;125m██[38;2;0;0;24m█[38;2;157;155;193m█[38;2;255;255;255m█[38;2;254;254;250m█[38;2;233;233;233m█[38;2;253;253;253m█[38;2;255;255;255m█[38;2;253;253;253m█████████[38;2;255;255;251m█[38;2;211;212;201m█[38;2;0;0;97m█[38;2;2;3;104m█[38;2;10;10;72m█[38;2;9;9;70m█[38;2;13;13;9m██[38;2;13;13;16m██
██[38;2;13;13;13m██[38;2;5;5;132m█[38;2;0;0;125m█[38;2;11;12;27m█[38;2;226;228;243m█[38;2;255;255;255m█[38;2;216;216;214m█[38;2;11;11;11m█[38;2;63;63;63m█[38;2;202;202;202m█[38;2;255;255;255m██[38;2;253;253;253m██[38;2;255;255;255m█████[38;2;255;255;249m█[38;2;255;255;246m█[38;2;45;45;122m█[38;2;0;0;72m█[38;2;9;8;90m█[38;2;8;6;89m█[38;2;13;15;6m██[38;2;13;13;16m██
██[38;2;13;13;17m██[38;2;5;5;134m█[38;2;0;0;122m█[38;2;46;46;52m█[38;2;253;253;255m█[38;2;255;255;255m█[38;2;236;236;233m█[38;2;68;68;68m█[38;2;0;0;0m██[38;2;103;103;103m█[38;2;230;230;230m█[38;2;255;255;255m█[38;2;252;252;252m█[38;2;214;214;214m█[38;2;203;203;203m█[38;2;204;204;204m██[38;2;202;202;202m█[38;2;236;237;229m█[38;2;255;255;255m█[38;2;93;93;154m█[38;2;0;0;51m█[38;2;6;9;101m█[38;2;5;8;100m█[38;2;13;15;6m██[38;2;13;13;16m██
██[38;2;13;13;19m██[38;2;5;5;132m█[38;2;0;0;116m█[38;2;62;62;66m█[38;2;255;255;255m█[38;2;253;253;253m█[38;2;255;255;255m██[38;2;157;157;157m█[38;2;1;1;1m█[38;2;0;0;0m█[38;2;48;48;48m█[38;2;255;255;255m█[38;2;194;194;194m█[38;2;0;0;0m█████[38;2;67;68;60m█[38;2;255;255;255m█[38;2;113;113;171m█[38;2;0;0;44m█[38;2;8;9;107m█[38;2;5;6;104m█[38;2;13;15;6m██[38;2;13;13;16m██
██[38;2;13;13;19m██[38;2;5;5;132m█[38;2;0;0;116m█[38;2;62;62;66m█[38;2;255;255;255m█[38;2;254;254;254m█[38;2;255;255;255m█[38;2;181;181;181m█[38;2;52;52;52m█[38;2;0;0;0m█[38;2;9;9;9m█[38;2;143;143;143m█[38;2;255;255;255m█[38;2;230;230;230m█[38;2;103;103;103m█[38;2;90;90;90m█[38;2;93;93;93m██[38;2;87;87;87m█[38;2;158;159;151m█[38;2;255;255;255m█[38;2;117;118;172m█[38;2;0;0;41m█[38;2;8;9;109m█[38;2;5;6;107m█[38;2;13;15;6m██[38;2;13;13;16m██
██[38;2;13;13;19m██[38;2;5;5;132m█[38;2;0;0;116m█[38;2;60;60;63m█[38;2;255;255;255m██[38;2;215;215;215m█[38;2;0;0;0m██[38;2;90;90;90m█[38;2;222;222;222m█[38;2;255;255;255m█[38;2;253;253;253m█[38;2;255;255;255m██████[38;2;255;255;254m█[38;2;255;255;255m█[38;2;118;119;173m█[38;2;0;0;41m█[38;2;6;8;108m█[38;2;5;6;107m█[38;2;13;15;6m██[38;2;13;13;16m██
██[38;2;13;13;19m██[38;2;5;5;132m█[38;2;0;0;117m█[38;2;56;56;60m█[38;2;255;255;255m██[38;2;244;244;244m█[38;2;137;137;137m█[38;2;185;185;185m█[38;2;255;255;255m██[38;2;253;253;253m████████[38;2;253;254;246m█[38;2;255;255;255m█[38;2;122;123;174m█[38;2;0;0;38m█[38;2;6;8;108m█[38;2;5;6;107m█[38;2;13;15;6m██[38;2;13;13;16m██
██[38;2;13;13;19m██[38;2;5;5;132m█[38;2;0;0;118m█[38;2;53;53;59m█[38;2;255;255;255m█[38;2;254;254;254m██[38;2;255;255;255m██[38;2;253;253;253m██████████[38;2;253;254;246m█[38;2;255;255;255m█[38;2;126;127;179m█[38;2;0;0;38m█[38;2;6;8;109m█[38;2;5;6;108m█[38;2;13;15;6m██[38;2;13;13;16m██
██[38;2;13;13;17m██[38;2;5;5;132m█[38;2;0;0;118m█[38;2;48;48;54m█[38;2;253;253;255m█[38;2;254;254;252m█[38;2;253;253;251m█[38;2;253;253;253m████████████[38;2;253;254;246m█[38;2;255;255;255m█[38;2;133;134;185m█[38;2;0;0;37m█[38;2;6;8;109m█[38;2;5;6;108m█[38;2;13;15;6m██[38;2;13;13;16m██
██[38;2;13;13;17m██[38;2;5;5;132m█[38;2;0;0;119m█[38;2;42;41;51m█[38;2;251;250;255m█[38;2;254;254;252m█[38;2;253;253;251m█[38;2;253;253;253m████████████[38;2;253;254;246m█[38;2;255;255;255m█[38;2;140;141;189m█[38;2;0;0;34m█[38;2;6;8;111m█[38;2;5;6;110m█[38;2;13;15;6m██[38;2;13;13;16m██
████[38;2;5;5;132m█[38;2;0;0;120m█[38;2;35;34;46m█[38;2;247;246;255m█[38;2;255;255;253m█[38;2;253;253;251m█[38;2;253;253;253m████████████[38;2;253;253;249m█[38;2;255;255;255m█[38;2;150;152;194m█[38;2;0;0;30m█[38;2;6;6;113m█[38;2;5;5;112m█[38;2;13;15;6m██[38;2;13;13;16m██
████[38;2;5;5;132m█[38;2;0;0;123m█[38;2;30;28;42m█[38;2;243;242;255m█[38;2;255;255;253m█[38;2;253;253;251m█[38;2;253;253;253m████████████[38;2;253;253;249m█[38;2;255;255;255m█[38;2;158;160;200m█[38;2;0;0;28m█[38;2;6;6;116m█[38;2;5;5;115m█[38;2;13;15;6m██[38;2;13;13;16m██
██[38;2;13;13;13m██[38;2;5;5;130m█[38;2;0;0;122m█[38;2;22;23;37m█[38;2;236;237;251m█[38;2;255;255;254m█[38;2;253;253;251m█[38;2;253;253;253m████████████[38;2;253;253;249m█[38;2;255;255;255m█[38;2;169;168;208m█[38;2;0;0;27m█[38;2;6;6;118m█[38;2;5;5;117m█[38;2;13;15;6m██[38;2;13;13;16m██
██[38;2;13;13;13m██[38;2;5;5;130m█[38;2;0;0;123m█[38;2;17;18;33m█[38;2;232;233;249m█[38;2;255;255;254m█[38;2;253;253;251m█[38;2;253;253;253m████████████[38;2;253;253;249m█[38;2;255;255;255m█[38;2;180;179;214m█[38;2;0;0;25m█[38;2;5;5;118m██[38;2;13;15;6m██[38;2;13;13;16m██
██[38;2;13;13;11m██[38;2;5;5;130m█[38;2;1;1;125m█[38;2;3;3;24m█[38;2;218;218;239m█[38;2;255;255;255m█[38;2;253;253;251m█[38;2;253;253;253m██[38;2;254;254;254m█[38;2;255;255;255m█[38;2;254;254;254m█[38;2;253;253;253m███[38;2;255;255;255m██[38;2;254;254;254m█[38;2;253;253;253m█[38;2;253;253;249m█[38;2;255;255;255m█[38;2;174;173;210m█[38;2;0;0;25m█[38;2;5;5;118m██[38;2;13;15;6m██[38;2;13;13;16m██
██[38;2;13;15;6m██[38;2;5;5;123m█[38;2;6;6;124m█[38;2;0;0;30m█[38;2;110;112;152m█[38;2;255;255;252m█[38;2;255;255;255m███[38;2;254;254;254m█[38;2;224;224;224m█[38;2;253;253;253m█[38;2;255;255;255m███[38;2;251;251;251m█[38;2;224;224;224m█[38;2;255;255;255m██[38;2;255;255;254m█[38;2;255;255;255m█[38;2;80;81;134m█[38;2;0;0;44m█[38;2;6;6;113m█[38;2;5;5;112m█[38;2;13;15;6m██[38;2;13;13;16m██
██[38;2;13;15;6m██[38;2;8;6;91m█[38;2;9;8;93m█[38;2;2;3;104m█[38;2;0;0;88m█[38;2;54;53;38m█[38;2;183;182;167m█[38;2;229;229;226m█[38;2;196;196;194m█[38;2;70;70;66m█[38;2;3;3;0m█[38;2;63;63;59m█[38;2;190;190;186m█[38;2;228;228;225m█[38;2;188;188;186m█[38;2;59;59;54m█[38;2;3;3;0m█[38;2;75;75;70m█[38;2;200;200;195m█[38;2;216;215;200m█[38;2;104;103;88m█[38;2;0;0;95m█[38;2;3;3;112m█[38;2;9;9;84m█[38;2;8;8;83m█[38;2;13;15;6m██[38;2;13;13;16m██
██[38;2;13;13;13m██[38;2;11;12;30m██[38;2;2;0;196m█[38;2;0;0;194m█[38;2;0;0;65m█[38;2;0;0;62m█[38;2;11;11;13m█[38;2;0;0;0m█[38;2;0;0;122m█[38;2;0;0;136m█[38;2;0;0;59m██[38;2;11;11;15m█[38;2;0;0;0m█[38;2;0;0;129m█[38;2;0;0;141m█[38;2;0;0;49m█[38;2;0;0;53m█[38;2;1;0;37m█[38;2;0;0;26m█[38;2;0;0;172m█[38;2;2;2;176m█[38;2;11;12;27m██[38;2;13;13;13m██[38;2;13;13;16m██
████[38;2;13;13;9m██[38;2;8;8;81m█[38;2;9;9;82m█[38;2;0;0;207m█[38;2;0;0;204m██[38;2;0;0;208m█[38;2;2;2;181m██[38;2;0;1;200m█[38;2;0;0;197m█[38;2;0;0;204m█[38;2;0;0;208m█[38;2;2;2;179m██[38;2;0;1;202m█[38;2;0;0;200m█[38;2;0;0;214m█[38;2;0;0;217m█[38;2;9;8;93m█[38;2;8;6;91m█[38;2;13;15;6m██[38;2;13;13;16m████
██████[38;2;13;15;6m██[38;2;11;10;42m██[38;2;9;9;82m██[38;2;13;13;17m██[38;2;11;10;45m██[38;2;10;9;80m██[38;2;13;13;16m██[38;2;11;10;49m█[38;2;12;11;51m█[38;2;10;11;61m█[38;2;9;10;60m█[38;2;13;13;9m██[38;2;13;13;16m██████
████████[38;2;13;13;11m██[38;2;13;15;6m██[38;2;13;13;13m██[38;2;13;13;11m██[38;2;13;15;6m██[38;2;13;13;13m██[38;2;13;13;11m██[38;2;13;13;9m██[38;2;13;13;16m████████
████████████████████████████████