[38;2;13;13;16m██████████[38;2;13;13;9m██[38;2;13;12;22m██[38;2;9;9;73m████[38;2;13;12;22m██[38;2;13;13;9m██[38;2;13;13;16m██████████
████████[38;2;13;15;6m██[38;2;9;10;58m██[38;2;0;1;200m█[38;2;1;2;201m█[38;2;0;0;244m█[38;2;0;0;243m██[38;2;0;0;244m█[38;2;1;2;201m█[38;2;0;1;200m█[38;2;9;10;58m██[38;2;13;15;6m██[38;2;13;13;16m████████
██████[38;2;13;13;9m██[38;2;11;10;42m██[38;2;0;0;217m█[38;2;1;0;218m█[38;2;0;0;166m█[38;2;0;0;154m█[38;2;0;0;51m█[38;2;0;0;49m██[38;2;0;0;51m█[38;2;0;0;154m█[38;2;0;0;166m█[38;2;1;0;218m█[38;2;0;0;217m█[38;2;11;10;42m██[38;2;13;13;9m██[38;2;13;13;16m██████
██████[38;2;13;13;9m██[38;2;1;2;169m█[38;2;3;4;172m█[38;2;2;1;141m█[38;2;0;0;122m█[38;2;4;5;0m█[38;2;61;62;52m█[38;2;118;119;108m█[38;2;146;147;136m██[38;2;118;119;108m█[38;2;61;62;52m█[38;2;4;5;0m█[38;2;0;0;122m█[38;2;2;1;141m█[38;2;4;4;172m█[38;2;2;2;169m█[38;2;13;13;9m██[38;2;13;13;16m██████
████[38;2;13;13;9m██[38;2;9;9;70m██[38;2;3;2;187m█[38;2;0;0;175m█[38;2;0;0;0m█[38;2;91;91;94m█[38;2;212;212;208m█[38;2;255;255;254m█[38;2;255;255;255m████[38;2;255;255;254m█[38;2;212;212;208m█[38;2;91;91;94m█[38;2;0;0;0m█[38;2;0;0;176m█[38;2;3;2;188m█[38;2;9;9;70m██[38;2;13;13;9m██[38;2;13;13;16m████
████[38;2;13;15;6m██[38;2;2;3;148m█[38;2;4;5;151m█[38;2;0;0;79m█[38;2;0;0;80m█[38;2;165;166;154m█[38;2;255;255;254m█[38;2;255;255;255m█[38;2;254;254;254m█[38;2;253;253;253m████[38;2;254;254;254m█[38;2;255;255;255m█[38;2;255;255;254m█[38;2;165;166;154m█[38;2;0;0;80m█[38;2;0;0;79m█[38;2;4;5;151m█[38;2;2;3;148m█[38;2;13;15;6m██[38;2;13;13;16m████
██[38;2;13;13;13m██[38;2;13;12;27m██[38;2;3;3;168m█[38;2;0;0;162m█[38;2;0;0;5m█[38;2;173;172;181m█[38;2;255;255;255m█[38;2;254;254;252m█[38;2;253;253;253m████████[38;2;254;254;252m█[38;2;255;255;255m█[38;2;173;172;181m█[38;2;0;0;5m█[38;2;0;0;162m█[38;2;3;3;168m█[38;2;11;12;27m██[38;2;13;13;13m██[38;2;13;13;16m██
██[38;2;13;13;9m██[38;2;9;9;66m██[38;2;5;4;137m█[38;2;0;0;112m█[38;2;116;117;107m█[38;2;255;255;255m█[38;2;253;253;253m████████████[38;2;255;255;255m█[38;2;116;117;107m█[38;2;0;0;111m█[38;2;5;4;137m█[38;2;9;10;63m██[38;2;13;13;9m██[38;2;13;13;16m██
██[38;2;13;15;6m██[38;2;8;6;97m█[38;2;9;8;98m█[38;2;0;0;87m█[38;2;16;15;103m█[38;2;236;237;226m█[38;2;255;255;252m█[38;2;255;255;255m██[38;2;253;253;253m█████[38;2;255;255;255m███[38;2;253;253;253m██[38;2;255;255;249m█[38;2;236;237;226m█[38;2;16;15;103m█[38;2;0;0;87m█[38;2;9;8;98m█[38;2;8;6;97m█[38;2;13;15;6m██[38;2;13;13;16m██
██[38;2;13;15;6m██[38;2;5;5;117m█[38;2;6;6;118m█[38;2;0;0;45m█[38;2;101;101;158m█[38;2;255;255;255m█[38;2;225;226;218m█[38;2;129;129;129m█[38;2;211;211;211m█[38;2;255;255;255m██[38;2;253;253;253m██[38;2;255;255;255m█[38;2;185;185;185m█[38;2;140;140;140m█[38;2;243;243;243m█[38;2;255;255;255m█[38;2;254;254;254m█[38;2;253;254;246m█[38;2;255;255;255m█[38;2;101;101;158m█[38;2;0;0;45m█[38;2;6;6;118m█[38;2;5;5;117m█[38;2;13;15;6m██[38;2;13;13;16m██
██[38;2;13;15;6m██[38;2;5;4;125m██[38;2;0;0;25m█[38;2;169;168;205m█[38;2;255;255;255m█[38;2;167;167;162m█[38;2;0;0;0m█[38;2;2;2;2m█[38;2;122;122;122m█[38;2;240;240;240m█[38;2;255;255;255m█[38;2;253;253;253m█[38;2;255;255;255m█[38;2;76;76;76m█[38;2;0;0;0m█[38;2;35;35;35m█[38;2;169;169;169m█[38;2;255;255;255m█[38;2;255;255;253m█[38;2;255;255;255m█[38;2;169;168;205m█[38;2;0;0;25m█[38;2;4;4;125m██[38;2;13;15;6m██[38;2;13;13;16m██
██[38;2;13;13;9m██[38;2;4;4;127m█[38;2;3;3;126m█[38;2;0;0;24m█[38;2;201;201;228m█[38;2;255;255;255m█[38;2;250;250;245m█[38;2;153;153;153m█[38;2;30;30;30m█[38;2;0;0;0m█[38;2;26;26;26m█[38;2;179;179;179m█[38;2;255;255;255m██[38;2;229;229;229m█[38;2;105;105;105m█[38;2;3;3;3m█[38;2;0;0;0m█[38;2;69;69;69m█[38;2;228;228;223m█[38;2;255;255;255m█[38;2;201;201;228m█[38;2;0;0;24m█[38;2;3;3;126m█[38;2;4;4;127m█[38;2;13;13;9m██[38;2;13;13;16m██
██[38;2;13;13;9m██[38;2;4;4;125m█[38;2;2;2;123m█[38;2;1;1;26m█[38;2;208;208;233m█[38;2;255;255;255m███[38;2;117;117;117m█[38;2;0;0;0m██[38;2;96;96;96m█[38;2;255;255;255m█[38;2;253;253;253m█[38;2;255;255;255m█[38;2;231;231;231m█[38;2;53;53;53m█[38;2;0;0;0m██[38;2;182;182;180m█[38;2;255;255;255m█[38;2;208;208;233m█[38;2;0;0;25m█[38;2;2;2;123m█[38;2;4;4;125m█[38;2;13;13;9m██[38;2;13;13;16m██
██[38;2;13;13;9m██[38;2;4;4;125m█[38;2;2;2;123m█[38;2;0;0;25m█[38;2;208;208;233m█[38;2;255;255;255m█[38;2;212;212;210m█[38;2;40;40;40m█[38;2;0;0;0m█[38;2;11;11;11m█[38;2;130;130;130m█[38;2;243;243;243m█[38;2;255;255;255m██[38;2;153;153;153m█[38;2;4;4;4m█[38;2;0;0;0m█[38;2;44;44;44m█[38;2;179;179;179m█[38;2;255;255;253m█[38;2;255;255;255m█[38;2;208;208;233m█[38;2;0;0;25m█[38;2;2;2;123m█[38;2;4;4;125m█[38;2;13;13;9m██[38;2;13;13;16m██
██[38;2;13;13;9m██[38;2;4;4;125m█[38;2;2;2;123m█[38;2;0;0;25m█[38;2;208;208;233m█[38;2;255;255;255m█[38;2;176;176;174m█[38;2;0;0;0m█[38;2;90;90;90m█[38;2;222;222;222m█[38;2;255;255;255m██[38;2;253;253;253m█[38;2;255;255;255m█[38;2;93;93;93m█[38;2;10;10;10m█[38;2;140;140;140m█[38;2;249;249;249m█[38;2;255;255;255m█[38;2;253;253;251m█[38;2;255;255;255m█[38;2;208;208;233m█[38;2;0;0;25m█[38;2;2;2;123m█[38;2;4;4;125m█[38;2;13;13;9m██[38;2;13;13;16m██
██[38;2;13;13;9m██[38;2;4;4;125m█[38;2;2;2;123m█[38;2;0;0;25m█[38;2;208;208;233m█[38;2;255;255;255m█[38;2;253;253;251m█[38;2;231;231;231m█[38;2;255;255;255m██[38;2;253;253;253m███[38;2;254;254;254m█[38;2;245;245;245m█[38;2;236;236;236m█[38;2;255;255;255m██[38;2;253;253;253m█[38;2;253;253;251m█[38;2;255;255;255m█[38;2;208;208;233m█[38;2;0;0;25m█[38;2;2;2;123m█[38;2;4;4;125m█[38;2;13;13;9m██[38;2;13;13;16m██
██[38;2;13;13;9m██[38;2;4;4;125m█[38;2;2;2;123m█[38;2;0;0;25m█[38;2;208;208;233m█[38;2;255;255;255m█[38;2;254;254;252m█[38;2;255;255;255m█[38;2;254;254;254m█[38;2;253;253;253m█████[38;2;255;255;255m██[38;2;253;253;253m███[38;2;253;253;251m█[38;2;255;255;255m█[38;2;208;208;233m█[38;2;0;0;25m█[38;2;2;2;123m█[38;2;4;4;125m█[38;2;13;13;9m██[38;2;13;13;16m██
██[38;2;13;13;9m██[38;2;4;4;125m█[38;2;2;2;123m█[38;2;0;0;25m█[38;2;208;208;233m█[38;2;255;255;255m█[38;2;253;253;251m█[38;2;253;253;253m████████████[38;2;253;253;251m█[38;2;255;255;255m█[38;2;208;208;233m█[38;2;0;0;25m█[38;2;2;2;123m█[38;2;4;4;125m█[38;2;13;13;9m██[38;2;13;13;16m██
██[38;2;13;13;9m██[38;2;4;4;125m█[38;2;2;2;123m█[38;2;0;0;25m█[38;2;208;208;233m█[38;2;255;255;255m█[38;2;253;253;251m█[38;2;253;253;253m████████████[38;2;253;253;251m█[38;2;255;255;255m█[38;2;208;208;233m█[38;2;0;0;25m█[38;2;2;2;123m█[38;2;4;4;125m█[38;2;13;13;9m██[38;2;13;13;16m██
██[38;2;13;13;9m██[38;2;4;4;125m█[38;2;2;2;123m█[38;2;0;0;25m█[38;2;208;208;233m█[38;2;255;255;255m█[38;2;253;253;251m█[38;2;253;253;253m████████████[38;2;253;253;251m█[38;2;255;255;255m█[38;2;208;208;233m█[38;2;0;0;25m█[38;2;2;2;123m█[38;2;4;4;125m█[38;2;13;13;9m██[38;2;13;13;16m██
██[38;2;13;13;9m██[38;2;4;4;125m█[38;2;2;2;123m█[38;2;0;0;25m█[38;2;208;208;233m█[38;2;255;255;255m█[38;2;253;253;251m█[38;2;253;253;253m████████████[38;2;253;253;251m█[38;2;255;255;255m█[38;2;208;208;233m█[38;2;0;0;25m█[38;2;2;2;123m█[38;2;4;4;125m█[38;2;13;13;9m██[38;2;13;13;16m██
██[38;2;13;13;9m██[38;2;4;4;125m█[38;2;2;2;123m█[38;2;1;1;26m█[38;2;209;209;235m█[38;2;255;255;255m█[38;2;253;253;251m█[38;2;253;253;253m████████████[38;2;253;253;251m█[38;2;255;255;255m█[38;2;209;209;235m█[38;2;1;1;26m█[38;2;2;2;123m█[38;2;4;4;125m█[38;2;13;13;9m██[38;2;13;13;16m██
██[38;2;13;13;9m██[38;2;4;4;125m█[38;2;3;3;124m█[38;2;0;0;23m█[38;2;202;202;229m█[38;2;255;255;255m█[38;2;253;253;251m█[38;2;253;253;253m██[38;2;254;254;254m██[38;2;253;253;253m████[38;2;254;254;254m██[38;2;253;253;253m██[38;2;253;253;251m█[38;2;255;255;255m█[38;2;203;203;230m█[38;2;0;0;23m█[38;2;3;3;124m█[38;2;4;4;125m█[38;2;13;13;9m██[38;2;13;13;16m██
██[38;2;13;15;6m██[38;2;5;5;120m█[38;2;6;6;122m█[38;2;0;0;31m█[38;2;118;120;162m█[38;2;255;255;255m█[38;2;255;255;252m█[38;2;255;255;255m██[38;2;253;253;253m█[38;2;252;252;252m█[38;2;255;255;255m████[38;2;251;251;251m█[38;2;253;253;253m█[38;2;255;255;255m██[38;2;255;255;252m█[38;2;255;255;255m█[38;2;122;124;166m█[38;2;0;0;31m█[38;2;6;6;124m█[38;2;5;5;123m█[38;2;13;15;6m██[38;2;13;13;16m██
██[38;2;13;15;6m██[38;2;8;6;97m█[38;2;9;8;98m█[38;2;0;2;94m█[38;2;0;0;88m█[38;2;147;148;134m█[38;2;242;243;229m█[38;2;246;246;244m█[38;2;179;179;176m█[38;2;51;52;41m█[38;2;44;45;34m█[38;2;167;167;165m█[38;2;245;245;243m██[38;2;166;166;164m█[38;2;42;44;33m█[38;2;49;51;40m█[38;2;180;180;178m█[38;2;247;247;245m█[38;2;243;244;230m█[38;2;150;151;137m█[38;2;0;0;87m█[38;2;2;1;91m█[38;2;6;9;101m█[38;2;5;8;100m█[38;2;13;15;6m██[38;2;13;13;16m██
██[38;2;13;13;11m██[38;2;11;10;42m██[38;2;3;3;178m█[38;2;0;0;168m█[38;2;0;0;5m█[38;2;23;22;35m█[38;2;30;30;35m█[38;2;0;0;2m█[38;2;0;0;104m█[38;2;0;0;105m█[38;2;0;0;4m█[38;2;27;26;38m██[38;2;0;0;4m█[38;2;0;0;107m█[38;2;0;0;104m█[38;2;0;0;2m█[38;2;30;30;35m█[38;2;24;23;34m█[38;2;0;0;3m█[38;2;0;0;168m█[38;2;3;3;178m█[38;2;11;10;42m██[38;2;13;13;11m██[38;2;13;13;16m██
████[38;2;13;15;6m██[38;2;4;4;125m█[38;2;6;6;127m█[38;2;0;0;205m█[38;2;0;0;197m█[38;2;0;0;187m█[38;2;0;0;194m█[38;2;1;1;211m██[38;2;0;0;194m█[38;2;0;0;187m██[38;2;0;0;194m█[38;2;1;1;214m██[38;2;0;0;192m█[38;2;0;0;183m█[38;2;0;0;197m█[38;2;0;0;205m█[38;2;6;6;130m█[38;2;4;4;127m█[38;2;13;15;6m██[38;2;13;13;16m████
████[38;2;13;13;13m██[38;2;13;13;16m██[38;2;6;8;108m██[38;2;6;6;113m██[38;2;11;12;27m██[38;2;6;8;109m████[38;2;11;12;27m██[38;2;6;6;116m██[38;2;6;8;108m██[38;2;13;13;16m██[38;2;13;13;13m██[38;2;13;13;16m████
████████[38;2;13;15;6m██[38;2;13;15;4m██[38;2;13;13;13m██[38;2;13;15;6m████[38;2;13;13;13m██[38;2;13;15;4m██[38;2;13;15;6m██[38;2;13;13;13m██[38;2;13;13;16m██████
████████████████████████████████
████████████████████████████████
████████████████████████████████