[38;2;13;13;16m██████████[38;2;13;13;11m████[38;2;11;10;45m████[38;2;13;13;11m████[38;2;13;13;16m██████████
████████[38;2;13;13;9m██[38;2;11;11;37m██[38;2;3;3;171m██[38;2;0;0;217m█[38;2;0;0;216m██[38;2;0;0;217m█[38;2;3;2;173m██[38;2;11;11;37m██[38;2;13;13;9m██[38;2;13;13;16m████████
██████[38;2;13;13;11m██[38;2;11;12;30m██[38;2;2;1;192m██[38;2;0;0;129m█[38;2;0;0;117m█[38;2;0;0;22m█[38;2;0;0;26m██[38;2;0;0;22m█[38;2;0;0;119m█[38;2;0;0;131m█[38;2;2;1;192m██[38;2;13;12;30m██[38;2;13;13;11m██[38;2;13;13;16m██████
██████[38;2;13;15;6m██[38;2;4;2;148m█[38;2;6;4;151m█[38;2;0;0;111m█[38;2;0;0;94m█[38;2;27;26;11m█[38;2;103;102;87m█[38;2;161;162;154m█[38;2;188;189;181m██[38;2;161;162;154m█[38;2;103;102;87m█[38;2;27;26;11m█[38;2;0;0;94m█[38;2;0;0;111m█[38;2;6;4;151m█[38;2;4;2;148m█[38;2;13;15;6m██[38;2;13;13;16m██████
████[38;2;13;13;9m██[38;2;9;10;60m██[38;2;4;4;164m█[38;2;0;0;146m█[38;2;5;5;1m█[38;2;133;133;129m█[38;2;240;240;238m█[38;2;255;255;255m██████[38;2;240;240;238m█[38;2;133;133;129m█[38;2;5;5;1m█[38;2;0;0;146m█[38;2;4;4;164m█[38;2;9;10;60m██[38;2;13;13;9m██[38;2;13;13;16m████
████[38;2;13;15;6m██[38;2;4;4;131m█[38;2;6;6;133m█[38;2;0;0;59m█[38;2;17;17;82m█[38;2;200;201;190m█[38;2;255;255;255m██[38;2;253;253;253m██████[38;2;255;255;255m██[38;2;200;201;190m█[38;2;17;17;82m█[38;2;0;0;59m█[38;2;6;6;133m█[38;2;4;4;131m█[38;2;13;15;6m██[38;2;13;13;16m████
██[38;2;13;13;13m██[38;2;13;12;24m██[38;2;5;3;152m█[38;2;0;0;143m█[38;2;8;8;13m█[38;2;203;203;209m█[38;2;255;255;255m█[38;2;253;253;251m█[38;2;253;253;253m████████[38;2;253;253;251m█[38;2;255;255;255m█[38;2;203;203;209m█[38;2;8;8;13m█[38;2;0;0;143m█[38;2;5;3;152m█[38;2;13;12;24m██[38;2;13;13;13m██[38;2;13;13;16m██
██[38;2;13;13;9m██[38;2;9;10;60m██[38;2;5;5;123m█[38;2;0;0;100m█[38;2;143;144;133m█[38;2;255;255;255m█[38;2;253;253;253m████████████[38;2;255;255;255m█[38;2;143;144;133m█[38;2;0;0;100m█[38;2;5;5;123m█[38;2;10;11;61m█[38;2;9;10;60m█[38;2;13;13;9m██[38;2;13;13;16m██
██[38;2;13;15;6m██[38;2;8;6;91m█[38;2;9;8;93m█[38;2;0;0;79m█[38;2;28;27;110m█[38;2;246;247;237m█[38;2;255;255;249m█[38;2;255;255;255m█[38;2;254;254;254m█[38;2;253;253;253m██████████[38;2;255;255;247m█[38;2;246;247;237m█[38;2;28;27;110m█[38;2;0;0;79m█[38;2;9;8;93m█[38;2;8;6;91m█[38;2;13;15;6m██[38;2;13;13;16m██
██[38;2;13;15;6m██[38;2;5;6;110m█[38;2;6;8;111m█[38;2;0;0;39m█[38;2;113;115;166m█[38;2;255;255;255m█[38;2;249;250;242m█[38;2;216;216;216m█[38;2;255;255;255m██[38;2;254;254;254m█[38;2;253;253;253m████████[38;2;253;254;246m█[38;2;255;255;255m█[38;2;113;115;166m█[38;2;0;0;39m█[38;2;6;8;111m█[38;2;5;6;110m█[38;2;13;15;6m██[38;2;13;13;16m██
██[38;2;13;15;6m██[38;2;5;5;120m██[38;2;0;0;24m█[38;2;178;176;211m█[38;2;255;255;255m█[38;2;160;160;155m█[38;2;0;0;0m█[38;2;66;66;66m█[38;2;188;188;188m█[38;2;255;255;255m██[38;2;252;252;252m█[38;2;255;255;255m██████[38;2;255;255;253m█[38;2;255;255;255m█[38;2;178;176;211m█[38;2;0;0;24m█[38;2;5;5;120m██[38;2;13;15;6m██[38;2;13;13;16m██
██[38;2;13;13;9m██[38;2;4;4;125m█[38;2;2;2;123m█[38;2;0;0;25m█[38;2;204;204;231m█[38;2;255;255;255m█[38;2;215;215;212m█[38;2;61;61;61m█[38;2;0;0;0m██[38;2;68;68;68m█[38;2;203;203;203m█[38;2;255;255;255m█[38;2;225;225;225m█[38;2;140;140;140m█[38;2;137;137;137m█[38;2;138;138;138m██[38;2;137;137;137m█[38;2;214;214;211m█[38;2;255;255;255m█[38;2;204;204;231m█[38;2;0;0;25m█[38;2;2;2;123m█[38;2;5;5;126m█[38;2;13;13;9m██[38;2;13;13;16m██
██[38;2;13;13;9m██[38;2;4;4;125m█[38;2;2;2;123m█[38;2;1;1;26m█[38;2;208;208;233m█[38;2;255;255;255m██[38;2;252;252;252m█[38;2;86;86;86m█[38;2;0;0;0m██[38;2;74;74;74m█[38;2;255;255;255m█[38;2;139;139;139m█[38;2;0;0;0m█████[38;2;105;105;103m█[38;2;255;255;255m█[38;2;208;208;233m█[38;2;1;1;26m█[38;2;2;2;123m█[38;2;5;5;126m█[38;2;13;13;9m██[38;2;13;13;16m██
██[38;2;13;13;9m██[38;2;4;4;125m█[38;2;2;2;123m█[38;2;0;0;25m█[38;2;208;208;233m█[38;2;255;255;255m█[38;2;203;203;201m█[38;2;38;38;38m█[38;2;0;0;0m█[38;2;2;2;2m█[38;2;93;93;93m█[38;2;218;218;218m█[38;2;255;255;255m█[38;2;235;235;235m█[38;2;166;166;166m█[38;2;162;162;162m█[38;2;164;164;164m███[38;2;226;226;224m█[38;2;255;255;255m█[38;2;208;208;233m█[38;2;1;1;26m█[38;2;2;2;123m█[38;2;5;5;126m█[38;2;13;13;9m██[38;2;13;13;16m██
██[38;2;13;13;9m██[38;2;4;4;125m█[38;2;2;2;123m█[38;2;0;0;25m█[38;2;208;208;233m█[38;2;255;255;255m█[38;2;167;167;165m█[38;2;0;0;0m█[38;2;89;89;89m█[38;2;209;209;209m█[38;2;255;255;255m██[38;2;252;252;252m█[38;2;255;255;255m██████[38;2;255;255;254m█[38;2;255;255;255m█[38;2;208;208;233m█[38;2;1;1;26m█[38;2;2;2;123m█[38;2;5;5;126m█[38;2;13;13;9m██[38;2;13;13;16m██
██[38;2;13;13;9m██[38;2;4;4;125m█[38;2;2;2;123m█[38;2;0;0;25m█[38;2;208;208;233m█[38;2;255;255;255m█[38;2;253;253;251m█[38;2;233;233;233m█[38;2;255;255;255m██[38;2;253;253;253m█████████[38;2;253;253;251m█[38;2;255;255;255m█[38;2;208;208;233m█[38;2;1;1;26m█[38;2;2;2;123m█[38;2;5;5;126m█[38;2;13;13;9m██[38;2;13;13;16m██
██[38;2;13;13;9m██[38;2;4;4;125m█[38;2;2;2;123m█[38;2;0;0;25m█[38;2;208;208;233m█[38;2;255;255;255m█[38;2;254;254;252m█[38;2;255;255;255m█[38;2;254;254;254m█[38;2;253;253;253m██████████[38;2;253;253;251m█[38;2;255;255;255m█[38;2;208;208;233m█[38;2;1;1;26m█[38;2;2;2;123m█[38;2;5;5;126m█[38;2;13;13;9m██[38;2;13;13;16m██
██[38;2;13;13;9m██[38;2;4;4;125m█[38;2;2;2;123m█[38;2;0;0;25m█[38;2;208;208;233m█[38;2;255;255;255m█[38;2;253;253;251m█[38;2;253;253;253m████████████[38;2;253;253;251m█[38;2;255;255;255m█[38;2;208;208;233m█[38;2;1;1;26m█[38;2;2;2;123m█[38;2;5;5;126m█[38;2;13;13;9m██[38;2;13;13;16m██
██[38;2;13;13;9m██[38;2;4;4;125m█[38;2;2;2;123m█[38;2;0;0;25m█[38;2;208;208;233m█[38;2;255;255;255m█[38;2;253;253;251m█[38;2;253;253;253m████████████[38;2;253;253;251m█[38;2;255;255;255m█[38;2;207;207;232m█[38;2;0;0;25m█[38;2;2;2;123m█[38;2;5;5;126m█[38;2;13;13;9m██[38;2;13;13;16m██
██[38;2;13;13;9m██[38;2;4;4;125m█[38;2;2;2;123m█[38;2;0;0;25m█[38;2;208;208;233m█[38;2;255;255;255m█[38;2;253;253;251m█[38;2;253;253;253m████████████[38;2;253;253;251m█[38;2;255;255;255m█[38;2;207;207;232m█[38;2;0;0;25m█[38;2;2;2;123m█[38;2;5;5;126m█[38;2;13;13;9m██[38;2;13;13;16m██
██[38;2;13;13;9m██[38;2;4;4;125m█[38;2;2;2;123m█[38;2;0;0;25m█[38;2;208;208;233m█[38;2;255;255;255m█[38;2;253;253;251m█[38;2;253;253;253m████████████[38;2;253;253;251m█[38;2;255;255;255m█[38;2;208;208;233m█[38;2;0;0;25m█[38;2;2;2;123m█[38;2;5;5;126m█[38;2;13;13;9m██[38;2;13;13;16m██
██[38;2;13;13;9m██[38;2;4;4;125m█[38;2;2;2;123m█[38;2;1;1;26m█[38;2;208;208;233m█[38;2;255;255;255m█[38;2;253;253;251m█[38;2;253;253;253m████████████[38;2;253;253;251m█[38;2;255;255;255m█[38;2;207;207;232m█[38;2;0;0;25m█[38;2;2;2;123m█[38;2;5;5;126m█[38;2;13;13;9m██[38;2;13;13;16m██
██[38;2;13;13;9m██[38;2;4;4;125m█[38;2;2;2;123m█[38;2;1;1;26m█[38;2;208;208;233m█[38;2;255;255;255m█[38;2;253;253;251m█[38;2;253;253;253m████████████[38;2;253;253;251m█[38;2;255;255;255m█[38;2;208;208;233m█[38;2;0;0;25m█[38;2;2;2;123m█[38;2;5;5;126m█[38;2;13;13;9m██[38;2;13;13;16m██
██[38;2;13;13;9m██[38;2;4;4;125m█[38;2;2;2;123m█[38;2;0;0;25m█[38;2;209;209;235m█[38;2;255;255;255m█[38;2;253;253;251m█[38;2;253;253;253m████████████[38;2;253;253;251m█[38;2;255;255;255m█[38;2;209;209;235m█[38;2;0;0;25m█[38;2;2;2;123m█[38;2;5;5;126m█[38;2;13;13;9m██[38;2;13;13;16m██
██[38;2;13;13;9m██[38;2;4;4;129m██[38;2;0;0;24m█[38;2;169;168;203m█[38;2;255;255;255m█[38;2;253;253;249m█[38;2;253;253;253m█[38;2;255;255;255m███[38;2;253;253;253m███[38;2;255;255;255m███[38;2;253;253;253m██[38;2;253;253;249m█[38;2;255;255;255m█[38;2;171;169;204m█[38;2;0;0;24m█[38;2;4;4;129m██[38;2;13;13;9m██[38;2;13;13;16m██
██[38;2;13;15;4m██[38;2;5;5;123m█[38;2;6;6;124m█[38;2;0;0;60m█[38;2;37;37;102m█[38;2;230;231;221m█[38;2;255;255;255m██[38;2;203;203;201m█[38;2;126;126;122m█[38;2;192;192;187m█[38;2;255;255;255m███[38;2;193;193;190m█[38;2;124;124;119m█[38;2;201;201;196m█[38;2;255;255;255m██[38;2;255;255;253m█[38;2;188;189;179m█[38;2;32;32;96m█[38;2;0;0;59m█[38;2;6;8;125m█[38;2;4;5;123m█[38;2;13;15;4m██[38;2;13;13;16m██
██[38;2;13;15;6m██[38;2;8;8;84m██[38;2;3;4;153m█[38;2;0;0;133m█[38;2;27;26;11m█[38;2;116;115;100m█[38;2;95;95;95m█[38;2;5;5;5m█[38;2;0;0;12m█[38;2;0;0;27m█[38;2;86;84;72m█[38;2;133;132;119m█[38;2;86;86;88m█[38;2;1;1;3m█[38;2;0;0;10m█[38;2;3;3;30m█[38;2;95;94;81m█[38;2;134;133;120m█[38;2;77;77;73m█[38;2;0;0;0m█[38;2;0;0;146m█[38;2;3;3;162m█[38;2;9;9;86m█[38;2;8;8;84m█[38;2;13;15;6m██[38;2;13;13;16m██
██[38;2;13;13;13m██[38;2;13;12;26m██[38;2;0;1;202m██[38;2;0;0;113m█[38;2;0;0;101m█[38;2;0;0;120m█[38;2;0;0;134m█[38;2;1;1;216m█[38;2;0;0;210m█[38;2;0;0;70m█[38;2;0;0;66m█[38;2;0;0;132m█[38;2;0;0;147m█[38;2;1;1;211m█[38;2;0;0;204m█[38;2;0;0;65m█[38;2;0;0;61m█[38;2;0;0;139m█[38;2;0;1;154m█[38;2;1;1;211m█[38;2;0;0;210m█[38;2;13;12;26m██[38;2;13;13;13m██[38;2;13;13;16m██
████[38;2;13;15;6m██[38;2;8;8;84m█[38;2;9;9;86m█[38;2;0;0;239m██[38;2;1;0;218m█[38;2;0;0;217m█[38;2;3;3;171m██[38;2;0;0;245m██[38;2;1;1;211m█[38;2;0;0;210m█[38;2;3;2;173m██[38;2;0;0;247m██[38;2;1;0;218m█[38;2;0;0;217m█[38;2;10;10;74m█[38;2;9;9;73m█[38;2;13;13;9m██[38;2;13;13;16m████
██████[38;2;13;13;9m██[38;2;11;10;53m██[38;2;11;10;45m██[38;2;13;13;13m██[38;2;9;9;68m█[38;2;10;10;69m█[38;2;11;11;40m██[38;2;13;13;16m██[38;2;9;9;73m█[38;2;10;10;74m█[38;2;11;11;40m██[38;2;13;15;6m██[38;2;13;13;16m██████
████████[38;2;13;13;9m██[38;2;13;13;11m██[38;2;13;13;16m██[38;2;13;15;6m██[38;2;13;13;11m██[38;2;13;13;13m██[38;2;13;15;6m██[38;2;13;13;11m██[38;2;13;13;16m████████
████████████████████████████████