[38;2;13;13;16m██████████████[38;2;13;13;13m████[38;2;13;13;16m██████████████
██████████[38;2;13;13;13m██[38;2;13;15;6m██[38;2;13;13;19m████[38;2;13;15;6m██[38;2;13;13;13m██[38;2;13;13;16m██████████
████████[38;2;13;13;11m██[38;2;13;12;22m██[38;2;4;4;129m█[38;2;5;5;130m█[38;2;0;0;209m█[38;2;1;1;210m█[38;2;1;1;208m█[38;2;0;0;207m█[38;2;6;6;124m█[38;2;5;5;123m█[38;2;13;13;17m██[38;2;13;13;11m██[38;2;13;13;16m████████
██████[38;2;13;13;13m██[38;2;13;13;17m██[38;2;2;2;175m█[38;2;3;3;176m█[38;2;0;0;228m█[38;2;0;0;223m█[38;2;0;0;150m█[38;2;0;0;146m█[38;2;0;0;151m█[38;2;0;0;155m█[38;2;0;0;229m█[38;2;0;0;232m█[38;2;3;3;162m██[38;2;13;13;13m████[38;2;13;13;16m██████
██████[38;2;13;15;4m██[38;2;4;4;133m█[38;2;5;5;134m█[38;2;0;1;200m█[38;2;0;0;189m█[38;2;0;0;17m█[38;2;1;1;30m█[38;2;33;34;23m█[38;2;53;54;42m█[38;2;51;52;40m█[38;2;27;28;17m█[38;2;0;0;35m█[38;2;0;0;28m█[38;2;0;0;202m█[38;2;1;1;211m█[38;2;6;6;116m█[38;2;5;5;115m█[38;2;13;15;4m██[38;2;13;13;16m██████
████[38;2;13;13;11m██[38;2;11;10;47m██[38;2;1;2;205m█[38;2;0;0;201m█[38;2;0;0;17m█[38;2;22;22;51m█[38;2;131;132;120m█[38;2;212;214;202m█[38;2;246;246;246m█[38;2;255;255;255m█[38;2;254;254;254m█[38;2;243;243;243m█[38;2;202;203;192m█[38;2;110;111;100m█[38;2;4;5;51m█[38;2;0;0;35m█[38;2;0;0;201m█[38;2;0;1;202m█[38;2;11;11;34m██[38;2;13;13;11m██[38;2;13;13;16m████
████[38;2;13;15;4m██[38;2;4;4;133m█[38;2;5;5;134m█[38;2;2;2;115m█[38;2;0;0;95m█[38;2;94;93;80m█[38;2;237;236;223m█[38;2;255;255;255m███[38;2;254;254;254m██[38;2;255;255;255m███[38;2;218;217;204m█[38;2;60;59;46m█[38;2;0;0;115m█[38;2;4;3;138m█[38;2;6;6;116m█[38;2;5;5;115m█[38;2;13;15;4m██[38;2;13;13;16m████
██[38;2;13;13;13m██[38;2;13;12;22m██[38;2;2;2;173m█[38;2;0;0;171m█[38;2;0;0;10m█[38;2;115;115;138m█[38;2;255;255;255m█[38;2;255;255;254m█[38;2;253;253;253m████████[38;2;255;255;255m█[38;2;250;251;243m█[38;2;68;70;109m█[38;2;0;0;26m█[38;2;3;3;166m██[38;2;13;13;13m██[38;2;13;13;16m████
██[38;2;13;13;9m██[38;2;9;10;60m██[38;2;6;5;148m█[38;2;0;0;125m█[38;2;80;81;70m█[38;2;255;255;252m█[38;2;255;255;255m█[38;2;253;253;253m██████████[38;2;255;255;255m█[38;2;240;240;238m█[38;2;35;35;33m█[38;2;0;0;143m█[38;2;4;5;159m█[38;2;11;10;42m██[38;2;13;13;11m██[38;2;13;13;16m██
██[38;2;13;15;6m██[38;2;8;6;97m█[38;2;9;8;98m█[38;2;0;0;95m█[38;2;3;4;100m█[38;2;222;223;211m█[38;2;255;255;251m█[38;2;255;255;255m█[38;2;254;254;254m█[38;2;253;253;253m██████████[38;2;255;255;255m█[38;2;175;176;165m█[38;2;0;0;100m█[38;2;4;4;119m█[38;2;8;9;76m██[38;2;13;13;9m██[38;2;13;13;16m██
██[38;2;13;15;6m██[38;2;5;5;120m█[38;2;6;6;122m█[38;2;0;0;45m█[38;2;94;94;151m█[38;2;255;255;255m█[38;2;249;250;242m█[38;2;219;219;219m█[38;2;255;255;255m██[38;2;253;253;253m█████████[38;2;254;255;245m█[38;2;253;254;244m█[38;2;40;40;119m█[38;2;0;0;74m█[38;2;6;8;103m█[38;2;5;6;102m█[38;2;13;15;6m██[38;2;13;13;16m██
██[38;2;13;13;9m██[38;2;4;4;129m██[38;2;0;0;24m█[38;2;176;175;210m█[38;2;255;255;255m█[38;2;153;153;148m█[38;2;0;0;0m█[38;2;84;84;84m█[38;2;217;217;217m█[38;2;255;255;255m██[38;2;252;252;252m█[38;2;255;255;255m██████[38;2;255;255;249m█[38;2;255;255;255m█[38;2;116;117;168m█[38;2;0;0;39m█[38;2;6;6;118m█[38;2;5;5;117m█[38;2;13;15;6m██[38;2;13;13;16m██
██[38;2;13;13;11m██[38;2;5;5;130m█[38;2;1;1;125m█[38;2;4;4;27m█[38;2;216;216;239m█[38;2;255;255;255m█[38;2;209;209;207m█[38;2;45;45;45m█[38;2;0;0;0m█[38;2;8;8;8m█[38;2;123;123;123m█[38;2;240;240;240m█[38;2;255;255;255m█[38;2;239;239;239m█[38;2;189;189;189m█[38;2;188;188;188m███[38;2;190;190;190m█[38;2;242;242;237m█[38;2;255;255;255m█[38;2;166;165;204m█[38;2;0;0;27m█[38;2;6;6;122m█[38;2;5;5;120m█[38;2;13;15;6m██[38;2;13;13;16m██
██[38;2;13;13;11m██[38;2;5;5;129m█[38;2;0;0;122m█[38;2;12;13;31m█[38;2;228;229;246m█[38;2;255;255;254m█[38;2;255;255;255m██[38;2;108;108;108m█[38;2;0;0;0m██[38;2;110;110;110m█[38;2;255;255;255m█[38;2;122;122;122m█[38;2;0;0;0m█████[38;2;130;130;125m█[38;2;255;255;255m█[38;2;182;181;216m█[38;2;0;0;25m█[38;2;5;5;120m██[38;2;13;15;6m██[38;2;13;13;16m██
██[38;2;13;13;11m██[38;2;5;5;129m█[38;2;0;0;122m█[38;2;13;15;32m█[38;2;228;229;246m█[38;2;255;255;255m█[38;2;242;242;239m█[38;2;124;124;124m█[38;2;12;12;12m█[38;2;0;0;0m█[38;2;48;48;48m█[38;2;201;201;201m█[38;2;255;255;255m█[38;2;204;204;204m█[38;2;109;109;109m█[38;2;110;110;110m█[38;2;111;111;111m█[38;2;110;110;110m██[38;2;208;208;203m█[38;2;255;255;255m█[38;2;183;182;217m█[38;2;0;0;25m█[38;2;5;5;120m██[38;2;13;15;6m██[38;2;13;13;16m██
██[38;2;13;13;11m██[38;2;5;5;129m█[38;2;0;0;122m█[38;2;12;13;31m█[38;2;226;228;245m█[38;2;255;255;255m█[38;2;147;147;145m█[38;2;0;0;0m█[38;2;19;19;19m█[38;2;148;148;148m█[38;2;252;252;252m█[38;2;255;255;255m█[38;2;252;252;252m█[38;2;255;255;255m██████[38;2;255;255;253m█[38;2;255;255;255m█[38;2;185;183;218m█[38;2;0;0;26m█[38;2;5;5;120m██[38;2;13;15;6m██[38;2;13;13;16m██
██[38;2;13;13;11m██[38;2;5;5;129m█[38;2;0;0;123m█[38;2;11;12;30m█[38;2;226;228;245m█[38;2;255;255;255m█[38;2;225;225;223m█[38;2;147;147;147m█[38;2;229;229;229m█[38;2;255;255;255m██[38;2;253;253;253m████████[38;2;253;253;249m█[38;2;255;255;255m█[38;2;185;183;218m█[38;2;0;0;26m█[38;2;5;5;120m██[38;2;13;15;6m██[38;2;13;13;16m██
██[38;2;13;13;11m██[38;2;5;5;129m█[38;2;0;0;123m█[38;2;11;12;30m█[38;2;225;226;244m█[38;2;255;255;255m█[38;2;255;255;254m█[38;2;255;255;255m██[38;2;253;253;253m██████████[38;2;253;253;249m█[38;2;255;255;255m█[38;2;186;185;219m█[38;2;0;0;26m█[38;2;4;5;120m██[38;2;13;15;6m██[38;2;13;13;16m██
██[38;2;13;13;11m██[38;2;5;5;130m█[38;2;0;0;124m█[38;2;10;10;31m█[38;2;224;224;245m█[38;2;255;255;255m█[38;2;253;253;251m█[38;2;253;253;253m████████████[38;2;253;253;249m█[38;2;255;255;255m█[38;2;188;187;219m█[38;2;0;0;24m█[38;2;5;5;120m██[38;2;13;13;9m██[38;2;13;13;16m██
██[38;2;13;13;11m██[38;2;5;5;129m█[38;2;0;0;123m█[38;2;9;9;30m█[38;2;223;223;244m█[38;2;255;255;255m█[38;2;253;253;251m█[38;2;253;253;253m████████████[38;2;253;253;249m█[38;2;255;255;255m█[38;2;189;188;221m█[38;2;0;0;25m█[38;2;4;4;119m█[38;2;5;5;120m█[38;2;13;13;9m██[38;2;13;13;16m██
██[38;2;13;13;11m██[38;2;5;5;129m█[38;2;0;0;123m█[38;2;8;8;28m█[38;2;221;221;242m█[38;2;255;255;255m█[38;2;253;253;251m█[38;2;253;253;253m████████████[38;2;253;253;249m█[38;2;255;255;255m█[38;2;192;190;223m█[38;2;0;0;25m█[38;2;3;4;122m█[38;2;4;5;123m█[38;2;13;13;9m██[38;2;13;13;16m██
██[38;2;13;13;11m██[38;2;5;5;129m█[38;2;1;1;124m█[38;2;6;6;27m█[38;2;219;219;240m█[38;2;255;255;255m█[38;2;253;253;251m█[38;2;253;253;253m████████████[38;2;253;253;249m█[38;2;255;255;255m█[38;2;194;194;223m█[38;2;0;0;24m█[38;2;3;4;122m█[38;2;4;5;123m█[38;2;13;13;9m██[38;2;13;13;16m██
██[38;2;13;13;11m██[38;2;5;5;129m█[38;2;1;1;124m█[38;2;5;5;28m█[38;2;218;218;242m█[38;2;255;255;255m█[38;2;253;253;251m█[38;2;253;253;253m████████████[38;2;253;253;249m█[38;2;255;255;255m█[38;2;198;198;228m█[38;2;0;0;25m█[38;2;3;4;122m█[38;2;4;5;123m█[38;2;13;13;9m██[38;2;13;13;16m██
██[38;2;13;13;9m██[38;2;5;5;129m█[38;2;2;2;125m█[38;2;0;0;24m█[38;2;207;207;232m█[38;2;255;255;255m█[38;2;253;253;251m█[38;2;253;253;253m██[38;2;255;255;255m██[38;2;253;253;253m████[38;2;255;255;255m██[38;2;253;253;253m██[38;2;253;253;249m█[38;2;255;255;255m█[38;2;189;188;221m█[38;2;0;0;24m█[38;2;5;5;123m██[38;2;13;13;9m██[38;2;13;13;16m██
██[38;2;13;15;6m██[38;2;5;5;118m█[38;2;6;6;119m█[38;2;0;0;33m█[38;2;105;107;152m█[38;2;255;255;255m█[38;2;255;255;253m█[38;2;255;255;255m██[38;2;238;238;238m█[38;2;235;235;235m█[38;2;255;255;255m████[38;2;235;235;235m█[38;2;237;237;237m█[38;2;255;255;255m██[38;2;255;255;254m█[38;2;255;255;255m█[38;2;93;94;144m█[38;2;0;0;39m█[38;2;6;6;116m█[38;2;5;5;115m█[38;2;13;15;6m██[38;2;13;13;16m██
██[38;2;13;15;6m██[38;2;8;6;89m█[38;2;9;8;90m█[38;2;2;3;104m█[38;2;0;0;90m█[38;2;116;115;100m█[38;2;219;218;203m█[38;2;226;226;222m█[38;2;147;147;143m█[38;2;24;25;17m█[38;2;17;18;10m█[38;2;131;131;126m█[38;2;222;222;217m█[38;2;223;223;218m█[38;2;134;134;130m█[38;2;18;19;11m█[38;2;22;23;15m█[38;2;144;144;139m█[38;2;224;224;219m█[38;2;219;218;203m█[38;2;112;111;96m█[38;2;0;0;91m█[38;2;3;4;108m█[38;2;9;9;88m█[38;2;8;8;87m█[38;2;13;15;6m██[38;2;13;13;16m██
██[38;2;13;13;13m██[38;2;11;11;32m██[38;2;3;3;180m█[38;2;0;0;174m█[38;2;0;0;25m█[38;2;3;2;39m█[38;2;6;6;30m█[38;2;0;0;12m█[38;2;0;0;141m█[38;2;0;0;144m█[38;2;0;0;18m█[38;2;4;4;33m█[38;2;5;5;32m█[38;2;0;0;16m█[38;2;0;0;143m██[38;2;0;0;15m█[38;2;6;6;32m█[38;2;2;1;38m█[38;2;0;0;25m█[38;2;0;0;172m█[38;2;2;2;176m█[38;2;11;12;30m██[38;2;13;13;13m██[38;2;13;13;16m██
████[38;2;13;15;6m██[38;2;8;6;94m█[38;2;9;8;95m█[38;2;0;0;215m█[38;2;0;0;210m█[38;2;0;0;203m█[38;2;0;0;208m█[38;2;2;2;179m██[38;2;0;0;207m█[38;2;0;0;202m█[38;2;0;0;204m█[38;2;0;0;209m█[38;2;2;2;176m██[38;2;0;0;208m█[38;2;0;0;204m█[38;2;0;0;210m█[38;2;0;0;215m█[38;2;9;8;96m█[38;2;8;6;95m█[38;2;13;15;6m██[38;2;13;13;16m████
██████[38;2;13;13;9m██[38;2;9;10;63m█[38;2;10;11;65m█[38;2;10;10;72m█[38;2;9;9;70m█[38;2;13;13;11m██[38;2;9;9;66m█[38;2;10;10;67m██[38;2;9;9;66m█[38;2;13;13;11m██[38;2;9;9;68m█[38;2;10;10;69m█[38;2;10;11;65m█[38;2;9;10;63m█[38;2;13;13;9m██[38;2;13;13;16m██████
████████[38;2;13;13;9m████[38;2;13;13;16m██[38;2;13;13;9m████[38;2;13;13;16m██[38;2;13;13;9m████[38;2;13;13;16m████████
████████████████████████████████
████████████████████████████████