[38;2;13;13;16m████████████████████████████████
████████████[38;2;13;13;11m██[38;2;13;15;4m████[38;2;13;13;11m██[38;2;13;13;16m████████████
██████████[38;2;13;15;6m██[38;2;11;10;47m██[38;2;6;6;122m████[38;2;11;10;47m██[38;2;13;15;6m██[38;2;13;13;16m██████████
████████[38;2;13;15;4m██[38;2;8;6;94m█[38;2;9;8;95m█[38;2;0;0;219m█[38;2;0;0;218m█[38;2;0;0;186m█[38;2;0;0;182m██[38;2;0;0;186m█[38;2;0;0;218m█[38;2;0;0;219m█[38;2;9;8;95m█[38;2;8;6;94m█[38;2;13;15;4m██[38;2;13;13;16m████████
██████[38;2;13;15;6m██[38;2;9;9;68m█[38;2;10;10;69m█[38;2;1;1;208m█[38;2;0;0;201m█[38;2;0;0;51m█[38;2;0;0;49m█[38;2;11;12;4m█[38;2;28;30;22m██[38;2;11;12;4m█[38;2;0;0;49m█[38;2;0;0;51m█[38;2;0;0;201m█[38;2;1;1;208m█[38;2;10;10;69m█[38;2;9;9;68m█[38;2;13;15;6m██[38;2;13;13;16m██████
████[38;2;13;13;13m██[38;2;13;13;17m██[38;2;2;2;179m██[38;2;0;0;51m█[38;2;0;0;56m█[38;2;90;89;76m█[38;2;181;180;167m█[38;2;226;226;226m█[38;2;243;243;243m██[38;2;226;226;226m█[38;2;181;180;167m█[38;2;90;89;76m█[38;2;0;0;56m█[38;2;0;0;51m█[38;2;2;2;179m██[38;2;13;13;17m██[38;2;13;13;13m██[38;2;13;13;16m████
████[38;2;13;15;6m██[38;2;8;6;89m█[38;2;9;8;90m█[38;2;4;3;138m█[38;2;0;0;115m█[38;2;49;51;37m█[38;2;204;205;192m█[38;2;255;255;255m████████[38;2;204;205;192m█[38;2;49;51;37m█[38;2;0;0;115m█[38;2;4;3;138m█[38;2;9;8;90m█[38;2;8;6;89m█[38;2;13;15;6m██[38;2;13;13;16m████
████[38;2;13;13;9m██[38;2;2;3;148m█[38;2;3;4;150m█[38;2;0;0;27m█[38;2;68;67;108m█[38;2;246;247;239m█[38;2;255;255;255m█[38;2;253;253;253m████████[38;2;255;255;255m█[38;2;246;247;239m█[38;2;68;67;108m█[38;2;0;0;27m█[38;2;3;4;150m█[38;2;2;3;148m█[38;2;13;13;9m██[38;2;13;13;16m████
██[38;2;13;13;13m██[38;2;11;11;37m██[38;2;4;5;151m█[38;2;0;0;133m█[38;2;40;40;38m█[38;2;243;243;240m█[38;2;255;255;255m█[38;2;253;253;253m██████████[38;2;255;255;255m█[38;2;243;243;240m█[38;2;40;40;38m█[38;2;0;0;133m█[38;2;4;5;151m█[38;2;11;11;37m██[38;2;13;13;13m██[38;2;13;13;16m██
██[38;2;13;13;9m██[38;2;8;9;73m█[38;2;9;10;74m█[38;2;3;3;110m█[38;2;0;0;94m█[38;2;186;187;175m█[38;2;255;255;254m█[38;2;253;253;253m█[38;2;254;254;254m██[38;2;253;253;253m██████[38;2;254;254;254m██[38;2;253;253;253m█[38;2;255;255;254m█[38;2;186;187;175m█[38;2;0;0;96m█[38;2;3;3;112m█[38;2;10;10;74m█[38;2;9;9;73m█[38;2;13;13;9m██[38;2;13;13;16m██
██[38;2;13;15;6m██[38;2;5;6;102m█[38;2;6;8;103m█[38;2;0;0;63m█[38;2;54;54;125m█[38;2;255;255;250m█[38;2;254;255;245m█[38;2;255;255;255m██[38;2;251;251;251m█[38;2;255;255;255m██[38;2;253;253;253m██[38;2;255;255;255m██[38;2;252;252;252m█[38;2;255;255;255m██[38;2;255;255;246m█[38;2;255;255;250m█[38;2;54;54;125m█[38;2;0;0;63m█[38;2;6;8;103m█[38;2;5;6;102m█[38;2;13;15;6m██[38;2;13;13;16m██
██[38;2;13;15;6m██[38;2;5;5;117m█[38;2;6;6;118m█[38;2;0;0;32m█[38;2;137;138;183m█[38;2;255;255;255m██[38;2;168;168;168m█[38;2;70;70;70m█[38;2;62;62;62m█[38;2;88;88;88m█[38;2;215;215;215m█[38;2;255;255;255m██[38;2;231;231;231m█[38;2;102;102;102m█[38;2;65;65;65m█[38;2;66;66;66m█[38;2;147;147;147m█[38;2;255;255;252m█[38;2;255;255;255m█[38;2;137;138;183m█[38;2;0;0;32m█[38;2;6;6;118m█[38;2;5;5;117m█[38;2;13;15;6m██[38;2;13;13;16m██
██[38;2;13;13;9m██[38;2;5;5;123m█[38;2;4;4;122m█[38;2;0;0;24m█[38;2;189;188;221m█[38;2;255;255;255m█[38;2;169;169;165m█[38;2;31;31;31m█[38;2;124;124;124m█[38;2;157;157;157m█[38;2;81;81;81m█[38;2;39;39;39m█[38;2;239;239;239m█[38;2;252;252;252m█[38;2;58;58;58m█[38;2;82;82;82m█[38;2;145;145;145m█[38;2;137;137;137m█[38;2;23;23;23m█[38;2;145;145;140m█[38;2;255;255;255m█[38;2;189;188;221m█[38;2;0;0;24m█[38;2;4;5;123m██[38;2;13;13;9m██[38;2;13;13;16m██
██[38;2;13;13;9m██[38;2;4;4;125m█[38;2;2;2;123m█[38;2;0;0;25m█[38;2;207;207;232m█[38;2;255;255;255m█[38;2;70;70;68m█[38;2;103;103;103m█[38;2;28;28;28m█[38;2;34;34;34m█[38;2;62;62;62m█[38;2;58;58;58m█[38;2;180;180;180m█[38;2;193;193;193m█[38;2;51;51;51m█[38;2;81;81;81m█[38;2;32;32;32m█[38;2;19;19;19m█[38;2;100;100;100m█[38;2;62;62;60m█[38;2;255;255;255m█[38;2;207;207;232m█[38;2;0;0;25m█[38;2;2;2;123m█[38;2;4;4;125m█[38;2;13;13;9m██[38;2;13;13;16m██
██[38;2;13;13;9m██[38;2;4;4;125m█[38;2;2;2;123m█[38;2;0;0;25m█[38;2;209;209;235m█[38;2;255;255;255m█[38;2;62;62;60m█[38;2;101;101;101m█[38;2;23;23;23m█[38;2;80;80;80m█[38;2;26;26;26m█[38;2;45;45;45m█[38;2;193;193;193m█[38;2;175;175;175m█[38;2;66;66;66m█[38;2;47;47;47m█[38;2;82;82;82m█[38;2;16;16;16m█[38;2;63;63;63m█[38;2;73;73;70m█[38;2;255;255;255m█[38;2;208;208;233m█[38;2;0;0;25m█[38;2;2;2;123m█[38;2;4;4;125m█[38;2;13;13;9m██[38;2;13;13;16m██
██[38;2;13;13;9m██[38;2;4;4;125m█[38;2;2;2;123m█[38;2;0;0;25m█[38;2;208;208;233m█[38;2;255;255;255m█[38;2;113;113;111m█[38;2;62;62;62m█[38;2;87;87;87m█[38;2;97;97;97m█[38;2;75;75;75m█[38;2;111;111;111m█[38;2;255;255;255m█[38;2;224;224;224m█[38;2;33;33;33m█[38;2;104;104;104m█[38;2;73;73;73m█[38;2;105;105;105m█[38;2;62;62;62m█[38;2;198;198;196m█[38;2;255;255;255m█[38;2;208;208;233m█[38;2;0;0;25m█[38;2;2;2;123m█[38;2;4;4;125m█[38;2;13;13;9m██[38;2;13;13;16m██
██[38;2;13;13;9m██[38;2;4;4;125m█[38;2;2;2;123m█[38;2;0;0;25m█[38;2;208;208;233m█[38;2;255;255;255m█[38;2;242;242;239m█[38;2;77;77;77m█[38;2;52;52;52m█[38;2;81;81;81m█[38;2;175;175;175m█[38;2;255;255;255m█[38;2;254;254;254m█[38;2;255;255;255m█[38;2;164;164;164m█[38;2;40;40;40m█[38;2;73;73;73m█[38;2;109;109;109m█[38;2;247;247;247m█[38;2;255;255;255m██[38;2;208;208;233m█[38;2;0;0;25m█[38;2;2;2;123m█[38;2;4;4;125m█[38;2;13;13;9m██[38;2;13;13;16m██
██[38;2;13;13;9m██[38;2;4;4;125m█[38;2;2;2;123m█[38;2;0;0;25m█[38;2;208;208;233m█[38;2;255;255;255m█[38;2;255;255;254m█[38;2;255;255;255m█[38;2;203;203;203m█[38;2;173;173;173m█[38;2;223;223;223m█[38;2;255;255;255m█[38;2;253;253;253m██[38;2;255;255;255m█[38;2;231;231;231m█[38;2;180;180;180m█[38;2;189;189;189m█[38;2;251;251;251m█[38;2;254;254;252m█[38;2;255;255;255m█[38;2;208;208;233m█[38;2;0;0;25m█[38;2;2;2;123m█[38;2;4;4;125m█[38;2;13;13;9m██[38;2;13;13;16m██
██[38;2;13;13;9m██[38;2;4;4;125m█[38;2;2;2;123m█[38;2;0;0;25m█[38;2;208;208;233m█[38;2;255;255;255m█[38;2;253;253;251m█[38;2;254;254;254m█[38;2;255;255;255m███[38;2;253;253;253m████[38;2;255;255;255m███[38;2;253;253;253m█[38;2;253;253;251m█[38;2;255;255;255m█[38;2;208;208;233m█[38;2;0;0;25m█[38;2;2;2;123m█[38;2;4;4;125m█[38;2;13;13;9m██[38;2;13;13;16m██
██[38;2;13;13;9m██[38;2;4;4;125m█[38;2;2;2;123m█[38;2;0;0;25m█[38;2;208;208;233m█[38;2;255;255;255m█[38;2;253;253;251m█[38;2;253;253;253m████████████[38;2;253;253;251m█[38;2;255;255;255m█[38;2;208;208;233m█[38;2;0;0;25m█[38;2;2;2;123m█[38;2;4;4;125m█[38;2;13;13;9m██[38;2;13;13;16m██
██[38;2;13;13;9m██[38;2;4;4;125m█[38;2;2;2;123m█[38;2;0;0;25m█[38;2;208;208;233m█[38;2;255;255;255m█[38;2;253;253;251m█[38;2;253;253;253m████████████[38;2;253;253;251m█[38;2;255;255;255m█[38;2;208;208;233m█[38;2;0;0;25m█[38;2;2;2;123m█[38;2;4;4;125m█[38;2;13;13;9m██[38;2;13;13;16m██
██[38;2;13;13;9m██[38;2;4;4;125m█[38;2;2;2;123m█[38;2;0;0;25m█[38;2;208;208;233m█[38;2;255;255;255m█[38;2;253;253;251m█[38;2;253;253;253m████████████[38;2;253;253;251m█[38;2;255;255;255m█[38;2;208;208;233m█[38;2;0;0;25m█[38;2;2;2;123m█[38;2;4;4;125m█[38;2;13;13;9m██[38;2;13;13;16m██
██[38;2;13;13;9m██[38;2;4;4;125m█[38;2;2;2;123m█[38;2;0;0;25m█[38;2;208;208;233m█[38;2;255;255;255m█[38;2;253;253;251m█[38;2;253;253;253m████████████[38;2;253;253;251m█[38;2;255;255;255m█[38;2;208;208;233m█[38;2;0;0;25m█[38;2;2;2;123m█[38;2;5;5;126m█[38;2;13;13;9m██[38;2;13;13;16m██
██[38;2;13;13;9m██[38;2;5;4;125m█[38;2;3;2;123m█[38;2;0;0;25m█[38;2;209;209;235m█[38;2;255;255;255m█[38;2;253;253;251m█[38;2;253;253;253m████████████[38;2;253;253;251m█[38;2;255;255;255m█[38;2;209;209;235m█[38;2;1;1;26m█[38;2;2;2;123m█[38;2;5;5;126m█[38;2;13;13;9m██[38;2;13;13;16m██
██[38;2;13;13;9m██[38;2;5;5;123m██[38;2;0;0;23m█[38;2;183;182;215m█[38;2;255;255;255m█[38;2;253;253;249m█[38;2;253;253;253m█[38;2;254;254;254m█[38;2;255;255;255m██[38;2;254;254;254m█[38;2;253;253;253m██[38;2;254;254;254m█[38;2;255;255;255m██[38;2;254;254;254m█[38;2;253;253;253m█[38;2;253;253;249m█[38;2;255;255;255m█[38;2;186;186;215m█[38;2;0;0;22m█[38;2;5;4;125m██[38;2;13;13;9m██[38;2;13;13;16m██
██[38;2;13;15;6m██[38;2;5;5;112m█[38;2;6;6;113m█[38;2;0;0;48m█[38;2;62;62;119m█[38;2;253;254;246m█[38;2;255;255;255m███[38;2;196;196;194m█[38;2;190;190;188m█[38;2;255;255;255m████[38;2;190;190;188m█[38;2;195;195;193m█[38;2;255;255;255m███[38;2;255;255;249m█[38;2;65;65;122m█[38;2;0;0;47m█[38;2;6;6;116m█[38;2;5;5;115m█[38;2;13;15;6m██[38;2;13;13;16m██
██[38;2;13;13;9m██[38;2;9;9;74m█[38;2;10;10;75m█[38;2;4;4;129m█[38;2;0;0;108m█[38;2;60;59;44m█[38;2;165;164;148m█[38;2;174;175;167m█[38;2;88;89;81m█[38;2;0;0;4m█[38;2;0;0;1m█[38;2;76;77;69m█[38;2;171;172;164m██[38;2;76;77;69m█[38;2;0;0;1m█[38;2;0;0;3m█[38;2;88;89;81m█[38;2;175;176;168m█[38;2;167;166;151m█[38;2;62;61;46m█[38;2;0;0;107m█[38;2;4;4;127m█[38;2;9;10;77m█[38;2;8;9;76m█[38;2;13;13;9m██[38;2;13;13;16m██
██[38;2;13;13;13m██[38;2;13;13;19m██[38;2;2;2;176m█[38;2;1;1;175m█[38;2;0;0;75m█[38;2;0;0;68m█[38;2;0;0;51m█[38;2;0;0;53m█[38;2;0;0;195m█[38;2;0;0;196m█[38;2;0;0;62m█[38;2;0;0;59m█[38;2;0;0;56m█[38;2;0;0;60m█[38;2;0;0;196m█[38;2;0;0;195m█[38;2;0;0;54m█[38;2;0;0;52m█[38;2;0;0;66m█[38;2;0;0;73m█[38;2;1;1;175m█[38;2;2;2;176m█[38;2;13;13;19m██[38;2;13;13;13m██[38;2;13;13;16m██
████[38;2;13;13;9m██[38;2;9;10;60m█[38;2;10;11;61m█[38;2;0;0;207m██[38;2;0;0;209m██[38;2;5;5;129m██[38;2;1;2;205m█[38;2;0;1;204m███[38;2;5;5;126m██[38;2;0;0;207m████[38;2;10;11;62m█[38;2;9;10;61m█[38;2;13;13;9m██[38;2;13;13;16m████
██████[38;2;13;13;9m██[38;2;11;12;27m██[38;2;11;11;32m██[38;2;13;15;4m██[38;2;11;12;30m████[38;2;13;15;4m██[38;2;11;11;32m██[38;2;11;12;27m██[38;2;13;13;9m██[38;2;13;13;16m██████
████████[38;2;13;13;13m██[38;2;13;13;11m██[38;2;13;13;16m██[38;2;13;13;13m████[38;2;13;13;16m██[38;2;13;13;13m████[38;2;13;13;16m████████
████████████████████████████████