[38;2;13;13;16m██████████[38;2;13;15;6m██[38;2;11;12;30m██[38;2;8;6;94m██[38;2;9;8;98m█[38;2;8;6;97m█[38;2;11;11;38m██[38;2;13;15;6m██[38;2;13;13;16m██████████
████████[38;2;13;15;6m██[38;2;9;10;63m█[38;2;10;11;65m█[38;2;0;0;209m██[38;2;0;0;212m█[38;2;0;0;210m█[38;2;0;0;207m█[38;2;0;0;209m█[38;2;0;0;217m██[38;2;9;9;88m█[38;2;8;8;87m█[38;2;13;15;6m██[38;2;13;13;16m████████
██████[38;2;13;13;11m██[38;2;11;10;42m██[38;2;0;0;209m█[38;2;0;0;208m█[38;2;0;0;101m█[38;2;0;0;89m█[38;2;0;0;4m█[38;2;8;6;16m█[38;2;10;10;13m█[38;2;1;1;4m█[38;2;0;0;63m█[38;2;0;0;68m█[38;2;0;0;205m█[38;2;1;1;211m█[38;2;10;10;74m█[38;2;9;9;73m█[38;2;13;15;6m██[38;2;13;13;16m██████
██████[38;2;13;13;9m██[38;2;3;3;160m█[38;2;4;4;161m█[38;2;0;0;103m█[38;2;0;0;86m█[38;2;39;38;23m█[38;2;130;129;113m█[38;2;193;193;190m█[38;2;219;219;217m█[38;2;224;224;222m█[38;2;208;208;205m█[38;2;162;161;146m█[38;2;80;79;63m█[38;2;0;0;56m█[38;2;0;0;49m█[38;2;1;0;185m█[38;2;2;1;186m█[38;2;13;12;24m██[38;2;13;13;13m██[38;2;13;13;16m████
████[38;2;13;13;9m██[38;2;9;10;58m██[38;2;4;4;169m█[38;2;0;0;154m█[38;2;3;3;0m█[38;2;139;139;134m█[38;2;249;249;246m█[38;2;255;255;255m███████[38;2;207;205;193m█[38;2;61;60;47m█[38;2;0;0;107m█[38;2;3;3;130m█[38;2;6;8;105m█[38;2;5;6;104m█[38;2;13;15;4m██[38;2;13;13;16m████
████[38;2;13;15;4m██[38;2;5;4;127m█[38;2;8;6;130m█[38;2;0;0;73m█[38;2;4;4;81m█[38;2;189;190;179m█[38;2;255;255;255m██[38;2;253;253;253m███████[38;2;255;255;255m█[38;2;254;254;250m█[38;2;95;95;122m█[38;2;0;0;13m█[38;2;1;1;158m█[38;2;3;3;160m█[38;2;13;13;16m██████
████[38;2;13;13;17m██[38;2;5;3;153m█[38;2;1;0;148m█[38;2;0;0;9m█[38;2;169;171;186m█[38;2;255;255;255m█[38;2;253;253;251m█[38;2;253;253;253m█████████[38;2;255;255;255m█[38;2;255;255;250m█[38;2;77;79;68m█[38;2;0;0;118m█[38;2;5;4;141m█[38;2;9;11;53m██[38;2;13;13;11m██[38;2;13;13;16m██
██[38;2;13;13;11m██[38;2;11;10;45m██[38;2;6;5;140m█[38;2;0;0;116m█[38;2;91;93;84m█[38;2;255;255;255m█[38;2;254;254;254m█[38;2;253;253;253m███████████[38;2;255;255;251m█[38;2;229;230;219m█[38;2;12;11;98m█[38;2;0;0;86m█[38;2;9;8;96m█[38;2;8;6;95m█[38;2;13;15;6m██[38;2;13;13;16m██
██[38;2;13;13;9m██[38;2;9;9;73m█[38;2;10;10;74m█[38;2;2;3;107m█[38;2;0;0;98m█[38;2;208;209;197m█[38;2;255;255;251m█[38;2;253;253;253m████████████[38;2;253;254;246m█[38;2;255;255;255m█[38;2;119;120;166m█[38;2;0;0;32m█[38;2;6;6;122m█[38;2;5;5;120m█[38;2;13;15;6m██[38;2;13;13;16m██
██[38;2;13;15;6m██[38;2;8;6;91m█[38;2;9;8;93m█[38;2;0;0;70m█[38;2;46;46;123m█[38;2;255;255;246m█[38;2;254;255;245m█[38;2;253;253;253m████████████[38;2;253;253;251m█[38;2;255;255;255m█[38;2;207;207;230m█[38;2;0;0;23m█[38;2;2;2;129m█[38;2;5;5;132m█[38;2;13;13;11m██[38;2;13;13;16m██
██[38;2;13;15;6m██[38;2;8;5;102m█[38;2;9;6;103m█[38;2;0;0;47m█[38;2;98;98;158m█[38;2;255;255;255m█[38;2;253;254;246m█[38;2;253;253;253m████████████[38;2;253;253;251m█[38;2;255;255;253m█[38;2;245;244;255m█[38;2;31;30;41m█[38;2;0;0;124m█[38;2;5;5;134m█[38;2;13;13;16m████
██[38;2;13;15;6m██[38;2;5;6;107m█[38;2;6;8;108m█[38;2;0;0;38m█[38;2;123;124;175m█[38;2;255;255;255m█[38;2;253;254;246m█[38;2;253;253;253m█████████████[38;2;254;254;254m█[38;2;255;255;255m█[38;2;52;52;58m█[38;2;0;0;118m█[38;2;5;5;132m█[38;2;13;13;19m██[38;2;13;13;16m██
██[38;2;13;15;6m██[38;2;5;6;108m█[38;2;6;8;109m█[38;2;0;0;38m█[38;2;126;127;179m█[38;2;255;255;255m█[38;2;253;254;246m█[38;2;253;253;253m█████████████[38;2;254;254;254m█[38;2;255;255;255m█[38;2;54;54;60m█[38;2;0;0;117m█[38;2;5;5;132m█[38;2;13;13;19m██[38;2;13;13;16m██
██[38;2;13;15;6m██[38;2;5;6;107m█[38;2;6;8;108m█[38;2;0;0;38m█[38;2;126;127;179m█[38;2;255;255;255m█[38;2;253;254;246m█[38;2;253;253;253m█████████████[38;2;254;254;254m█[38;2;255;255;255m█[38;2;53;53;59m█[38;2;0;0;118m█[38;2;5;5;132m█[38;2;13;13;19m██[38;2;13;13;16m██
██[38;2;13;15;6m██[38;2;5;6;108m█[38;2;6;8;109m█[38;2;0;0;38m█[38;2;127;129;180m█[38;2;255;255;255m█[38;2;253;254;246m█[38;2;253;253;253m█████████████[38;2;254;254;254m█[38;2;255;255;255m█[38;2;52;52;58m█[38;2;0;0;118m█[38;2;5;5;132m█[38;2;13;13;19m██[38;2;13;13;16m██
██[38;2;13;15;6m██[38;2;5;6;108m█[38;2;6;8;109m█[38;2;0;0;37m█[38;2;130;131;181m█[38;2;255;255;255m█[38;2;253;254;246m█[38;2;253;253;253m█████████████[38;2;254;254;254m█[38;2;254;254;255m█[38;2;51;51;56m█[38;2;0;0;118m█[38;2;5;5;132m█[38;2;13;13;19m██[38;2;13;13;16m██
██[38;2;13;15;6m██[38;2;5;6;108m█[38;2;6;8;109m█[38;2;0;0;37m█[38;2;133;134;185m█[38;2;255;255;255m█[38;2;253;254;246m█[38;2;253;253;253m████████████[38;2;253;253;251m█[38;2;254;254;252m█[38;2;253;253;255m█[38;2;48;48;54m█[38;2;0;0;118m█[38;2;5;5;132m█[38;2;13;13;17m██[38;2;13;13;16m██
██[38;2;13;15;6m██[38;2;5;6;110m█[38;2;6;8;111m█[38;2;0;0;34m█[38;2;137;138;186m█[38;2;255;255;255m█[38;2;253;254;246m█[38;2;253;253;253m████████████[38;2;253;253;251m█[38;2;254;254;252m█[38;2;252;251;255m█[38;2;45;44;53m█[38;2;0;0;119m█[38;2;5;5;132m█[38;2;13;13;17m██[38;2;13;13;16m██
██[38;2;13;15;6m██[38;2;5;5;112m█[38;2;6;6;113m█[38;2;0;0;34m█[38;2;143;144;192m█[38;2;255;255;255m█[38;2;253;254;246m█[38;2;253;253;253m████████████[38;2;253;253;251m█[38;2;255;255;253m█[38;2;250;249;255m█[38;2;41;40;49m█[38;2;0;0;120m█[38;2;5;5;132m█[38;2;13;13;17m██[38;2;13;13;16m██
██[38;2;13;15;6m██[38;2;5;5;112m█[38;2;6;6;113m█[38;2;0;0;30m█[38;2;150;152;194m█[38;2;255;255;255m█[38;2;253;253;249m█[38;2;253;253;253m████████████[38;2;253;253;251m█[38;2;255;255;253m█[38;2;247;246;255m█[38;2;35;34;46m█[38;2;0;0;120m█[38;2;5;5;132m█[38;2;13;13;16m████
██[38;2;13;15;6m██[38;2;5;5;115m█[38;2;6;6;116m█[38;2;0;0;28m█[38;2;157;159;198m█[38;2;255;255;255m█[38;2;253;253;249m█[38;2;253;253;253m████████████[38;2;253;253;251m█[38;2;255;255;253m█[38;2;244;243;254m█[38;2;31;30;41m█[38;2;0;0;122m█[38;2;5;5;132m█[38;2;13;13;16m████
██[38;2;13;15;6m██[38;2;5;5;117m█[38;2;6;6;118m█[38;2;0;0;27m█[38;2;166;168;207m█[38;2;255;255;255m█[38;2;253;253;249m█[38;2;253;253;253m████████████[38;2;253;253;251m█[38;2;255;255;254m█[38;2;238;239;253m█[38;2;24;25;39m█[38;2;0;0;123m█[38;2;5;5;132m█[38;2;13;13;13m██[38;2;13;13;16m██
██[38;2;13;15;6m██[38;2;5;5;118m█[38;2;6;6;119m█[38;2;0;0;27m█[38;2;171;169;209m█[38;2;255;255;255m█[38;2;253;253;249m█[38;2;253;253;253m██[38;2;254;254;254m█[38;2;253;253;253m████[38;2;254;254;254m██[38;2;253;253;253m███[38;2;253;253;251m█[38;2;255;255;255m█[38;2;232;233;249m█[38;2;13;15;30m█[38;2;0;0;125m█[38;2;5;5;132m█[38;2;13;13;13m██[38;2;13;13;16m██
██[38;2;13;15;6m██[38;2;5;5;120m█[38;2;6;6;122m█[38;2;0;0;40m█[38;2;100;101;152m█[38;2;255;255;255m█[38;2;255;255;250m█[38;2;255;255;255m██[38;2;254;254;254m█[38;2;255;255;255m██[38;2;254;254;254m█[38;2;255;255;255m██[38;2;254;254;254m█[38;2;255;255;255m██[38;2;254;254;254m█[38;2;255;255;255m██[38;2;158;157;189m█[38;2;0;0;23m█[38;2;4;4;133m█[38;2;5;5;134m█[38;2;13;13;9m██[38;2;13;13;16m██
██[38;2;13;15;6m██[38;2;5;6;102m█[38;2;6;8;103m█[38;2;1;2;100m█[38;2;0;0;90m█[38;2;148;150;136m█[38;2;250;251;237m█[38;2;219;219;215m█[38;2;91;91;87m█[38;2;44;45;37m█[38;2;150;151;143m█[38;2;246;246;246m█[38;2;255;255;255m█[38;2;209;209;204m█[38;2;80;80;75m█[38;2;46;47;39m█[38;2;162;164;155m█[38;2;250;250;250m█[38;2;254;254;254m█[38;2;201;200;185m█[38;2;76;75;60m█[38;2;2;2;79m█[38;2;0;0;76m█[38;2;8;8;120m█[38;2;5;5;118m█[38;2;13;15;4m██[38;2;13;13;16m██
██[38;2;13;13;11m██[38;2;9;11;53m██[38;2;3;2;185m█[38;2;0;0;175m█[38;2;0;0;0m█[38;2;30;30;33m█[38;2;6;9;51m█[38;2;0;0;32m█[38;2;0;0;69m█[38;2;0;0;63m█[38;2;31;31;12m█[38;2;46;46;27m█[38;2;1;2;53m█[38;2;0;0;40m█[38;2;0;0;66m█[38;2;0;0;61m█[38;2;35;35;17m█[38;2;45;45;26m█[38;2;0;0;46m█[38;2;0;0;38m█[38;2;0;0;190m█[38;2;0;1;198m█[38;2;9;10;61m██[38;2;13;13;9m██[38;2;13;13;16m██
████[38;2;13;13;9m██[38;2;2;2;159m█[38;2;4;4;161m█[38;2;0;0;200m█[38;2;0;0;192m█[38;2;0;0;203m█[38;2;0;0;210m█[38;2;0;0;229m█[38;2;0;0;226m█[38;2;0;0;158m█[38;2;0;0;155m█[38;2;0;0;212m█[38;2;1;0;218m█[38;2;0;0;226m█[38;2;0;0;223m█[38;2;0;0;154m█[38;2;0;0;153m█[38;2;0;0;218m█[38;2;0;0;224m█[38;2;4;4;167m█[38;2;2;2;165m█[38;2;13;13;11m██[38;2;13;13;16m████
████[38;2;13;13;11m██[38;2;11;11;32m██[38;2;3;3;166m██[38;2;6;6;124m█[38;2;5;5;123m█[38;2;8;6;91m█[38;2;9;8;93m█[38;2;2;0;196m█[38;2;3;1;197m█[38;2;6;6;116m█[38;2;5;5;115m█[38;2;5;8;97m█[38;2;6;9;98m█[38;2;2;0;196m██[38;2;6;6;116m█[38;2;5;5;115m█[38;2;13;13;19m██[38;2;13;13;13m██[38;2;13;13;16m████
██████[38;2;13;13;11m██[38;2;13;13;9m████[38;2;13;15;6m██[38;2;13;13;11m██[38;2;13;13;9m██[38;2;13;15;6m██[38;2;13;13;13m██[38;2;13;15;6m██[38;2;13;13;13m██[38;2;13;13;16m██████
████████████████████████████████
████████████████████████████████
████████████████████████████████