[38;2;13;13;16m██████████[38;2;13;15;6m██[38;2;13;12;26m██[38;2;9;9;84m████[38;2;13;12;26m██[38;2;13;15;6m██[38;2;13;13;16m██████████
████████[38;2;13;15;6m██[38;2;9;9;66m█[38;2;10;10;67m█[38;2;0;1;202m██[38;2;0;0;203m█[38;2;0;0;201m██[38;2;0;0;203m█[38;2;0;1;202m██[38;2;10;10;67m█[38;2;9;9;66m█[38;2;13;15;6m██[38;2;13;13;16m████████
██████[38;2;13;13;9m██[38;2;11;10;49m██[38;2;1;2;203m█[38;2;0;0;198m█[38;2;0;0;77m█[38;2;0;0;70m█[38;2;1;1;3m█[38;2;13;13;16m██[38;2;1;1;3m█[38;2;0;0;70m█[38;2;0;0;77m█[38;2;0;0;198m█[38;2;1;2;203m█[38;2;11;10;49m██[38;2;13;13;9m██[38;2;13;13;16m██████
██████[38;2;13;13;11m██[38;2;3;3;166m██[38;2;0;0;70m█[38;2;0;0;66m█[38;2;67;66;51m█[38;2;157;155;140m█[38;2;208;208;205m█[38;2;229;229;226m█[38;2;228;228;225m█[38;2;208;208;205m█[38;2;157;155;140m█[38;2;67;66;51m█[38;2;0;0;66m█[38;2;0;0;70m█[38;2;3;3;166m██[38;2;13;13;11m██[38;2;13;13;16m██████
████[38;2;13;15;6m██[38;2;9;9;74m█[38;2;10;10;75m█[38;2;5;4;147m█[38;2;0;0;125m█[38;2;32;33;22m█[38;2;183;185;173m█[38;2;255;255;255m████████[38;2;183;185;173m█[38;2;32;33;22m█[38;2;0;0;125m█[38;2;5;4;147m█[38;2;10;10;75m█[38;2;9;9;74m█[38;2;13;15;6m██[38;2;13;13;16m████
████[38;2;13;15;6m██[38;2;4;3;140m█[38;2;5;4;141m█[38;2;0;0;39m█[38;2;48;49;100m█[38;2;235;236;228m█[38;2;255;255;255m█[38;2;254;254;254m█[38;2;253;253;253m██████[38;2;254;254;254m█[38;2;255;255;255m█[38;2;235;236;228m█[38;2;48;49;100m█[38;2;0;0;39m█[38;2;5;4;141m█[38;2;4;3;140m█[38;2;13;15;6m██[38;2;13;13;16m████
██[38;2;13;13;13m██[38;2;11;12;30m██[38;2;5;3;150m█[38;2;0;0;136m█[38;2;28;28;28m█[38;2;232;232;232m█[38;2;255;255;255m█[38;2;253;253;253m██████████[38;2;255;255;255m█[38;2;232;232;232m█[38;2;28;28;28m█[38;2;0;0;133m█[38;2;5;4;147m█[38;2;11;12;30m██[38;2;13;13;13m██[38;2;13;13;16m██
██[38;2;13;13;9m██[38;2;9;9;66m█[38;2;10;10;67m█[38;2;4;4;116m█[38;2;0;0;96m█[38;2;173;174;162m█[38;2;255;255;255m█[38;2;253;253;253m████████████[38;2;255;255;255m█[38;2;173;174;162m█[38;2;0;0;96m█[38;2;4;4;116m█[38;2;10;10;67m█[38;2;9;9;66m█[38;2;13;13;9m██[38;2;13;13;16m██
██[38;2;13;15;6m██[38;2;8;6;95m█[38;2;9;8;96m█[38;2;0;0;69m█[38;2;46;46;122m█[38;2;255;255;246m█[38;2;255;255;249m█[38;2;255;255;255m██[38;2;253;253;253m█████[38;2;255;255;255m███[38;2;253;253;253m██[38;2;254;255;245m█[38;2;255;255;246m█[38;2;46;46;122m█[38;2;0;0;69m█[38;2;9;8;96m█[38;2;8;6;95m█[38;2;13;15;6m██[38;2;13;13;16m██
██[38;2;13;15;6m██[38;2;5;5;115m█[38;2;6;6;116m█[38;2;0;0;34m█[38;2;130;131;179m█[38;2;255;255;255m█[38;2;226;228;219m█[38;2;131;131;131m█[38;2;215;215;215m█[38;2;255;255;255m██[38;2;253;253;253m██[38;2;255;255;255m█[38;2;186;186;186m█[38;2;144;144;144m█[38;2;246;246;246m█[38;2;255;255;255m█[38;2;254;254;254m█[38;2;253;254;246m█[38;2;255;255;255m█[38;2;130;131;179m█[38;2;0;0;34m█[38;2;6;6;116m█[38;2;5;5;115m█[38;2;13;15;6m██[38;2;13;13;16m██
██[38;2;13;13;9m██[38;2;5;5;123m██[38;2;0;0;24m█[38;2;186;185;217m█[38;2;255;255;255m█[38;2;166;166;161m█[38;2;0;0;0m█[38;2;6;6;6m█[38;2;133;133;133m█[38;2;249;249;249m█[38;2;255;255;255m█[38;2;253;253;253m█[38;2;255;255;255m█[38;2;75;75;75m█[38;2;0;0;0m█[38;2;42;42;42m█[38;2;182;182;182m█[38;2;255;255;255m█[38;2;255;255;252m█[38;2;255;255;255m█[38;2;186;185;217m█[38;2;0;0;24m█[38;2;4;5;123m██[38;2;13;13;9m██[38;2;13;13;16m██
██[38;2;13;13;9m██[38;2;4;4;125m█[38;2;2;2;123m█[38;2;0;0;26m█[38;2;205;205;232m█[38;2;255;255;255m█[38;2;250;250;247m█[38;2;145;145;145m█[38;2;22;22;22m█[38;2;0;0;0m█[38;2;41;41;41m█[38;2;193;193;193m█[38;2;255;255;255m██[38;2;226;226;226m█[38;2;96;96;96m█[38;2;0;0;0m██[38;2;87;87;87m█[38;2;235;235;232m█[38;2;255;255;255m█[38;2;205;205;232m█[38;2;0;0;26m█[38;2;2;2;123m█[38;2;4;4;125m█[38;2;13;13;9m██[38;2;13;13;16m██
██[38;2;13;13;9m██[38;2;4;4;125m█[38;2;2;2;123m█[38;2;0;0;25m█[38;2;208;208;233m█[38;2;255;255;255m███[38;2;140;140;140m█[38;2;0;0;0m██[38;2;88;88;88m█[38;2;255;255;255m█[38;2;252;252;252m█[38;2;255;255;255m█[38;2;251;251;251m█[38;2;70;70;70m█[38;2;0;0;0m██[38;2;178;178;175m█[38;2;255;255;255m█[38;2;208;208;233m█[38;2;0;0;25m█[38;2;2;2;123m█[38;2;4;4;125m█[38;2;13;13;9m██[38;2;13;13;16m██
██[38;2;13;13;9m██[38;2;4;4;125m█[38;2;2;2;123m█[38;2;0;0;25m█[38;2;208;208;233m█[38;2;255;255;255m█[38;2;229;229;226m█[38;2;77;77;77m█[38;2;0;0;0m██[38;2;103;103;103m█[38;2;232;232;232m█[38;2;255;255;255m██[38;2;183;183;183m█[38;2;32;32;32m█[38;2;0;0;0m█[38;2;22;22;22m█[38;2;154;154;154m█[38;2;252;252;250m█[38;2;255;255;255m█[38;2;208;208;233m█[38;2;0;0;25m█[38;2;2;2;123m█[38;2;4;4;125m█[38;2;13;13;9m██[38;2;13;13;16m██
██[38;2;13;13;9m██[38;2;4;4;125m█[38;2;2;2;123m█[38;2;0;0;25m█[38;2;208;208;233m█[38;2;255;255;255m█[38;2;167;167;165m█[38;2;0;0;0m█[38;2;54;54;54m█[38;2;196;196;196m█[38;2;255;255;255m██[38;2;253;253;253m█[38;2;255;255;255m█[38;2;76;76;76m█[38;2;0;0;0m█[38;2;104;104;104m█[38;2;232;232;232m█[38;2;255;255;255m█[38;2;254;254;252m█[38;2;255;255;255m█[38;2;208;208;233m█[38;2;0;0;25m█[38;2;2;2;123m█[38;2;4;4;125m█[38;2;13;13;9m██[38;2;13;13;16m██
██[38;2;13;13;9m██[38;2;4;4;125m█[38;2;2;2;123m█[38;2;0;0;25m█[38;2;208;208;233m█[38;2;255;255;255m█[38;2;246;246;244m█[38;2;198;198;198m█[38;2;249;249;249m█[38;2;255;255;255m█[38;2;253;253;253m███[38;2;255;255;255m█[38;2;226;226;226m█[38;2;208;208;208m█[38;2;255;255;255m██[38;2;253;253;253m█[38;2;253;253;251m█[38;2;255;255;255m█[38;2;208;208;233m█[38;2;0;0;25m█[38;2;2;2;123m█[38;2;4;4;125m█[38;2;13;13;9m██[38;2;13;13;16m██
██[38;2;13;13;9m██[38;2;4;4;125m█[38;2;2;2;123m█[38;2;0;0;25m█[38;2;208;208;233m█[38;2;255;255;255m█[38;2;254;254;252m█[38;2;255;255;255m██[38;2;253;253;253m█████[38;2;255;255;255m██[38;2;253;253;253m███[38;2;253;253;251m█[38;2;255;255;255m█[38;2;208;208;233m█[38;2;0;0;25m█[38;2;2;2;123m█[38;2;4;4;125m█[38;2;13;13;9m██[38;2;13;13;16m██
██[38;2;13;13;9m██[38;2;4;4;125m█[38;2;2;2;123m█[38;2;0;0;25m█[38;2;208;208;233m█[38;2;255;255;255m█[38;2;253;253;251m█[38;2;253;253;253m████████████[38;2;253;253;251m█[38;2;255;255;255m█[38;2;208;208;233m█[38;2;0;0;25m█[38;2;2;2;123m█[38;2;4;4;125m█[38;2;13;13;9m██[38;2;13;13;16m██
██[38;2;13;13;9m██[38;2;4;4;125m█[38;2;2;2;123m█[38;2;0;0;25m█[38;2;208;208;233m█[38;2;255;255;255m█[38;2;253;253;251m█[38;2;253;253;253m████████████[38;2;253;253;251m█[38;2;255;255;255m█[38;2;208;208;233m█[38;2;0;0;25m█[38;2;2;2;123m█[38;2;4;4;125m█[38;2;13;13;9m██[38;2;13;13;16m██
██[38;2;13;13;9m██[38;2;4;4;125m█[38;2;2;2;123m█[38;2;0;0;25m█[38;2;208;208;233m█[38;2;255;255;255m█[38;2;253;253;251m█[38;2;253;253;253m████████████[38;2;253;253;251m█[38;2;255;255;255m█[38;2;208;208;233m█[38;2;0;0;25m█[38;2;2;2;123m█[38;2;4;4;125m█[38;2;13;13;9m██[38;2;13;13;16m██
██[38;2;13;13;9m██[38;2;4;4;125m█[38;2;2;2;123m█[38;2;0;0;25m█[38;2;208;208;233m█[38;2;255;255;255m█[38;2;253;253;251m█[38;2;253;253;253m████████████[38;2;253;253;251m█[38;2;255;255;255m█[38;2;208;208;233m█[38;2;0;0;25m█[38;2;2;2;123m█[38;2;4;4;125m█[38;2;13;13;9m██[38;2;13;13;16m██
██[38;2;13;13;9m██[38;2;4;4;125m█[38;2;2;2;123m█[38;2;0;0;25m█[38;2;208;208;233m█[38;2;255;255;255m█[38;2;253;253;251m█[38;2;253;253;253m████████████[38;2;253;253;251m█[38;2;255;255;255m█[38;2;208;208;233m█[38;2;0;0;25m█[38;2;2;2;123m█[38;2;4;4;125m█[38;2;13;13;9m██[38;2;13;13;16m██
██[38;2;13;13;9m██[38;2;4;4;125m█[38;2;2;2;123m█[38;2;1;1;26m█[38;2;209;209;235m█[38;2;255;255;255m█[38;2;253;253;251m█[38;2;253;253;253m████████████[38;2;253;253;251m█[38;2;255;255;255m█[38;2;209;209;235m█[38;2;1;1;26m█[38;2;2;2;123m█[38;2;4;4;125m█[38;2;13;13;9m██[38;2;13;13;16m██
██[38;2;13;13;9m██[38;2;4;4;127m█[38;2;3;3;126m█[38;2;0;0;22m█[38;2;200;200;226m█[38;2;255;255;255m█[38;2;253;253;249m█[38;2;253;253;253m██[38;2;255;255;255m█[38;2;254;254;254m█[38;2;253;253;253m████[38;2;255;255;255m█[38;2;254;254;254m█[38;2;253;253;253m██[38;2;253;253;249m█[38;2;255;255;255m█[38;2;201;201;228m█[38;2;0;0;22m█[38;2;3;3;126m█[38;2;4;4;127m█[38;2;13;13;9m██[38;2;13;13;16m██
██[38;2;13;15;6m██[38;2;4;4;133m█[38;2;5;5;134m█[38;2;0;0;33m█[38;2;108;109;154m█[38;2;255;255;255m█[38;2;255;255;252m█[38;2;255;255;255m██[38;2;238;238;238m█[38;2;252;252;252m█[38;2;255;255;255m████[38;2;237;237;237m█[38;2;254;254;254m█[38;2;255;255;255m██[38;2;255;255;254m█[38;2;255;255;255m█[38;2;108;109;154m█[38;2;0;0;33m█[38;2;5;5;134m█[38;2;4;4;133m█[38;2;13;15;6m██[38;2;13;13;16m██
██[38;2;13;15;4m██[38;2;5;5;118m█[38;2;6;6;119m█[38;2;1;2;103m█[38;2;0;0;91m█[38;2;129;127;115m█[38;2;232;231;218m█[38;2;225;225;221m█[38;2;117;117;112m█[38;2;17;18;10m█[38;2;55;56;48m█[38;2;187;187;185m█[38;2;239;239;237m█[38;2;219;219;215m█[38;2;103;103;98m█[38;2;15;16;8m█[38;2;65;66;58m█[38;2;197;197;195m█[38;2;240;240;238m█[38;2;215;214;198m█[38;2;91;90;75m█[38;2;0;0;89m█[38;2;1;2;102m█[38;2;8;8;120m█[38;2;5;5;118m█[38;2;13;15;4m██[38;2;13;13;16m██
██[38;2;13;13;9m██[38;2;9;9;66m██[38;2;1;2;200m█[38;2;0;0;192m█[38;2;0;0;8m█[38;2;10;11;28m█[38;2;8;6;39m█[38;2;0;0;20m█[38;2;0;0;120m█[38;2;0;0;112m█[38;2;0;0;1m█[38;2;20;20;24m█[38;2;4;3;42m█[38;2;0;0;27m█[38;2;0;0;119m█[38;2;0;0;110m█[38;2;0;0;0m█[38;2;22;22;22m█[38;2;2;1;40m█[38;2;0;0;28m█[38;2;0;0;204m█[38;2;1;1;210m█[38;2;9;9;66m██[38;2;13;13;9m██[38;2;13;13;16m██
██[38;2;13;13;13m████[38;2;1;1;180m█[38;2;3;3;182m█[38;2;0;0;217m█[38;2;0;0;211m█[38;2;0;0;207m█[38;2;0;0;212m█[38;2;0;0;245m██[38;2;0;0;197m█[38;2;0;0;192m█[38;2;0;0;210m█[38;2;0;0;215m█[38;2;0;0;245m██[38;2;0;0;195m█[38;2;0;0;190m█[38;2;0;0;221m█[38;2;0;0;225m█[38;2;3;3;182m█[38;2;2;2;181m█[38;2;13;13;13m████[38;2;13;13;16m██
████[38;2;13;13;9m██[38;2;11;10;47m██[38;2;2;0;196m██[38;2;2;1;183m██[38;2;5;6;104m██[38;2;0;0;207m██[38;2;3;2;175m██[38;2;5;6;107m██[38;2;0;0;210m██[38;2;2;2;179m██[38;2;11;11;38m██[38;2;13;13;11m██[38;2;13;13;16m████
██████[38;2;13;13;11m██[38;2;13;13;19m██[38;2;13;13;17m██[38;2;13;15;4m██[38;2;13;12;24m██[38;2;13;13;17m██[38;2;13;15;4m██[38;2;13;12;24m██[38;2;13;13;16m██[38;2;13;13;11m██[38;2;13;13;16m██████
████████[38;2;13;13;13m████[38;2;13;13;16m██[38;2;13;13;13m████[38;2;13;13;16m██[38;2;13;13;13m████[38;2;13;13;16m████████
████████████████████████████████