[38;2;13;13;16m██████████[38;2;13;13;9m██[38;2;13;12;22m██[38;2;9;9;70m█[38;2;10;10;72m█[38;2;10;10;74m█[38;2;9;9;73m█[38;2;13;12;22m██[38;2;13;13;9m██[38;2;13;13;16m██████████
████████[38;2;13;15;6m██[38;2;9;10;55m█[38;2;10;11;56m█[38;2;2;0;196m██[38;2;0;0;210m█[38;2;0;0;208m██[38;2;0;0;210m█[38;2;2;0;196m██[38;2;10;11;56m█[38;2;9;10;55m█[38;2;13;15;6m██[38;2;13;13;16m████████
██████[38;2;13;13;9m██[38;2;11;10;42m██[38;2;2;0;200m█[38;2;0;0;197m█[38;2;0;0;91m█[38;2;0;0;83m█[38;2;0;0;5m█[38;2;6;5;15m█[38;2;6;5;17m█[38;2;0;0;8m█[38;2;0;0;83m█[38;2;0;0;91m█[38;2;0;0;197m█[38;2;3;1;201m█[38;2;11;10;42m██[38;2;13;13;9m██[38;2;13;13;16m██████
██████[38;2;13;13;11m██[38;2;2;2;161m█[38;2;3;3;162m█[38;2;0;0;82m█[38;2;0;0;73m█[38;2;54;53;38m█[38;2;141;140;125m█[38;2;196;196;194m█[38;2;218;218;216m██[38;2;196;196;194m█[38;2;141;140;125m█[38;2;54;53;38m█[38;2;0;0;73m█[38;2;0;0;82m█[38;2;4;4;164m█[38;2;3;3;162m█[38;2;13;13;11m██[38;2;13;13;16m██████
████[38;2;13;13;9m██[38;2;9;9;70m██[38;2;5;3;152m█[38;2;0;0;131m█[38;2;24;25;15m█[38;2;171;172;161m█[38;2;255;255;255m████████[38;2;169;171;160m█[38;2;24;25;15m█[38;2;0;0;131m█[38;2;5;3;152m█[38;2;10;10;72m█[38;2;9;9;70m█[38;2;13;13;9m██[38;2;13;13;16m████
████[38;2;13;15;6m██[38;2;4;3;138m█[38;2;6;5;140m█[38;2;0;0;44m█[38;2;38;39;93m█[38;2;225;226;218m█[38;2;255;255;255m█[38;2;254;254;254m█[38;2;253;253;253m██████[38;2;254;254;254m█[38;2;255;255;255m█[38;2;225;226;218m█[38;2;38;39;93m█[38;2;0;0;45m█[38;2;5;4;139m█[38;2;4;3;138m█[38;2;13;15;6m██[38;2;13;13;16m████
██[38;2;13;13;13m██[38;2;11;12;30m██[38;2;5;3;150m█[38;2;0;0;137m█[38;2;22;22;24m█[38;2;224;224;226m█[38;2;255;255;255m█[38;2;253;253;253m██████████[38;2;255;255;255m█[38;2;224;224;226m█[38;2;22;22;24m█[38;2;0;0;137m█[38;2;6;4;151m█[38;2;13;12;27m██[38;2;13;13;13m██[38;2;13;13;16m██
██[38;2;13;13;9m██[38;2;9;10;63m██[38;2;4;4;117m█[38;2;0;0;96m█[38;2;165;166;154m█[38;2;255;255;255m█[38;2;253;253;253m████████████[38;2;255;255;255m█[38;2;165;166;154m█[38;2;0;0;96m█[38;2;4;4;117m█[38;2;10;11;65m█[38;2;9;10;63m█[38;2;13;13;9m██[38;2;13;13;16m██
██[38;2;13;15;6m██[38;2;8;6;95m█[38;2;9;8;96m█[38;2;0;0;70m█[38;2;40;40;116m█[38;2;253;254;244m█[38;2;255;255;246m█[38;2;253;253;253m████████████[38;2;255;255;246m█[38;2;253;254;244m█[38;2;41;41;117m█[38;2;0;0;70m█[38;2;9;8;96m█[38;2;8;6;95m█[38;2;13;15;6m██[38;2;13;13;16m██
██[38;2;13;15;6m██[38;2;5;5;115m█[38;2;6;6;116m█[38;2;0;0;34m█[38;2;125;126;174m█[38;2;255;255;255m█[38;2;255;255;251m█[38;2;255;255;255m██[38;2;254;254;254m█[38;2;253;253;253m████[38;2;255;255;255m███[38;2;253;253;253m██[38;2;253;254;246m█[38;2;255;255;255m█[38;2;125;126;174m█[38;2;0;0;34m█[38;2;6;6;113m█[38;2;5;5;112m█[38;2;13;15;6m██[38;2;13;13;16m██
██[38;2;13;15;6m██[38;2;5;5;120m██[38;2;0;0;25m█[38;2;183;182;217m█[38;2;255;255;255m█[38;2;197;197;193m█[38;2;88;88;88m█[38;2;179;179;179m█[38;2;253;253;253m█[38;2;255;255;255m██[38;2;253;253;253m█[38;2;255;255;255m█[38;2;143;143;143m█[38;2;109;109;109m█[38;2;214;214;214m█[38;2;255;255;255m██[38;2;254;254;250m█[38;2;255;255;255m█[38;2;183;182;217m█[38;2;0;0;25m█[38;2;5;5;120m██[38;2;13;15;6m██[38;2;13;13;16m██
██[38;2;13;13;9m██[38;2;4;4;125m█[38;2;2;2;123m█[38;2;0;0;25m█[38;2;205;205;232m█[38;2;255;255;255m█[38;2;151;151;148m█[38;2;0;0;0m██[38;2;49;49;49m█[38;2;155;155;155m█[38;2;243;243;243m█[38;2;255;255;255m██[38;2;62;62;62m█[38;2;0;0;0m█[38;2;3;3;3m█[38;2;83;83;83m█[38;2;192;192;192m█[38;2;254;254;252m█[38;2;255;255;255m█[38;2;205;205;232m█[38;2;0;0;25m█[38;2;2;2;123m█[38;2;5;5;126m█[38;2;13;13;9m██[38;2;13;13;16m██
██[38;2;13;13;9m██[38;2;4;4;125m█[38;2;2;2;123m█[38;2;1;1;26m█[38;2;208;208;233m█[38;2;255;255;255m██[38;2;194;194;194m█[38;2;41;41;41m█[38;2;0;0;0m██[38;2;76;76;76m█[38;2;255;255;255m██[38;2;249;249;249m█[38;2;140;140;140m█[38;2;5;5;5m█[38;2;0;0;0m██[38;2;159;159;157m█[38;2;255;255;255m█[38;2;208;208;233m█[38;2;1;1;26m█[38;2;2;2;123m█[38;2;5;5;126m█[38;2;13;13;9m██[38;2;13;13;16m██
██[38;2;13;13;9m██[38;2;4;4;125m█[38;2;2;2;123m█[38;2;0;0;25m█[38;2;208;208;233m█[38;2;255;255;255m█[38;2;217;217;215m█[38;2;87;87;87m█[38;2;4;4;4m█[38;2;0;0;0m█[38;2;23;23;23m█[38;2;152;152;152m█[38;2;255;255;255m██[38;2;169;169;169m█[38;2;51;51;51m█[38;2;0;0;0m██[38;2;53;53;53m█[38;2;207;207;204m█[38;2;255;255;255m█[38;2;208;208;233m█[38;2;1;1;26m█[38;2;2;2;123m█[38;2;5;5;126m█[38;2;13;13;9m██[38;2;13;13;16m██
██[38;2;13;13;9m██[38;2;4;4;125m█[38;2;2;2;123m█[38;2;0;0;25m█[38;2;208;208;233m█[38;2;255;255;255m█[38;2;141;141;139m█[38;2;0;0;0m█[38;2;45;45;45m█[38;2;153;153;153m█[38;2;240;240;240m█[38;2;255;255;255m█[38;2;254;254;254m█[38;2;255;255;255m█[38;2;49;49;49m█[38;2;0;0;0m█[38;2;82;82;82m█[38;2;189;189;189m█[38;2;255;255;255m███[38;2;208;208;233m█[38;2;1;1;26m█[38;2;2;2;123m█[38;2;5;5;126m█[38;2;13;13;9m██[38;2;13;13;16m██
██[38;2;13;13;9m██[38;2;4;4;125m█[38;2;2;2;123m█[38;2;0;0;25m█[38;2;208;208;233m█[38;2;255;255;255m█[38;2;242;242;239m█[38;2;200;200;200m█[38;2;250;250;250m█[38;2;255;255;255m██[38;2;253;253;253m██[38;2;255;255;255m█[38;2;222;222;222m█[38;2;212;212;212m█[38;2;255;255;255m██[38;2;254;254;254m█[38;2;253;253;251m█[38;2;255;255;255m█[38;2;208;208;233m█[38;2;1;1;26m█[38;2;2;2;123m█[38;2;5;5;126m█[38;2;13;13;9m██[38;2;13;13;16m██
██[38;2;13;13;9m██[38;2;4;4;125m█[38;2;2;2;123m█[38;2;0;0;25m█[38;2;208;208;233m█[38;2;255;255;255m█[38;2;255;255;253m█[38;2;255;255;255m██[38;2;253;253;253m█████[38;2;255;255;255m██[38;2;253;253;253m███[38;2;253;253;251m█[38;2;255;255;255m█[38;2;208;208;233m█[38;2;1;1;26m█[38;2;2;2;123m█[38;2;5;5;126m█[38;2;13;13;9m██[38;2;13;13;16m██
██[38;2;13;13;9m██[38;2;4;4;125m█[38;2;2;2;123m█[38;2;0;0;25m█[38;2;208;208;233m█[38;2;255;255;255m█[38;2;253;253;251m█[38;2;253;253;253m████████████[38;2;253;253;251m█[38;2;255;255;255m█[38;2;208;208;233m█[38;2;1;1;26m█[38;2;2;2;123m█[38;2;5;5;126m█[38;2;13;13;9m██[38;2;13;13;16m██
██[38;2;13;13;9m██[38;2;4;4;125m█[38;2;2;2;123m█[38;2;0;0;25m█[38;2;208;208;233m█[38;2;255;255;255m█[38;2;253;253;251m█[38;2;253;253;253m████████████[38;2;253;253;251m█[38;2;255;255;255m█[38;2;207;207;232m█[38;2;0;0;25m█[38;2;2;2;123m█[38;2;5;5;126m█[38;2;13;13;9m██[38;2;13;13;16m██
██[38;2;13;13;9m██[38;2;4;4;125m█[38;2;2;2;123m█[38;2;0;0;25m█[38;2;208;208;233m█[38;2;255;255;255m█[38;2;253;253;251m█[38;2;253;253;253m████████████[38;2;253;253;251m█[38;2;255;255;255m█[38;2;207;207;232m█[38;2;0;0;25m█[38;2;2;2;123m█[38;2;5;5;126m█[38;2;13;13;9m██[38;2;13;13;16m██
██[38;2;13;13;9m██[38;2;4;4;125m█[38;2;2;2;123m█[38;2;0;0;25m█[38;2;208;208;233m█[38;2;255;255;255m█[38;2;253;253;251m█[38;2;253;253;253m████████████[38;2;253;253;251m█[38;2;255;255;255m█[38;2;208;208;233m█[38;2;0;0;25m█[38;2;2;2;123m█[38;2;5;5;126m█[38;2;13;13;9m██[38;2;13;13;16m██
██[38;2;13;13;9m██[38;2;4;4;125m█[38;2;2;2;123m█[38;2;1;1;26m█[38;2;208;208;233m█[38;2;255;255;255m█[38;2;253;253;251m█[38;2;253;253;253m████████████[38;2;253;253;251m█[38;2;255;255;255m█[38;2;207;207;232m█[38;2;0;0;25m█[38;2;2;2;123m█[38;2;5;5;126m█[38;2;13;13;9m██[38;2;13;13;16m██
██[38;2;13;13;9m██[38;2;4;4;125m█[38;2;2;2;123m█[38;2;1;1;26m█[38;2;208;208;233m█[38;2;255;255;255m█[38;2;253;253;251m█[38;2;253;253;253m████████████[38;2;253;253;251m█[38;2;255;255;255m█[38;2;208;208;233m█[38;2;1;1;26m█[38;2;2;2;123m█[38;2;5;5;126m█[38;2;13;13;9m██[38;2;13;13;16m██
██[38;2;13;13;9m██[38;2;4;4;125m█[38;2;2;2;123m█[38;2;0;0;24m█[38;2;205;205;232m█[38;2;255;255;255m█[38;2;253;253;251m█[38;2;253;253;253m██[38;2;254;254;254m█[38;2;253;253;253m█████[38;2;254;254;254m█[38;2;253;253;253m███[38;2;253;253;251m█[38;2;255;255;255m█[38;2;205;205;232m█[38;2;0;0;24m█[38;2;2;2;125m█[38;2;5;5;129m█[38;2;13;13;9m██[38;2;13;13;16m██
██[38;2;13;15;6m██[38;2;4;4;131m█[38;2;5;5;132m█[38;2;0;0;27m█[38;2;137;136;175m█[38;2;255;255;255m█[38;2;254;254;250m█[38;2;255;255;255m█████[38;2;254;254;254m█[38;2;255;255;255m█████[38;2;253;253;253m█[38;2;255;255;252m█[38;2;255;255;255m█[38;2;137;136;175m█[38;2;0;0;27m█[38;2;5;5;132m█[38;2;4;4;131m█[38;2;13;15;6m██[38;2;13;13;16m██
██[38;2;13;15;4m██[38;2;5;5;123m█[38;2;6;6;124m█[38;2;0;0;86m█[38;2;4;3;90m█[38;2;173;174;162m█[38;2;255;255;245m█[38;2;250;250;247m█[38;2;154;154;152m█[38;2;53;54;44m█[38;2;108;109;98m█[38;2;230;230;230m█[38;2;255;255;255m█[38;2;245;245;243m█[38;2;140;140;138m█[38;2;49;51;40m█[38;2;118;119;109m█[38;2;237;237;237m█[38;2;255;255;255m█[38;2;243;242;229m█[38;2;131;130;117m█[38;2;1;0;84m██[38;2;6;6;124m█[38;2;5;5;123m█[38;2;13;15;4m██[38;2;13;13;16m██
██[38;2;13;15;6m██[38;2;9;9;74m██[38;2;3;2;185m█[38;2;0;0;172m█[38;2;0;0;0m█[38;2;44;44;41m█[38;2;37;35;49m█[38;2;0;0;5m█[38;2;0;0;73m█[38;2;0;0;66m█[38;2;18;19;8m█[38;2;58;59;47m█[38;2;28;28;49m█[38;2;0;0;10m█[38;2;0;0;70m█[38;2;0;0;63m█[38;2;24;23;10m█[38;2;59;58;45m█[38;2;27;26;41m█[38;2;0;0;4m█[38;2;0;0;185m█[38;2;3;1;195m█[38;2;9;9;74m██[38;2;13;15;6m██[38;2;13;13;16m██
██[38;2;13;13;13m██[38;2;13;13;17m██[38;2;2;0;194m█[38;2;3;1;195m█[38;2;0;0;182m█[38;2;0;0;173m█[38;2;0;0;175m█[38;2;0;0;185m█[38;2;0;0;244m█[38;2;0;0;243m█[38;2;0;0;152m█[38;2;0;0;145m█[38;2;0;0;181m█[38;2;1;0;190m█[38;2;0;0;242m█[38;2;0;0;240m█[38;2;0;0;146m█[38;2;0;0;140m█[38;2;0;0;193m█[38;2;0;0;201m█[38;2;1;2;200m█[38;2;0;1;198m█[38;2;13;13;17m██[38;2;13;13;13m██[38;2;13;13;16m██
████[38;2;13;13;9m██[38;2;9;10;63m█[38;2;10;11;65m█[38;2;0;0;219m█[38;2;1;0;221m█[38;2;1;2;203m█[38;2;0;1;202m█[38;2;4;4;131m█[38;2;5;5;132m█[38;2;0;0;230m█[38;2;0;0;231m█[38;2;3;1;195m█[38;2;2;0;194m█[38;2;4;3;136m█[38;2;5;4;137m█[38;2;0;0;232m█[38;2;0;0;233m█[38;2;0;1;198m██[38;2;11;10;51m██[38;2;13;13;9m██[38;2;13;13;16m████
██████[38;2;13;13;9m██[38;2;11;11;32m██[38;2;11;12;27m██[38;2;13;15;6m██[38;2;11;11;40m██[38;2;13;12;26m██[38;2;13;15;6m██[38;2;11;10;42m██[38;2;13;12;26m██[38;2;13;13;9m██[38;2;13;13;16m██████
████████[38;2;13;13;11m██[38;2;13;13;13m██[38;2;13;13;16m██[38;2;13;13;11m██[38;2;13;13;13m██[38;2;13;13;16m██[38;2;13;13;11m██[38;2;13;13;13m██[38;2;13;13;16m████████
████████████████████████████████