[38;2;13;13;16m████████████████████████████████
████████████[38;2;13;13;11m██[38;2;13;15;4m████[38;2;13;13;11m██[38;2;13;13;16m████████████
██████████[38;2;13;15;6m██[38;2;11;11;40m██[38;2;6;6;116m██[38;2;6;6;122m██[38;2;11;10;49m██[38;2;13;15;6m██[38;2;13;13;16m██████████
████████[38;2;13;15;4m██[38;2;8;8;81m█[38;2;9;9;82m█[38;2;0;0;212m█[38;2;0;0;211m█[38;2;0;0;179m█[38;2;0;0;175m█[38;2;0;0;169m█[38;2;0;0;173m█[38;2;0;0;212m█[38;2;0;0;215m█[38;2;6;8;103m█[38;2;5;6;102m█[38;2;13;15;6m██[38;2;13;13;16m████████
██████[38;2;13;13;9m██[38;2;9;10;55m██[38;2;1;2;201m█[38;2;0;0;195m█[38;2;0;0;53m█[38;2;0;0;52m█[38;2;15;16;5m█[38;2;35;37;26m█[38;2;38;39;28m█[38;2;23;24;13m█[38;2;0;0;38m█[38;2;0;0;30m█[38;2;0;0;187m█[38;2;2;0;196m█[38;2;9;9;82m█[38;2;8;8;81m█[38;2;13;15;6m██[38;2;13;13;16m██████
██████[38;2;13;13;13m██[38;2;3;3;166m██[38;2;0;0;61m██[38;2;86;84;72m█[38;2;182;181;168m█[38;2;230;230;230m█[38;2;247;247;247m█[38;2;249;249;249m█[38;2;238;238;238m█[38;2;201;202;190m█[38;2;118;119;108m█[38;2;16;15;54m█[38;2;0;0;27m█[38;2;0;0;179m█[38;2;2;2;181m█[38;2;11;12;26m██[38;2;13;13;13m██[38;2;13;13;16m████
████[38;2;13;13;9m██[38;2;8;9;73m█[38;2;9;10;74m█[38;2;5;4;145m█[38;2;0;0;123m█[38;2;35;37;25m█[38;2;194;195;183m█[38;2;255;255;255m████████[38;2;232;231;218m█[38;2;88;87;74m█[38;2;0;0;94m█[38;2;2;2;115m█[38;2;6;8;105m█[38;2;5;6;104m█[38;2;13;15;4m██[38;2;13;13;16m████
████[38;2;13;15;6m██[38;2;4;3;136m█[38;2;6;5;138m█[38;2;0;0;41m█[38;2;42;44;95m█[38;2;235;236;228m█[38;2;255;255;255m█[38;2;253;253;253m████████[38;2;255;255;255m██[38;2;115;115;138m█[38;2;0;0;10m█[38;2;1;2;151m█[38;2;3;4;153m█[38;2;13;13;16m██████
██[38;2;13;13;13m██[38;2;13;12;26m██[38;2;5;3;150m█[38;2;0;0;139m█[38;2;17;17;20m█[38;2;222;222;225m█[38;2;255;255;255m█[38;2;253;253;253m██████████[38;2;255;255;255m█[38;2;255;255;252m█[38;2;84;86;75m█[38;2;0;0;113m█[38;2;5;4;137m█[38;2;11;10;49m██[38;2;13;13;11m██[38;2;13;13;16m██
██[38;2;13;13;11m██[38;2;9;10;58m██[38;2;5;5;123m█[38;2;0;0;100m█[38;2;147;148;138m█[38;2;255;255;255m██[38;2;253;253;253m███████████[38;2;255;255;250m█[38;2;228;229;217m█[38;2;10;9;97m█[38;2;0;0;87m█[38;2;9;9;88m█[38;2;8;8;87m█[38;2;13;15;6m██[38;2;13;13;16m██
██[38;2;13;15;6m██[38;2;8;8;84m█[38;2;9;9;86m█[38;2;0;0;84m█[38;2;22;20;108m█[38;2;244;245;235m█[38;2;242;243;232m█[38;2;245;245;245m█[38;2;255;255;255m█[38;2;254;254;254m█[38;2;253;253;253m█████████[38;2;253;254;246m█[38;2;255;255;255m█[38;2;107;108;159m█[38;2;0;0;39m█[38;2;6;6;116m█[38;2;5;5;115m█[38;2;13;15;6m██[38;2;13;13;16m██
██[38;2;13;15;6m██[38;2;5;6;104m█[38;2;6;8;105m█[38;2;0;0;51m█[38;2;94;94;155m█[38;2;255;255;252m█[38;2;42;44;35m█[38;2;34;34;34m█[38;2;174;174;174m█[38;2;255;255;255m██[38;2;253;253;253m██[38;2;255;255;255m██████[38;2;253;253;249m█[38;2;255;255;255m█[38;2;189;189;218m█[38;2;0;0;23m█[38;2;3;3;124m█[38;2;4;4;125m█[38;2;13;13;9m██[38;2;13;13;16m██
██[38;2;13;15;6m██[38;2;5;5;112m█[38;2;6;6;113m█[38;2;0;0;32m█[38;2;144;145;190m█[38;2;255;255;255m█[38;2;107;108;100m█[38;2;0;0;0m██[38;2;73;73;73m█[38;2;209;209;209m█[38;2;255;255;255m██[38;2;222;222;222m█[38;2;202;202;202m█[38;2;204;204;204m██[38;2;202;202;202m█[38;2;225;225;225m█[38;2;255;255;253m█[38;2;255;255;255m█[38;2;226;228;245m█[38;2;12;13;31m█[38;2;0;0;124m█[38;2;5;5;130m█[38;2;13;13;11m██[38;2;13;13;16m██
██[38;2;13;15;6m██[38;2;5;5;117m█[38;2;6;6;118m█[38;2;0;0;28m█[38;2;165;164;204m█[38;2;255;255;255m██[38;2;195;195;195m█[38;2;20;20;20m█[38;2;0;0;0m█[38;2;8;8;8m█[38;2;233;233;233m█[38;2;236;236;236m█[38;2;15;15;15m█[38;2;0;0;0m████[38;2;23;23;23m█[38;2;239;239;237m█[38;2;255;255;255m█[38;2;238;239;253m█[38;2;24;25;39m█[38;2;0;0;123m█[38;2;5;5;132m█[38;2;13;13;13m██[38;2;13;13;16m██
██[38;2;13;15;6m██[38;2;5;5;117m█[38;2;6;6;118m█[38;2;0;0;27m█[38;2;166;165;204m█[38;2;255;255;255m█[38;2;207;207;202m█[38;2;76;76;76m█[38;2;0;0;0m██[38;2;107;107;107m█[38;2;250;250;250m█[38;2;249;249;249m█[38;2;123;123;123m█[38;2;87;87;87m█[38;2;91;91;91m██[38;2;87;87;87m█[38;2;130;130;130m█[38;2;251;251;249m█[38;2;255;255;255m█[38;2;240;239;253m█[38;2;26;25;39m█[38;2;0;0;123m█[38;2;5;5;132m█[38;2;13;13;13m██[38;2;13;13;16m██
██[38;2;13;15;6m██[38;2;5;5;117m██[38;2;0;0;27m█[38;2;171;169;209m█[38;2;254;254;250m█[38;2;19;19;15m█[38;2;0;0;0m█[38;2;65;65;65m█[38;2;200;200;200m█[38;2;255;255;255m█[38;2;254;254;254m██[38;2;255;255;255m██████[38;2;254;254;252m█[38;2;255;255;254m█[38;2;237;238;252m█[38;2;23;24;38m█[38;2;0;0;123m█[38;2;5;5;132m█[38;2;13;13;13m██[38;2;13;13;16m██
██[38;2;13;15;6m██[38;2;5;5;117m██[38;2;0;0;27m█[38;2;169;168;208m█[38;2;255;255;255m█[38;2;153;153;148m█[38;2;164;164;164m█[38;2;255;255;255m██[38;2;253;253;253m█████████[38;2;253;253;251m█[38;2;255;255;254m█[38;2;236;237;251m█[38;2;22;23;37m█[38;2;0;0;124m█[38;2;5;5;132m█[38;2;13;13;13m██[38;2;13;13;16m██
██[38;2;13;15;6m██[38;2;5;5;117m██[38;2;0;0;28m█[38;2;172;171;210m█[38;2;255;255;255m███[38;2;254;254;254m█[38;2;253;253;253m██████████[38;2;253;253;251m█[38;2;255;255;254m█[38;2;235;236;251m█[38;2;20;22;37m█[38;2;0;0;122m█[38;2;5;5;130m█[38;2;13;13;13m██[38;2;13;13;16m██
██[38;2;13;15;6m██[38;2;5;5;118m██[38;2;0;0;26m█[38;2;174;173;210m█[38;2;255;255;255m█[38;2;253;253;249m█[38;2;253;253;253m████████████[38;2;253;253;251m█[38;2;255;255;254m█[38;2;233;235;250m█[38;2;18;19;34m█[38;2;0;0;122m█[38;2;5;5;130m█[38;2;13;13;13m██[38;2;13;13;16m██
██[38;2;13;15;6m██[38;2;5;5;118m██[38;2;0;0;27m█[38;2;178;176;214m█[38;2;255;255;255m█[38;2;253;253;249m█[38;2;253;253;253m████████████[38;2;253;253;251m█[38;2;255;255;254m█[38;2;231;232;247m█[38;2;16;17;32m█[38;2;0;0;123m█[38;2;5;5;130m█[38;2;13;13;13m██[38;2;13;13;16m██
██[38;2;13;15;6m██[38;2;5;5;118m██[38;2;0;0;25m█[38;2;181;180;215m█[38;2;255;255;255m█[38;2;253;253;249m█[38;2;253;253;253m████████████[38;2;253;253;251m█[38;2;255;255;255m█[38;2;229;230;247m█[38;2;13;15;32m█[38;2;0;0;123m█[38;2;5;5;130m█[38;2;13;13;13m██[38;2;13;13;16m██
██[38;2;13;15;6m██[38;2;4;5;120m██[38;2;0;0;26m█[38;2;186;185;219m█[38;2;255;255;255m█[38;2;253;253;249m█[38;2;253;253;253m████████████[38;2;253;253;251m█[38;2;255;255;255m█[38;2;226;228;245m█[38;2;11;12;30m█[38;2;0;0;124m█[38;2;5;5;130m█[38;2;13;13;11m██[38;2;13;13;16m██
██[38;2;13;13;9m██[38;2;4;5;120m█[38;2;3;4;119m█[38;2;0;0;25m█[38;2;189;188;221m█[38;2;255;255;255m█[38;2;253;253;249m█[38;2;253;253;253m████████████[38;2;253;253;251m█[38;2;255;255;255m█[38;2;223;223;244m█[38;2;9;9;30m█[38;2;0;0;124m█[38;2;5;5;130m█[38;2;13;13;11m██[38;2;13;13;16m██
██[38;2;13;13;9m██[38;2;4;5;123m█[38;2;3;4;122m█[38;2;0;0;24m█[38;2;195;195;224m█[38;2;255;255;255m█[38;2;253;253;249m█[38;2;253;253;253m████████████[38;2;253;253;251m█[38;2;255;255;255m█[38;2;222;222;243m█[38;2;8;8;28m█[38;2;0;0;123m█[38;2;5;5;129m█[38;2;13;13;11m██[38;2;13;13;16m██
██[38;2;13;13;9m██[38;2;5;5;123m██[38;2;0;0;23m█[38;2;186;185;217m█[38;2;255;255;255m█[38;2;253;253;249m█[38;2;255;255;255m██[38;2;253;253;253m████[38;2;255;255;255m██[38;2;253;253;253m████[38;2;255;255;255m██[38;2;208;208;233m█[38;2;0;0;24m█[38;2;2;2;125m█[38;2;5;5;129m█[38;2;13;13;9m██[38;2;13;13;16m██
██[38;2;13;15;6m██[38;2;5;5;115m█[38;2;6;6;116m█[38;2;0;0;41m█[38;2;87;88;139m█[38;2;255;255;255m██[38;2;235;235;235m██[38;2;255;255;255m████[38;2;231;231;231m█[38;2;237;237;237m█[38;2;255;255;255m████[38;2;230;231;223m█[38;2;247;249;240m█[38;2;109;110;155m█[38;2;0;0;33m█[38;2;6;6;122m█[38;2;5;5;120m█[38;2;13;15;6m██[38;2;13;13;16m██
██[38;2;13;15;6m██[38;2;8;8;84m█[38;2;9;9;86m█[38;2;3;3;110m█[38;2;0;0;94m█[38;2;112;112;94m█[38;2;141;141;123m█[38;2;20;20;16m█[38;2;18;18;13m█[38;2;136;136;131m█[38;2;222;222;217m█[38;2;218;218;214m█[38;2;124;124;119m█[38;2;13;13;9m█[38;2;23;23;18m█[38;2;147;147;143m█[38;2;224;224;219m█[38;2;215;215;210m█[38;2;112;112;108m█[38;2;13;12;0m█[38;2;27;26;11m█[38;2;0;0;96m█[38;2;2;3;103m█[38;2;9;8;90m█[38;2;8;6;89m█[38;2;13;15;6m██[38;2;13;13;16m██
██[38;2;13;13;13m██[38;2;11;12;27m██[38;2;3;2;175m█[38;2;0;0;171m█[38;2;0;0;53m█[38;2;0;0;51m█[38;2;0;0;141m██[38;2;0;0;16m█[38;2;4;4;31m█[38;2;3;2;37m█[38;2;0;0;23m█[38;2;0;0;146m█[38;2;0;0;144m█[38;2;0;0;12m█[38;2;5;5;28m█[38;2;1;0;39m█[38;2;0;0;27m█[38;2;0;0;154m█[38;2;0;0;151m█[38;2;0;0;171m█[38;2;2;2;176m█[38;2;11;12;30m██[38;2;13;13;13m██[38;2;13;13;16m██
████[38;2;13;15;6m██[38;2;8;6;91m█[38;2;9;8;93m█[38;2;0;0;219m██[38;2;2;2;175m██[38;2;0;0;209m█[38;2;0;0;204m█[38;2;0;0;202m█[38;2;0;0;207m█[38;2;2;2;175m██[38;2;0;0;208m█[38;2;0;0;204m█[38;2;0;0;203m█[38;2;0;0;207m█[38;2;2;2;179m██[38;2;9;8;96m█[38;2;8;6;95m█[38;2;13;15;6m██[38;2;13;13;16m████
██████[38;2;13;13;11m██[38;2;11;11;40m██[38;2;13;13;13m██[38;2;9;9;66m█[38;2;10;10;67m█[38;2;10;11;62m█[38;2;9;10;61m█[38;2;13;13;11m██[38;2;9;9;70m█[38;2;10;10;72m█[38;2;10;11;61m█[38;2;9;10;60m█[38;2;13;13;9m██[38;2;13;13;11m██[38;2;13;13;16m██████
████████[38;2;13;13;11m██[38;2;13;13;16m██[38;2;13;13;9m████[38;2;13;13;16m██[38;2;13;13;9m████[38;2;13;13;16m██████████
████████████████████████████████