[38;2;13;13;16m██████████[38;2;13;13;11m██[38;2;13;13;17m██[38;2;8;8;81m██[38;2;9;6;108m██[38;2;9;10;55m██[38;2;13;15;6m██[38;2;13;13;13m██[38;2;13;13;16m████████
████████[38;2;13;13;11m██[38;2;13;12;27m██[38;2;2;2;179m██[38;2;0;0;211m█[38;2;0;0;207m█[38;2;0;0;181m██[38;2;0;0;208m█[38;2;0;0;211m█[38;2;5;4;137m██[38;2;13;13;13m████[38;2;13;13;16m██████
████████[38;2;13;13;11m██[38;2;2;2;164m█[38;2;4;4;166m█[38;2;0;0;147m█[38;2;0;0;131m█[38;2;0;0;0m█[38;2;9;8;17m█[38;2;23;24;16m██[38;2;5;5;31m█[38;2;0;0;16m█[38;2;0;0;146m█[38;2;0;0;161m█[38;2;6;5;143m█[38;2;5;4;141m█[38;2;13;15;6m██[38;2;13;13;16m██████
██████[38;2;13;15;6m██[38;2;8;8;79m█[38;2;9;9;80m█[38;2;3;3;168m█[38;2;0;0;153m█[38;2;0;0;0m█[38;2;75;76;68m█[38;2;172;172;167m█[38;2;222;222;217m█[38;2;238;238;238m██[38;2;219;221;212m█[38;2;172;173;165m█[38;2;87;87;82m█[38;2;6;6;2m█[38;2;0;0;141m█[38;2;2;2;161m█[38;2;9;9;88m█[38;2;8;8;87m█[38;2;13;15;6m██[38;2;13;13;16m████
██████[38;2;13;13;9m██[38;2;2;3;152m█[38;2;3;4;153m█[38;2;0;0;47m█[38;2;11;12;66m█[38;2;176;178;167m█[38;2;255;255;253m█[38;2;255;255;255m███████[38;2;214;215;207m█[38;2;72;72;97m█[38;2;0;0;13m█[38;2;0;0;161m█[38;2;3;3;166m█[38;2;13;12;22m██[38;2;13;13;13m██[38;2;13;13;16m██
████[38;2;13;13;13m██[38;2;11;11;38m██[38;2;4;5;154m█[38;2;0;0;140m█[38;2;13;13;11m█[38;2;205;205;203m█[38;2;255;255;255m█[38;2;254;254;254m█[38;2;253;253;253m███████[38;2;255;255;255m█[38;2;255;255;250m█[38;2;126;127;116m█[38;2;0;0;96m█[38;2;2;2;113m█[38;2;9;8;90m█[38;2;8;6;89m█[38;2;13;15;6m██[38;2;13;13;16m██
████[38;2;13;15;6m██[38;2;8;8;79m█[38;2;9;9;80m█[38;2;3;3;110m█[38;2;0;0;90m█[38;2;165;166;154m█[38;2;255;255;255m█[38;2;253;253;253m██████████[38;2;255;255;251m█[38;2;255;255;255m█[38;2;120;119;154m█[38;2;0;0;22m█[38;2;4;3;140m█[38;2;5;4;141m█[38;2;13;13;9m██[38;2;13;13;16m██
████[38;2;13;15;4m██[38;2;5;6;110m█[38;2;8;9;112m█[38;2;0;0;55m█[38;2;59;59;123m█[38;2;255;255;252m█[38;2;254;255;247m█[38;2;253;253;253m███████████[38;2;255;255;255m██[38;2;63;63;61m█[38;2;0;0;123m█[38;2;6;5;143m█[38;2;11;11;32m██[38;2;13;13;13m██
[38;2;13;13;16m████[38;2;13;13;9m██[38;2;4;4;127m██[38;2;0;0;22m█[38;2;164;162;197m█[38;2;255;255;255m█[38;2;253;253;249m█[38;2;253;253;253m███████████[38;2;254;254;254m█[38;2;255;255;251m█[38;2;187;188;178m█[38;2;0;0;102m█[38;2;3;3;112m█[38;2;10;11;62m█[38;2;9;10;61m█[38;2;13;13;9m██
[38;2;13;13;16m████[38;2;13;13;13m██[38;2;5;5;134m█[38;2;0;0;129m█[38;2;10;11;28m█[38;2;225;226;244m█[38;2;255;255;255m█[38;2;253;253;251m█[38;2;253;253;253m██████████[38;2;254;254;254m█[38;2;255;255;255m█[38;2;84;86;75m█[38;2;38;39;28m█[38;2;8;8;87m█[38;2;1;1;80m█[38;2;9;9;86m█[38;2;8;8;84m█[38;2;13;15;6m██
[38;2;13;13;16m████[38;2;13;13;17m██[38;2;5;5;134m█[38;2;0;0;122m█[38;2;41;40;49m█[38;2;251;250;255m█[38;2;254;254;252m█[38;2;253;253;251m█[38;2;253;253;253m███████████[38;2;255;255;255m█[38;2;122;123;115m█[38;2;0;0;0m█[38;2;0;0;48m█[38;2;1;1;62m█[38;2;9;8;101m█[38;2;8;6;100m█[38;2;13;15;6m██
[38;2;13;13;16m████[38;2;13;13;19m██[38;2;5;5;132m█[38;2;0;0;117m█[38;2;56;56;60m█[38;2;255;255;255m█[38;2;254;254;254m█[38;2;253;253;253m█████████████[38;2;255;255;255m█[38;2;209;210;202m█[38;2;33;34;88m█[38;2;0;0;48m█[38;2;6;8;108m█[38;2;5;6;107m█[38;2;13;15;6m██
[38;2;13;13;16m████[38;2;13;13;19m██[38;2;5;5;132m█[38;2;0;0;117m█[38;2;58;58;61m█[38;2;255;255;255m█[38;2;254;254;254m█[38;2;253;253;253m████████████[38;2;255;255;255m█[38;2;236;237;229m█[38;2;122;123;115m█[38;2;6;8;61m█[38;2;0;0;51m█[38;2;6;8;108m█[38;2;5;6;107m█[38;2;13;15;6m██
[38;2;13;13;16m████[38;2;13;13;19m██[38;2;5;5;132m█[38;2;0;0;116m█[38;2;60;60;63m█[38;2;255;255;255m█[38;2;254;254;254m█[38;2;253;253;253m███████████[38;2;254;254;254m█[38;2;255;255;255m█[38;2;66;67;59m█[38;2;0;0;0m█[38;2;0;0;49m█[38;2;0;1;54m█[38;2;6;8;108m█[38;2;5;6;107m█[38;2;13;15;6m██
[38;2;13;13;16m████[38;2;13;12;22m██[38;2;5;5;132m█[38;2;0;0;116m█[38;2;66;66;69m█[38;2;255;255;255m█[38;2;254;254;254m█[38;2;253;253;253m████████████[38;2;255;255;255m█[38;2;155;157;148m█[38;2;139;140;132m█[38;2;96;96;153m█[38;2;0;0;46m█[38;2;6;8;105m█[38;2;5;6;104m█[38;2;13;15;6m██
[38;2;13;13;16m██[38;2;13;13;13m██[38;2;13;12;24m██[38;2;5;5;132m█[38;2;0;0;113m█[38;2;75;75;77m█[38;2;255;255;255m█[38;2;253;253;253m██████████████[38;2;255;255;255m██[38;2;104;104;164m█[38;2;0;0;47m█[38;2;6;9;101m█[38;2;5;8;100m█[38;2;13;15;6m██
[38;2;13;13;16m██[38;2;13;13;13m██[38;2;13;12;26m██[38;2;5;5;132m█[38;2;0;0;112m█[38;2;89;89;89m█[38;2;255;255;255m█[38;2;253;253;253m██████████████[38;2;253;254;246m█[38;2;255;255;255m█[38;2;86;86;150m█[38;2;0;0;53m█[38;2;9;8;96m█[38;2;8;6;95m█[38;2;13;15;6m██
[38;2;13;13;16m██[38;2;13;13;13m██[38;2;11;12;30m██[38;2;5;5;130m█[38;2;0;0;108m█[38;2;109;109;107m█[38;2;255;255;255m█[38;2;253;253;253m██████████████[38;2;253;254;244m█[38;2;255;255;252m█[38;2;66;66;137m█[38;2;0;0;62m█[38;2;9;8;93m█[38;2;8;6;91m█[38;2;13;15;6m██
[38;2;13;13;16m██[38;2;13;13;13m██[38;2;11;11;37m██[38;2;5;5;129m█[38;2;0;0;104m█[38;2;136;136;131m█[38;2;255;255;255m█[38;2;253;253;253m██████████████[38;2;254;255;245m██[38;2;44;44;123m█[38;2;0;0;74m█[38;2;9;9;84m█[38;2;8;8;83m█[38;2;13;15;6m██
[38;2;13;13;16m██[38;2;13;13;11m██[38;2;11;10;45m██[38;2;6;6;122m█[38;2;0;0;98m█[38;2;166;167;159m█[38;2;255;255;255m█[38;2;253;253;253m██████████████[38;2;255;255;247m█[38;2;242;243;232m█[38;2;22;20;111m█[38;2;0;0;89m█[38;2;10;10;75m█[38;2;9;9;74m█[38;2;13;13;9m██
[38;2;13;13;16m██[38;2;13;13;11m██[38;2;9;11;53m██[38;2;4;4;113m█[38;2;0;0;100m█[38;2;200;201;190m█[38;2;255;255;252m█[38;2;253;253;253m██████████████[38;2;255;255;250m█[38;2;219;221;210m█[38;2;0;1;101m█[38;2;2;3;103m█[38;2;10;11;62m█[38;2;9;10;61m█[38;2;13;13;9m██
[38;2;13;13;16m██[38;2;13;13;9m██[38;2;9;9;66m█[38;2;10;10;67m█[38;2;1;2;100m█[38;2;5;6;104m█[38;2;229;230;219m█[38;2;255;255;249m█[38;2;253;253;253m██████████████[38;2;255;255;253m█[38;2;188;189;179m█[38;2;0;0;98m█[38;2;5;5;117m█[38;2;11;10;51m██[38;2;13;13;11m██
[38;2;13;13;16m██[38;2;13;15;6m██[38;2;8;8;79m█[38;2;9;9;80m█[38;2;0;0;81m█[38;2;32;31;116m█[38;2;249;250;239m█[38;2;255;255;246m█[38;2;253;253;253m██████████████[38;2;255;255;255m█[38;2;151;152;144m█[38;2;0;0;102m█[38;2;5;5;126m█[38;2;11;11;40m██[38;2;13;13;13m██
[38;2;13;13;16m██[38;2;13;15;6m██[38;2;8;6;91m█[38;2;9;8;93m█[38;2;0;0;84m█[38;2;24;23;110m█[38;2;247;249;238m█[38;2;255;255;254m█[38;2;255;255;255m██[38;2;254;254;254m█[38;2;253;253;253m██[38;2;255;255;255m███[38;2;253;253;253m██[38;2;254;254;254m█[38;2;255;255;255m████[38;2;66;66;66m█[38;2;0;0;124m█[38;2;5;4;141m█[38;2;11;12;27m██[38;2;13;13;13m██
[38;2;13;13;16m██[38;2;13;15;6m██[38;2;8;6;89m█[38;2;9;8;90m█[38;2;4;4;117m█[38;2;0;0;97m█[38;2;146;145;132m█[38;2;210;209;196m█[38;2;112;112;108m█[38;2;165;165;160m█[38;2;255;255;255m███[38;2;193;193;190m█[38;2;111;111;107m█[38;2;178;178;173m█[38;2;255;255;255m███[38;2;181;181;179m█[38;2;109;110;100m█[38;2;190;192;181m█[38;2;125;125;154m█[38;2;0;0;20m█[38;2;2;3;154m█[38;2;3;4;155m█[38;2;13;13;13m██[38;2;13;13;16m██
██[38;2;13;13;9m██[38;2;9;10;60m██[38;2;3;3;180m█[38;2;0;0;171m█[38;2;0;0;12m█[38;2;5;4;18m█[38;2;0;0;19m█[38;2;0;0;24m█[38;2;68;67;52m█[38;2;118;117;102m█[38;2;76;76;82m█[38;2;1;1;6m█[38;2;0;0;18m█[38;2;0;0;27m█[38;2;75;74;59m█[38;2;117;116;101m█[38;2;68;67;76m█[38;2;0;0;5m█[38;2;0;0;11m█[38;2;0;0;20m█[38;2;0;0;105m█[38;2;2;2;119m█[38;2;5;5;126m█[38;2;4;4;125m█[38;2;13;15;4m██[38;2;13;13;16m██
██[38;2;13;13;13m██[38;2;13;13;17m██[38;2;2;1;192m█[38;2;3;2;193m█[38;2;0;0;197m█[38;2;0;0;196m█[38;2;1;1;214m█[38;2;0;0;209m█[38;2;0;0;81m█[38;2;0;0;75m█[38;2;0;0;146m█[38;2;0;0;160m█[38;2;1;1;214m█[38;2;0;0;208m█[38;2;0;0;80m█[38;2;0;0;75m█[38;2;0;0;151m█[38;2;0;0;165m█[38;2;1;0;221m█[38;2;0;0;215m█[38;2;0;0;210m█[38;2;1;1;214m█[38;2;11;10;47m██[38;2;13;13;11m██[38;2;13;13;16m██
████[38;2;13;15;6m██[38;2;8;8;87m█[38;2;9;9;88m█[38;2;0;0;212m██[38;2;2;1;192m██[38;2;0;0;252m██[38;2;1;1;216m█[38;2;0;0;215m█[38;2;2;0;194m██[38;2;0;0;254m██[38;2;1;1;214m█[38;2;0;0;212m█[38;2;0;1;200m██[38;2;6;6;122m█[38;2;5;5;120m█[38;2;13;15;6m██[38;2;13;13;16m████
██████[38;2;13;13;13m██[38;2;11;12;30m██[38;2;11;12;26m██[38;2;8;6;91m██[38;2;11;10;47m██[38;2;13;12;26m██[38;2;8;6;94m██[38;2;11;10;45m██[38;2;13;12;22m██[38;2;13;13;16m████████
████████[38;2;13;13;11m██[38;2;13;13;13m██[38;2;13;15;4m██[38;2;13;13;11m██[38;2;13;13;13m██[38;2;13;15;4m██[38;2;13;13;11m██[38;2;13;13;13m██[38;2;13;13;16m████████
████████████████████████████████
████████████████████████████████