[38;2;13;13;16m██████████[38;2;13;15;6m██[38;2;11;11;34m██[38;2;8;6;97m█[38;2;9;8;98m█[38;2;9;8;96m█[38;2;8;6;95m█[38;2;11;11;34m██[38;2;13;15;6m██[38;2;13;13;16m██████████
████████[38;2;13;15;6m██[38;2;8;9;74m█[38;2;9;10;75m█[38;2;0;0;210m██[38;2;0;0;203m█[38;2;0;0;200m██[38;2;0;0;203m█[38;2;0;0;210m██[38;2;9;10;75m█[38;2;8;9;74m█[38;2;13;15;6m██[38;2;13;13;16m████████
██████[38;2;13;13;9m██[38;2;9;10;55m██[38;2;0;0;207m█[38;2;0;0;203m█[38;2;0;0;72m█[38;2;0;0;66m█[38;2;3;3;5m█[38;2;16;16;18m██[38;2;3;3;5m█[38;2;0;0;66m█[38;2;0;0;72m█[38;2;0;0;203m█[38;2;1;1;208m█[38;2;9;10;55m██[38;2;13;13;9m██[38;2;13;13;16m██████
██████[38;2;13;13;13m██[38;2;3;2;173m██[38;2;0;0;66m█[38;2;0;0;63m█[38;2;70;69;54m█[38;2;160;159;144m█[38;2;211;211;209m█[38;2;231;231;229m██[38;2;211;211;209m█[38;2;160;159;144m█[38;2;70;69;54m█[38;2;0;0;66m█[38;2;0;0;68m█[38;2;2;2;173m██[38;2;13;13;13m██[38;2;13;13;16m██████
████[38;2;13;15;6m██[38;2;8;8;81m█[38;2;9;9;82m█[38;2;5;4;147m█[38;2;0;0;125m█[38;2;35;37;25m█[38;2;187;188;176m█[38;2;255;255;255m████████[38;2;187;188;176m█[38;2;35;37;25m█[38;2;0;0;125m█[38;2;5;4;147m█[38;2;9;9;82m█[38;2;8;8;81m█[38;2;13;15;6m██[38;2;13;13;16m████
████[38;2;13;13;9m██[38;2;4;3;144m█[38;2;5;4;145m█[38;2;0;0;37m█[38;2;51;52;100m█[38;2;237;238;230m█[38;2;255;255;255m█[38;2;254;254;254m█[38;2;253;253;253m██████[38;2;254;254;254m█[38;2;255;255;255m█[38;2;237;238;230m█[38;2;51;52;100m█[38;2;0;0;37m█[38;2;5;4;145m█[38;2;4;3;144m█[38;2;13;13;9m██[38;2;13;13;16m████
██[38;2;13;13;13m██[38;2;11;11;32m██[38;2;4;5;151m█[38;2;0;0;136m█[38;2;30;30;30m█[38;2;233;233;233m█[38;2;255;255;255m█[38;2;253;253;253m██████████[38;2;255;255;255m█[38;2;233;233;233m█[38;2;30;30;30m█[38;2;0;0;136m█[38;2;4;5;151m█[38;2;11;11;32m██[38;2;13;13;13m██[38;2;13;13;16m██
██[38;2;13;13;9m██[38;2;9;9;68m█[38;2;10;10;69m█[38;2;4;4;116m█[38;2;0;0;96m█[38;2;174;175;164m█[38;2;255;255;255m█[38;2;254;254;254m█[38;2;253;253;253m███████████[38;2;255;255;255m█[38;2;175;176;165m█[38;2;0;0;96m█[38;2;4;4;116m█[38;2;10;10;69m█[38;2;9;9;68m█[38;2;13;13;9m██[38;2;13;13;16m██
██[38;2;13;15;6m██[38;2;8;6;97m█[38;2;9;8;98m█[38;2;0;0;67m█[38;2;47;47;120m█[38;2;255;255;246m█[38;2;255;255;249m█[38;2;249;249;249m█[38;2;255;255;255m██[38;2;253;253;253m█████████[38;2;254;255;245m█[38;2;255;255;247m█[38;2;47;47;120m█[38;2;0;0;67m█[38;2;9;8;98m█[38;2;8;6;97m█[38;2;13;15;6m██[38;2;13;13;16m██
██[38;2;13;15;6m██[38;2;5;5;115m█[38;2;6;6;116m█[38;2;0;0;34m█[38;2;131;132;180m█[38;2;255;255;255m█[38;2;187;188;180m█[38;2;25;25;25m█[38;2;123;123;123m█[38;2;242;242;242m█[38;2;255;255;255m█[38;2;254;254;254m█[38;2;253;253;253m█[38;2;254;254;254m█[38;2;255;255;255m█████[38;2;254;255;247m█[38;2;255;255;255m█[38;2;131;132;180m█[38;2;0;0;34m█[38;2;6;6;116m█[38;2;5;5;115m█[38;2;13;15;6m██[38;2;13;13;16m██
██[38;2;13;13;9m██[38;2;4;5;123m██[38;2;0;0;24m█[38;2;186;185;217m█[38;2;255;255;255m█[38;2;198;198;194m█[38;2;11;11;11m█[38;2;0;0;0m█[38;2;32;32;32m█[38;2;164;164;164m█[38;2;253;253;253m█[38;2;254;254;254m██[38;2;231;231;231m█[38;2;228;228;228m█[38;2;229;229;229m█[38;2;228;228;228m█[38;2;230;230;230m█[38;2;252;252;247m█[38;2;255;255;255m█[38;2;186;185;217m█[38;2;0;0;24m█[38;2;4;5;123m██[38;2;13;13;9m██[38;2;13;13;16m██
██[38;2;13;13;9m██[38;2;4;4;125m█[38;2;2;2;123m█[38;2;0;0;26m█[38;2;205;205;232m█[38;2;255;255;255m██[38;2;243;243;243m█[38;2;100;100;100m█[38;2;0;0;0m██[38;2;111;111;111m█[38;2;255;255;255m█[38;2;158;158;158m█[38;2;0;0;0m█[38;2;4;4;4m█[38;2;5;5;5m█[38;2;4;4;4m█[38;2;0;0;0m█[38;2;129;129;126m█[38;2;255;255;255m█[38;2;205;205;232m█[38;2;0;0;26m█[38;2;2;2;123m█[38;2;5;5;126m█[38;2;13;13;9m██[38;2;13;13;16m██
██[38;2;13;13;9m██[38;2;4;4;125m█[38;2;2;2;123m█[38;2;0;0;25m█[38;2;208;208;233m█[38;2;255;255;255m█[38;2;255;255;253m█[38;2;188;188;188m█[38;2;54;54;54m█[38;2;0;0;0m█[38;2;5;5;5m█[38;2;153;153;153m█[38;2;255;255;255m█[38;2;188;188;188m█[38;2;55;55;55m█[38;2;58;58;58m███[38;2;52;52;52m█[38;2;166;166;164m█[38;2;255;255;255m█[38;2;208;208;233m█[38;2;0;0;25m█[38;2;2;2;123m█[38;2;5;5;126m█[38;2;13;13;9m██[38;2;13;13;16m██
██[38;2;13;13;9m██[38;2;4;4;125m█[38;2;2;2;123m█[38;2;0;0;25m█[38;2;208;208;233m█[38;2;255;255;255m█[38;2;175;175;173m█[38;2;0;0;0m██[38;2;87;87;87m█[38;2;218;218;218m█[38;2;255;255;255m█[38;2;252;252;252m█[38;2;255;255;255m████████[38;2;208;208;233m█[38;2;0;0;25m█[38;2;2;2;123m█[38;2;4;4;125m█[38;2;13;13;9m██[38;2;13;13;16m██
██[38;2;13;13;9m██[38;2;4;4;125m█[38;2;2;2;123m█[38;2;0;0;25m█[38;2;208;208;233m█[38;2;255;255;255m█[38;2;212;212;210m█[38;2;90;90;90m█[38;2;183;183;183m█[38;2;255;255;255m██[38;2;253;253;253m███[38;2;254;254;254m█████[38;2;253;253;251m█[38;2;255;255;255m█[38;2;208;208;233m█[38;2;0;0;25m█[38;2;2;2;123m█[38;2;4;4;125m█[38;2;13;13;9m██[38;2;13;13;16m██
██[38;2;13;13;9m██[38;2;4;4;125m█[38;2;2;2;123m█[38;2;0;0;25m█[38;2;208;208;233m█[38;2;255;255;255m█[38;2;255;255;254m█[38;2;255;255;255m██[38;2;253;253;253m██████████[38;2;253;253;251m█[38;2;255;255;255m█[38;2;208;208;233m█[38;2;0;0;25m█[38;2;2;2;123m█[38;2;4;4;125m█[38;2;13;13;9m██[38;2;13;13;16m██
██[38;2;13;13;9m██[38;2;4;4;125m█[38;2;2;2;123m█[38;2;0;0;25m█[38;2;208;208;233m█[38;2;255;255;255m█[38;2;253;253;251m█[38;2;253;253;253m████████████[38;2;253;253;251m█[38;2;255;255;255m█[38;2;208;208;233m█[38;2;0;0;25m█[38;2;2;2;123m█[38;2;4;4;125m█[38;2;13;13;9m██[38;2;13;13;16m██
██[38;2;13;13;9m██[38;2;4;4;125m█[38;2;2;2;123m█[38;2;0;0;25m█[38;2;208;208;233m█[38;2;255;255;255m█[38;2;253;253;251m█[38;2;253;253;253m████████████[38;2;253;253;251m█[38;2;255;255;255m█[38;2;208;208;233m█[38;2;0;0;25m█[38;2;2;2;123m█[38;2;4;4;125m█[38;2;13;13;9m██[38;2;13;13;16m██
██[38;2;13;13;9m██[38;2;4;4;125m█[38;2;2;2;123m█[38;2;0;0;25m█[38;2;208;208;233m█[38;2;255;255;255m█[38;2;253;253;251m█[38;2;253;253;253m████████████[38;2;253;253;251m█[38;2;255;255;255m█[38;2;208;208;233m█[38;2;0;0;25m█[38;2;2;2;123m█[38;2;4;4;125m█[38;2;13;13;9m██[38;2;13;13;16m██
██[38;2;13;13;9m██[38;2;4;4;125m█[38;2;2;2;123m█[38;2;0;0;25m█[38;2;208;208;233m█[38;2;255;255;255m█[38;2;253;253;251m█[38;2;253;253;253m████████████[38;2;253;253;251m█[38;2;255;255;255m█[38;2;208;208;233m█[38;2;0;0;25m█[38;2;2;2;123m█[38;2;4;4;125m█[38;2;13;13;9m██[38;2;13;13;16m██
██[38;2;13;13;9m██[38;2;4;4;125m█[38;2;2;2;123m█[38;2;0;0;25m█[38;2;208;208;233m█[38;2;255;255;255m█[38;2;253;253;251m█[38;2;253;253;253m████████████[38;2;253;253;251m█[38;2;255;255;255m█[38;2;208;208;233m█[38;2;0;0;25m█[38;2;2;2;123m█[38;2;4;4;125m█[38;2;13;13;9m██[38;2;13;13;16m██
██[38;2;13;13;9m██[38;2;5;4;125m█[38;2;3;2;123m█[38;2;1;1;26m█[38;2;208;208;233m█[38;2;255;255;255m█[38;2;253;253;251m█[38;2;253;253;253m████████████[38;2;253;253;251m█[38;2;255;255;255m█[38;2;208;208;233m█[38;2;1;1;26m█[38;2;2;2;123m█[38;2;4;4;125m█[38;2;13;13;9m██[38;2;13;13;16m██
██[38;2;13;13;9m██[38;2;4;4;127m█[38;2;3;3;126m█[38;2;0;0;24m█[38;2;204;204;231m█[38;2;255;255;255m█[38;2;253;253;251m█[38;2;253;253;253m████████████[38;2;253;253;251m█[38;2;255;255;255m█[38;2;205;205;231m█[38;2;0;0;23m█[38;2;2;2;125m█[38;2;4;4;127m█[38;2;13;13;9m██[38;2;13;13;16m██
██[38;2;13;15;6m██[38;2;4;4;129m█[38;2;5;5;130m█[38;2;0;0;28m█[38;2;137;136;176m█[38;2;255;255;255m█[38;2;254;254;250m█[38;2;254;254;254m█[38;2;255;255;255m████[38;2;254;254;254m██[38;2;255;255;255m████[38;2;254;254;254m█[38;2;254;254;250m█[38;2;255;255;255m█[38;2;140;139;179m█[38;2;0;0;27m█[38;2;5;5;130m█[38;2;4;4;129m█[38;2;13;15;6m██[38;2;13;13;16m██
██[38;2;13;15;4m██[38;2;5;5;117m█[38;2;6;6;118m█[38;2;0;0;86m█[38;2;4;3;90m█[38;2;175;176;165m█[38;2;255;255;245m█[38;2;255;255;255m█[38;2;204;204;204m█[38;2;79;80;69m█[38;2;70;72;61m█[38;2;194;194;192m█[38;2;255;255;255m██[38;2;194;194;192m█[38;2;70;72;61m█[38;2;77;79;68m█[38;2;205;205;205m█[38;2;255;255;255m█[38;2;255;255;246m█[38;2;179;180;168m█[38;2;5;4;89m█[38;2;0;0;83m█[38;2;6;6;118m█[38;2;5;5;117m█[38;2;13;15;4m██[38;2;13;13;16m██
██[38;2;13;13;9m██[38;2;9;9;66m█[38;2;10;10;67m█[38;2;3;3;180m█[38;2;0;0;167m█[38;2;0;0;0m█[38;2;46;46;44m█[38;2;54;54;52m█[38;2;5;5;3m█[38;2;0;0;70m█[38;2;0;0;72m█[38;2;2;2;4m█[38;2;51;51;53m██[38;2;2;2;4m█[38;2;0;0;72m█[38;2;0;0;70m█[38;2;5;5;3m█[38;2;54;54;52m█[38;2;47;47;45m█[38;2;0;0;0m█[38;2;0;0;165m█[38;2;3;3;178m█[38;2;9;9;68m██[38;2;13;13;9m██[38;2;13;13;16m██
████[38;2;13;13;13m██[38;2;2;2;179m█[38;2;3;3;180m█[38;2;0;0;183m█[38;2;0;0;174m█[38;2;0;0;155m█[38;2;0;0;165m█[38;2;0;0;244m██[38;2;0;0;171m█[38;2;0;0;161m██[38;2;0;0;171m█[38;2;0;0;244m██[38;2;0;0;165m█[38;2;0;0;155m█[38;2;0;0;172m█[38;2;0;0;182m█[38;2;3;3;182m█[38;2;1;1;180m█[38;2;13;13;13m████[38;2;13;13;16m██
████[38;2;13;13;9m██[38;2;11;10;45m██[38;2;2;0;194m██[38;2;1;2;200m█[38;2;0;1;198m█[38;2;9;8;98m█[38;2;8;6;97m█[38;2;2;1;192m█[38;2;3;2;193m█[38;2;2;0;194m██[38;2;9;8;98m█[38;2;8;6;97m█[38;2;0;1;198m██[38;2;0;1;194m██[38;2;11;10;47m██[38;2;13;13;9m██[38;2;13;13;16m████
██████[38;2;13;13;11m██[38;2;13;13;17m██[38;2;13;13;19m██[38;2;13;15;4m██[38;2;13;13;19m████[38;2;13;15;4m██[38;2;13;13;19m██[38;2;13;13;17m██[38;2;13;13;11m██[38;2;13;13;16m██████
████████[38;2;13;13;13m████[38;2;13;13;16m██[38;2;13;13;13m████[38;2;13;13;16m██[38;2;13;13;13m████[38;2;13;13;16m████████
████████████████████████████████
████████████████████████████████