[38;2;13;13;16m██████████[38;2;13;15;6m██[38;2;11;11;34m██[38;2;8;6;97m█[38;2;9;8;98m██[38;2;8;6;97m█[38;2;11;11;34m██[38;2;13;15;6m██[38;2;13;13;16m██████████
████████[38;2;13;15;6m██[38;2;8;9;76m█[38;2;9;10;77m█[38;2;0;0;209m█[38;2;0;0;208m█[38;2;0;0;194m█[38;2;0;0;190m██[38;2;0;0;194m█[38;2;0;0;208m█[38;2;0;0;209m█[38;2;10;10;77m█[38;2;9;9;76m█[38;2;13;15;6m██[38;2;13;13;16m████████
██████[38;2;13;13;9m██[38;2;9;10;58m██[38;2;1;2;203m█[38;2;0;0;197m█[38;2;0;0;62m█[38;2;0;0;59m█[38;2;8;8;5m█[38;2;23;23;20m██[38;2;8;8;5m█[38;2;0;0;59m█[38;2;0;0;62m█[38;2;0;0;197m█[38;2;1;2;203m█[38;2;9;10;58m██[38;2;13;13;9m██[38;2;13;13;16m██████
██████[38;2;13;13;13m██[38;2;3;3;171m██[38;2;0;0;58m█[38;2;0;0;60m█[38;2;82;81;68m█[38;2;173;172;159m█[38;2;221;221;218m█[38;2;238;238;236m██[38;2;221;221;218m█[38;2;173;172;159m█[38;2;82;81;68m█[38;2;0;0;60m█[38;2;0;0;58m█[38;2;3;3;171m██[38;2;13;13;13m██[38;2;13;13;16m██████
████[38;2;13;15;6m██[38;2;8;8;81m█[38;2;9;9;82m█[38;2;4;3;140m█[38;2;0;0;117m█[38;2;44;45;33m█[38;2;197;198;187m█[38;2;255;255;255m████████[38;2;197;198;187m█[38;2;44;45;33m█[38;2;0;0;118m█[38;2;4;3;140m█[38;2;9;9;82m█[38;2;8;8;81m█[38;2;13;15;6m██[38;2;13;13;16m████
████[38;2;13;13;9m██[38;2;4;3;141m█[38;2;5;4;143m█[38;2;0;0;31m█[38;2;60;62;104m█[38;2;243;244;236m█[38;2;255;255;255m█[38;2;253;253;253m████████[38;2;255;255;255m█[38;2;243;244;236m█[38;2;60;62;104m█[38;2;0;0;31m█[38;2;5;4;143m█[38;2;4;3;141m█[38;2;13;13;9m██[38;2;13;13;16m████
██[38;2;13;13;13m██[38;2;11;11;32m██[38;2;6;5;148m█[38;2;0;0;132m█[38;2;35;35;33m█[38;2;239;239;237m█[38;2;255;255;255m█[38;2;253;253;253m██████████[38;2;255;255;255m█[38;2;239;239;237m█[38;2;35;35;33m█[38;2;0;0;132m█[38;2;4;6;148m█[38;2;11;11;32m██[38;2;13;13;13m██[38;2;13;13;16m██
██[38;2;13;13;9m██[38;2;9;9;68m█[38;2;10;10;69m█[38;2;4;4;113m█[38;2;0;0;95m█[38;2;181;182;171m█[38;2;255;255;255m█[38;2;254;254;254m█[38;2;253;253;253m██████[38;2;254;254;254m██[38;2;253;253;253m███[38;2;255;255;255m█[38;2;181;182;171m█[38;2;0;0;96m█[38;2;4;4;113m█[38;2;10;10;69m█[38;2;9;9;68m█[38;2;13;13;9m██[38;2;13;13;16m██
██[38;2;13;15;6m██[38;2;8;6;97m█[38;2;9;8;98m█[38;2;0;0;66m█[38;2;51;51;124m█[38;2;255;255;249m██[38;2;253;253;253m█[38;2;255;255;255m██[38;2;253;253;253m████[38;2;255;255;255m███[38;2;254;254;254m█[38;2;253;253;253m█[38;2;254;255;245m█[38;2;255;255;249m█[38;2;52;52;125m█[38;2;0;0;66m█[38;2;6;9;98m█[38;2;5;8;97m█[38;2;13;15;6m██[38;2;13;13;16m██
██[38;2;13;15;6m██[38;2;5;5;115m█[38;2;6;6;116m█[38;2;0;0;32m█[38;2;134;136;181m█[38;2;255;255;255m█[38;2;192;193;185m█[38;2;35;35;35m█[38;2;136;136;136m█[38;2;247;247;247m█[38;2;255;255;255m█[38;2;254;254;254m█[38;2;253;253;253m█[38;2;255;255;255m█[38;2;120;120;120m█[38;2;49;49;49m█[38;2;183;183;183m█[38;2;255;255;255m██[38;2;253;254;246m█[38;2;255;255;255m█[38;2;134;136;181m█[38;2;0;0;32m█[38;2;6;6;116m█[38;2;5;5;115m█[38;2;13;15;6m██[38;2;13;13;16m██
██[38;2;13;13;9m██[38;2;5;5;123m██[38;2;0;0;24m█[38;2;188;187;219m█[38;2;255;255;255m█[38;2;193;193;188m█[38;2;3;3;3m█[38;2;0;0;0m█[38;2;41;41;41m█[38;2;175;175;175m█[38;2;255;255;255m█[38;2;254;254;254m█[38;2;255;255;255m█[38;2;119;119;119m█[38;2;0;0;0m██[38;2;84;84;84m█[38;2;216;216;216m█[38;2;255;255;254m█[38;2;255;255;255m█[38;2;188;187;219m█[38;2;0;0;24m█[38;2;4;5;123m██[38;2;13;13;9m██[38;2;13;13;16m██
██[38;2;13;13;9m██[38;2;4;4;125m█[38;2;2;2;123m█[38;2;0;0;26m█[38;2;207;207;233m█[38;2;255;255;255m██[38;2;233;233;233m█[38;2;93;93;93m█[38;2;0;0;0m██[38;2;118;118;118m█[38;2;255;255;255m█[38;2;254;254;254m█[38;2;255;255;255m█[38;2;196;196;196m█[38;2;39;39;39m█[38;2;0;0;0m█[38;2;1;1;1m█[38;2;195;195;193m█[38;2;255;255;255m█[38;2;207;207;233m█[38;2;0;0;26m█[38;2;2;2;123m█[38;2;4;4;125m█[38;2;13;13;9m██[38;2;13;13;16m██
██[38;2;13;13;9m██[38;2;4;4;125m█[38;2;2;2;123m█[38;2;0;0;25m█[38;2;208;208;233m█[38;2;255;255;255m██[38;2;200;200;200m█[38;2;63;63;63m█[38;2;0;0;0m██[38;2;145;145;145m█[38;2;255;255;255m██[38;2;250;250;250m█[38;2;157;157;157m█[38;2;23;23;23m█[38;2;0;0;0m█[38;2;28;28;28m█[38;2;210;210;208m█[38;2;255;255;255m█[38;2;208;208;233m█[38;2;0;0;25m█[38;2;2;2;123m█[38;2;4;4;125m█[38;2;13;13;9m██[38;2;13;13;16m██
██[38;2;13;13;9m██[38;2;4;4;125m█[38;2;2;2;123m█[38;2;0;0;25m█[38;2;208;208;233m█[38;2;255;255;255m█[38;2;179;179;176m█[38;2;0;0;0m██[38;2;76;76;76m█[38;2;210;210;210m█[38;2;255;255;255m█[38;2;253;253;253m█[38;2;255;255;255m█[38;2;95;95;95m█[38;2;0;0;0m█[38;2;4;4;4m█[38;2;124;124;124m█[38;2;242;242;242m█[38;2;255;255;255m██[38;2;208;208;233m█[38;2;0;0;25m█[38;2;2;2;123m█[38;2;4;4;125m█[38;2;13;13;9m██[38;2;13;13;16m██
██[38;2;13;13;9m██[38;2;4;4;125m█[38;2;2;2;123m█[38;2;0;0;25m█[38;2;208;208;233m█[38;2;255;255;255m█[38;2;208;208;205m█[38;2;77;77;77m█[38;2;173;173;173m█[38;2;255;255;255m██[38;2;253;253;253m██[38;2;255;255;255m█[38;2;150;150;150m█[38;2;90;90;90m█[38;2;216;216;216m█[38;2;255;255;255m██[38;2;253;253;251m█[38;2;255;255;255m█[38;2;208;208;233m█[38;2;0;0;25m█[38;2;2;2;123m█[38;2;4;4;125m█[38;2;13;13;9m██[38;2;13;13;16m██
██[38;2;13;13;9m██[38;2;4;4;125m█[38;2;2;2;123m█[38;2;0;0;25m█[38;2;208;208;233m█[38;2;255;255;255m████[38;2;254;254;254m█[38;2;253;253;253m████[38;2;255;255;255m███[38;2;253;253;253m██[38;2;253;253;251m█[38;2;255;255;255m█[38;2;208;208;233m█[38;2;0;0;25m█[38;2;2;2;123m█[38;2;4;4;125m█[38;2;13;13;9m██[38;2;13;13;16m██
██[38;2;13;13;9m██[38;2;4;4;125m█[38;2;2;2;123m█[38;2;0;0;25m█[38;2;208;208;233m█[38;2;255;255;255m█[38;2;253;253;251m█[38;2;253;253;253m████████████[38;2;253;253;251m█[38;2;255;255;255m█[38;2;208;208;233m█[38;2;0;0;25m█[38;2;2;2;123m█[38;2;4;4;125m█[38;2;13;13;9m██[38;2;13;13;16m██
██[38;2;13;13;9m██[38;2;4;4;125m█[38;2;2;2;123m█[38;2;0;0;25m█[38;2;208;208;233m█[38;2;255;255;255m█[38;2;253;253;251m█[38;2;253;253;253m████████████[38;2;253;253;251m█[38;2;255;255;255m█[38;2;208;208;233m█[38;2;0;0;25m█[38;2;2;2;123m█[38;2;4;4;125m█[38;2;13;13;9m██[38;2;13;13;16m██
██[38;2;13;13;9m██[38;2;4;4;125m█[38;2;2;2;123m█[38;2;0;0;25m█[38;2;208;208;233m█[38;2;255;255;255m█[38;2;253;253;251m█[38;2;253;253;253m████████████[38;2;253;253;251m█[38;2;255;255;255m█[38;2;208;208;233m█[38;2;0;0;25m█[38;2;2;2;123m█[38;2;4;4;125m█[38;2;13;13;9m██[38;2;13;13;16m██
██[38;2;13;13;9m██[38;2;4;4;125m█[38;2;2;2;123m█[38;2;0;0;25m█[38;2;208;208;233m█[38;2;255;255;255m█[38;2;253;253;251m█[38;2;253;253;253m████████████[38;2;253;253;251m█[38;2;255;255;255m█[38;2;208;208;233m█[38;2;0;0;25m█[38;2;2;2;123m█[38;2;4;4;125m█[38;2;13;13;9m██[38;2;13;13;16m██
██[38;2;13;13;9m██[38;2;4;4;125m█[38;2;2;2;123m█[38;2;0;0;25m█[38;2;208;208;233m█[38;2;255;255;255m█[38;2;253;253;251m█[38;2;253;253;253m████████████[38;2;253;253;251m█[38;2;255;255;255m█[38;2;208;208;233m█[38;2;0;0;25m█[38;2;2;2;123m█[38;2;4;4;125m█[38;2;13;13;9m██[38;2;13;13;16m██
██[38;2;13;13;9m██[38;2;4;4;125m█[38;2;2;2;123m█[38;2;0;0;25m█[38;2;208;208;233m█[38;2;255;255;255m█[38;2;253;253;251m█[38;2;253;253;253m████████████[38;2;253;253;251m█[38;2;255;255;255m█[38;2;208;208;233m█[38;2;0;0;25m█[38;2;2;2;123m█[38;2;4;4;125m█[38;2;13;13;9m██[38;2;13;13;16m██
██[38;2;13;13;9m██[38;2;4;4;125m█[38;2;2;2;123m█[38;2;0;0;25m█[38;2;208;208;233m█[38;2;255;255;255m█[38;2;253;253;251m█[38;2;253;253;253m████████████[38;2;253;253;251m█[38;2;255;255;255m█[38;2;208;208;233m█[38;2;0;0;25m█[38;2;2;2;123m█[38;2;4;4;125m█[38;2;13;13;9m██[38;2;13;13;16m██
██[38;2;13;13;9m██[38;2;4;4;131m██[38;2;0;0;23m█[38;2;164;162;197m█[38;2;255;255;255m█[38;2;253;253;249m█[38;2;253;253;253m█[38;2;255;255;255m████[38;2;253;253;253m██[38;2;255;255;255m████[38;2;253;253;253m█[38;2;253;253;249m█[38;2;255;255;255m█[38;2;165;164;198m█[38;2;0;0;23m█[38;2;4;4;131m██[38;2;13;13;9m██[38;2;13;13;16m██
██[38;2;13;15;4m██[38;2;4;4;127m█[38;2;6;6;130m█[38;2;0;0;66m█[38;2;27;27;98m█[38;2;221;222;211m█[38;2;255;255;255m██[38;2;228;228;228m█[38;2;124;125;117m█[38;2;141;143;134m█[38;2;244;244;244m█[38;2;255;255;255m██[38;2;218;218;218m█[38;2;117;118;110m█[38;2;148;150;141m█[38;2;251;251;251m█[38;2;255;255;255m██[38;2;211;212;202m█[38;2;27;28;96m█[38;2;0;0;63m█[38;2;6;6;130m█[38;2;4;4;127m█[38;2;13;15;4m██[38;2;13;13;16m██
██[38;2;13;15;6m██[38;2;8;6;91m█[38;2;9;8;93m█[38;2;3;3;160m█[38;2;0;0;141m█[38;2;18;17;2m█[38;2;101;100;84m█[38;2;102;103;95m█[38;2;23;24;16m█[38;2;0;0;24m█[38;2;0;0;25m█[38;2;40;41;31m█[38;2;111;112;102m█[38;2;96;96;94m█[38;2;16;16;13m█[38;2;0;0;24m█[38;2;0;0;26m█[38;2;48;49;38m█[38;2;113;115;103m█[38;2;91;93;81m█[38;2;9;10;0m█[38;2;0;0;145m█[38;2;3;3;162m█[38;2;9;8;93m█[38;2;8;6;91m█[38;2;13;15;6m██[38;2;13;13;16m██
██[38;2;13;13;13m██[38;2;11;12;30m██[38;2;0;0;209m██[38;2;0;0;125m█[38;2;0;0;112m█[38;2;0;0;107m█[38;2;0;0;118m█[38;2;0;0;228m██[38;2;0;0;105m█[38;2;0;0;95m█[38;2;0;0;113m█[38;2;0;0;126m█[38;2;0;0;226m█[38;2;0;0;224m█[38;2;0;0;96m█[38;2;0;0;88m█[38;2;0;0;122m█[38;2;0;0;136m█[38;2;1;1;214m█[38;2;0;0;212m█[38;2;11;12;30m██[38;2;13;13;13m██[38;2;13;13;16m██
████[38;2;13;15;6m██[38;2;8;6;100m█[38;2;9;8;101m█[38;2;0;0;245m██[38;2;0;0;239m██[38;2;2;2;181m██[38;2;0;0;244m██[38;2;0;0;235m██[38;2;2;2;181m██[38;2;0;0;245m██[38;2;0;0;242m██[38;2;9;8;96m█[38;2;8;6;95m█[38;2;13;15;6m██[38;2;13;13;16m████
██████[38;2;13;13;11m██[38;2;9;9;73m████[38;2;13;13;16m██[38;2;8;8;79m██[38;2;9;9;68m██[38;2;13;13;16m██[38;2;8;8;83m█[38;2;9;9;84m█[38;2;9;9;68m██[38;2;13;13;9m██[38;2;13;13;16m██████
████████[38;2;13;15;6m████[38;2;13;13;13m██[38;2;13;15;6m██[38;2;13;13;9m██[38;2;13;13;13m██[38;2;13;15;6m██[38;2;13;13;9m██[38;2;13;13;16m████████
████████████████████████████████
████████████████████████████████