[38;2;13;13;16m████████████[38;2;13;15;6m██[38;2;13;13;11m████[38;2;13;15;6m██[38;2;13;13;16m████████████
████████[38;2;13;13;13m██[38;2;13;13;11m██[38;2;8;5;102m█[38;2;9;6;103m█[38;2;2;1;186m████[38;2;6;8;103m█[38;2;5;6;102m█[38;2;13;13;11m██[38;2;13;13;13m██[38;2;13;13;16m████████
████████[38;2;13;13;11m██[38;2;5;4;147m█[38;2;6;5;148m█[38;2;0;0;196m█[38;2;0;0;188m█[38;2;0;0;97m█[38;2;0;0;94m██[38;2;0;0;97m█[38;2;0;0;189m█[38;2;0;0;197m█[38;2;6;5;148m█[38;2;5;4;147m█[38;2;13;13;11m██[38;2;13;13;16m████████
██████[38;2;13;15;4m██[38;2;5;6;108m█[38;2;6;8;109m█[38;2;2;2;169m█[38;2;0;0;153m█[38;2;0;0;0m█[38;2;31;31;34m█[38;2;80;79;66m█[38;2;108;107;94m██[38;2;80;79;66m█[38;2;31;31;34m█[38;2;0;0;0m█[38;2;0;0;153m█[38;2;2;2;169m█[38;2;6;8;109m█[38;2;5;6;108m█[38;2;13;15;4m██[38;2;13;13;16m██████
████[38;2;13;13;11m██[38;2;11;11;34m██[38;2;3;3;178m█[38;2;0;0;171m█[38;2;0;0;3m█[38;2;54;55;70m█[38;2;179;180;172m█[38;2;245;246;238m█[38;2;255;255;255m████[38;2;245;246;238m█[38;2;179;180;172m█[38;2;54;55;70m█[38;2;0;0;3m█[38;2;0;0;171m█[38;2;3;3;178m█[38;2;11;11;34m██[38;2;13;13;11m██[38;2;13;13;16m████
████[38;2;13;15;4m██[38;2;5;5;112m█[38;2;6;6;113m█[38;2;0;1;98m█[38;2;0;0;84m█[38;2;127;129;117m█[38;2;255;255;245m█[38;2;255;255;255m██[38;2;253;253;253m████[38;2;255;255;255m██[38;2;255;255;245m█[38;2;127;129;117m█[38;2;0;0;84m█[38;2;0;1;98m█[38;2;6;6;113m█[38;2;5;5;112m█[38;2;13;15;4m██[38;2;13;13;16m████
██████[38;2;5;3;152m█[38;2;2;0;148m█[38;2;0;0;10m█[38;2;140;140;161m█[38;2;255;255;255m█[38;2;255;255;253m█[38;2;253;253;253m████████[38;2;255;255;253m█[38;2;255;255;255m█[38;2;139;140;158m█[38;2;0;0;8m█[38;2;0;1;148m█[38;2;3;4;152m█[38;2;13;13;16m██████
██[38;2;13;13;11m██[38;2;11;10;47m██[38;2;5;4;137m█[38;2;0;0;113m█[38;2;91;93;84m█[38;2;255;255;255m█[38;2;254;254;254m█[38;2;253;253;253m██████████[38;2;254;254;254m█[38;2;255;255;255m█[38;2;91;93;84m█[38;2;0;0;111m█[38;2;5;5;134m█[38;2;11;10;47m██[38;2;13;13;11m██[38;2;13;13;16m██
██[38;2;13;15;6m██[38;2;8;8;81m█[38;2;9;9;82m█[38;2;2;1;94m█[38;2;5;4;97m█[38;2;224;225;214m█[38;2;255;255;252m█[38;2;255;255;255m██[38;2;253;253;253m██████████[38;2;255;255;250m█[38;2;224;225;214m█[38;2;5;4;97m█[38;2;2;1;94m█[38;2;9;9;82m█[38;2;8;8;81m█[38;2;13;15;6m██[38;2;13;13;16m██
██[38;2;13;15;6m██[38;2;5;6;107m█[38;2;6;8;108m█[38;2;0;0;48m█[38;2;87;87;146m█[38;2;255;255;255m█[38;2;238;239;231m█[38;2;168;168;168m█[38;2;233;233;233m█[38;2;255;255;255m█[38;2;254;254;254m█[38;2;253;253;253m████████[38;2;253;254;246m█[38;2;255;255;255m█[38;2;87;87;146m█[38;2;0;0;48m█[38;2;6;8;108m█[38;2;5;6;107m█[38;2;13;15;6m██[38;2;13;13;16m██
██[38;2;13;15;6m██[38;2;5;5;118m█[38;2;6;6;119m█[38;2;0;0;27m█[38;2;161;160;200m█[38;2;255;255;255m█[38;2;165;165;160m█[38;2;0;0;0m█[38;2;25;25;25m█[38;2;159;159;159m█[38;2;255;255;255m██[38;2;252;252;252m█[38;2;255;255;255m██████[38;2;255;255;254m█[38;2;255;255;255m█[38;2;161;160;200m█[38;2;0;0;27m█[38;2;6;6;119m█[38;2;5;5;118m█[38;2;13;15;6m██[38;2;13;13;16m██
██[38;2;13;13;9m██[38;2;5;5;123m█[38;2;4;4;122m█[38;2;0;0;25m█[38;2;198;198;228m█[38;2;255;255;255m█[38;2;240;240;236m█[38;2;113;113;113m█[38;2;6;6;6m█[38;2;0;0;0m█[38;2;58;58;58m█[38;2;204;204;204m█[38;2;255;255;255m█[38;2;223;223;223m█[38;2;133;133;133m█[38;2;131;131;131m█[38;2;132;132;132m█[38;2;131;131;131m█[38;2;130;130;130m█[38;2;210;210;205m█[38;2;255;255;255m█[38;2;198;198;228m█[38;2;0;0;25m█[38;2;4;4;122m█[38;2;5;5;123m█[38;2;13;13;9m██[38;2;13;13;16m██
██[38;2;13;13;9m██[38;2;4;4;125m█[38;2;2;2;123m█[38;2;0;0;25m█[38;2;208;208;233m█[38;2;255;255;255m███[38;2;127;127;127m█[38;2;0;0;0m██[38;2;87;87;87m█[38;2;255;255;255m█[38;2;139;139;139m█[38;2;0;0;0m█████[38;2;107;107;104m█[38;2;255;255;255m█[38;2;208;208;233m█[38;2;0;0;25m█[38;2;2;2;123m█[38;2;5;5;126m█[38;2;13;13;9m██[38;2;13;13;16m██
██[38;2;13;13;9m██[38;2;4;4;125m█[38;2;2;2;123m█[38;2;0;0;25m█[38;2;208;208;233m█[38;2;255;255;255m█[38;2;228;228;225m█[38;2;75;75;75m█[38;2;0;0;0m██[38;2;93;93;93m█[38;2;225;225;225m█[38;2;255;255;255m█[38;2;237;237;237m█[38;2;173;173;173m█[38;2;168;168;168m█[38;2;169;169;169m███[38;2;229;229;226m█[38;2;255;255;255m█[38;2;208;208;233m█[38;2;0;0;25m█[38;2;2;2;123m█[38;2;4;4;125m█[38;2;13;13;9m██[38;2;13;13;16m██
██[38;2;13;13;9m██[38;2;4;4;125m█[38;2;2;2;123m█[38;2;0;0;25m█[38;2;208;208;233m█[38;2;255;255;255m█[38;2;168;168;166m█[38;2;0;0;0m█[38;2;55;55;55m█[38;2;193;193;193m█[38;2;255;255;255m██[38;2;252;252;252m█[38;2;255;255;255m██████[38;2;255;255;254m█[38;2;255;255;255m█[38;2;208;208;233m█[38;2;0;0;25m█[38;2;2;2;123m█[38;2;4;4;125m█[38;2;13;13;9m██[38;2;13;13;16m██
██[38;2;13;13;9m██[38;2;4;4;125m█[38;2;2;2;123m█[38;2;0;0;25m█[38;2;208;208;233m█[38;2;255;255;255m█[38;2;247;247;245m█[38;2;203;203;203m█[38;2;250;250;250m█[38;2;255;255;255m█[38;2;253;253;253m█████████[38;2;253;253;251m█[38;2;255;255;255m█[38;2;208;208;233m█[38;2;0;0;25m█[38;2;2;2;123m█[38;2;4;4;125m█[38;2;13;13;9m██[38;2;13;13;16m██
██[38;2;13;13;9m██[38;2;4;4;125m█[38;2;2;2;123m█[38;2;0;0;25m█[38;2;208;208;233m█[38;2;255;255;255m█[38;2;254;254;252m█[38;2;255;255;255m██[38;2;253;253;253m██████████[38;2;253;253;251m█[38;2;255;255;255m█[38;2;208;208;233m█[38;2;0;0;25m█[38;2;2;2;123m█[38;2;4;4;125m█[38;2;13;13;9m██[38;2;13;13;16m██
██[38;2;13;13;9m██[38;2;4;4;125m█[38;2;2;2;123m█[38;2;0;0;25m█[38;2;208;208;233m█[38;2;255;255;255m█[38;2;253;253;251m█[38;2;253;253;253m████████████[38;2;253;253;251m█[38;2;255;255;255m█[38;2;208;208;233m█[38;2;0;0;25m█[38;2;2;2;123m█[38;2;4;4;125m█[38;2;13;13;9m██[38;2;13;13;16m██
██[38;2;13;13;9m██[38;2;4;4;125m█[38;2;2;2;123m█[38;2;0;0;25m█[38;2;208;208;233m█[38;2;255;255;255m█[38;2;253;253;251m█[38;2;253;253;253m████████████[38;2;253;253;251m█[38;2;255;255;255m█[38;2;208;208;233m█[38;2;0;0;25m█[38;2;2;2;123m█[38;2;4;4;125m█[38;2;13;13;9m██[38;2;13;13;16m██
██[38;2;13;13;9m██[38;2;4;4;125m█[38;2;2;2;123m█[38;2;0;0;25m█[38;2;208;208;233m█[38;2;255;255;255m█[38;2;253;253;251m█[38;2;253;253;253m████████████[38;2;253;253;251m█[38;2;255;255;255m█[38;2;208;208;233m█[38;2;0;0;25m█[38;2;2;2;123m█[38;2;4;4;125m█[38;2;13;13;9m██[38;2;13;13;16m██
██[38;2;13;13;9m██[38;2;4;4;125m█[38;2;2;2;123m█[38;2;0;0;25m█[38;2;208;208;233m█[38;2;255;255;255m█[38;2;253;253;251m█[38;2;253;253;253m████████████[38;2;253;253;251m█[38;2;255;255;255m█[38;2;208;208;233m█[38;2;0;0;25m█[38;2;2;2;123m█[38;2;4;4;125m█[38;2;13;13;9m██[38;2;13;13;16m██
██[38;2;13;13;9m██[38;2;5;4;125m█[38;2;3;2;123m█[38;2;0;0;25m█[38;2;208;208;233m█[38;2;255;255;255m█[38;2;253;253;251m█[38;2;253;253;253m████████████[38;2;253;253;251m█[38;2;255;255;255m█[38;2;208;208;233m█[38;2;0;0;25m█[38;2;2;2;123m█[38;2;4;4;125m█[38;2;13;13;9m██[38;2;13;13;16m██
██[38;2;13;13;9m██[38;2;5;4;125m█[38;2;3;2;123m█[38;2;0;0;25m█[38;2;208;208;233m█[38;2;255;255;255m█[38;2;253;253;251m█[38;2;253;253;253m████████████[38;2;253;253;251m█[38;2;255;255;255m█[38;2;208;208;233m█[38;2;0;0;25m█[38;2;2;2;123m█[38;2;4;4;125m█[38;2;13;13;9m██[38;2;13;13;16m██
██[38;2;13;13;9m██[38;2;5;4;125m█[38;2;3;2;123m█[38;2;1;1;26m█[38;2;209;209;235m█[38;2;255;255;255m█[38;2;253;253;251m█[38;2;253;253;253m████████████[38;2;253;253;251m█[38;2;255;255;255m█[38;2;209;209;235m█[38;2;1;1;26m█[38;2;3;2;123m█[38;2;5;4;125m█[38;2;13;13;9m██[38;2;13;13;16m██
██[38;2;13;13;9m██[38;2;4;4;127m█[38;2;3;3;126m█[38;2;0;0;22m█[38;2;190;190;219m█[38;2;255;255;255m█[38;2;253;253;249m█[38;2;253;253;253m██[38;2;255;255;255m██[38;2;253;253;253m████[38;2;255;255;255m██[38;2;253;253;253m██[38;2;253;253;249m█[38;2;255;255;255m█[38;2;193;193;222m█[38;2;0;0;23m█[38;2;3;3;126m█[38;2;4;4;127m█[38;2;13;13;9m██[38;2;13;13;16m██
██[38;2;13;15;6m██[38;2;5;5;123m█[38;2;6;6;124m█[38;2;0;0;41m█[38;2;79;80;131m█[38;2;255;255;255m████[38;2;218;218;216m█[38;2;214;214;211m█[38;2;255;255;255m████[38;2;214;214;211m█[38;2;217;217;215m█[38;2;255;255;255m████[38;2;82;83;134m█[38;2;0;0;41m█[38;2;6;6;124m█[38;2;5;5;123m█[38;2;13;15;6m██[38;2;13;13;16m██
██[38;2;13;15;6m██[38;2;8;6;94m█[38;2;9;8;95m█[38;2;4;4;122m█[38;2;0;0;102m█[38;2;84;83;68m█[38;2;193;192;176m█[38;2;201;202;194m█[38;2;115;116;108m█[38;2;6;6;6m█[38;2;2;2;2m█[38;2;103;104;96m█[38;2;197;198;190m██[38;2;103;104;96m█[38;2;2;2;2m█[38;2;5;5;5m█[38;2;115;116;108m█[38;2;201;202;194m█[38;2;194;193;178m█[38;2;87;86;70m█[38;2;0;0;100m█[38;2;4;4;119m█[38;2;9;8;95m█[38;2;8;6;94m█[38;2;13;15;6m██[38;2;13;13;16m██
██[38;2;13;13;13m██[38;2;11;11;32m██[38;2;2;0;194m█[38;2;0;0;192m█[38;2;0;0;44m█[38;2;0;0;45m█[38;2;0;0;34m█[38;2;0;0;28m█[38;2;0;0;169m█[38;2;0;0;171m█[38;2;0;0;37m█[38;2;0;0;40m██[38;2;0;0;37m█[38;2;0;0;171m█[38;2;0;0;169m█[38;2;0;0;28m█[38;2;0;0;34m█[38;2;0;0;45m█[38;2;0;0;44m█[38;2;0;0;192m█[38;2;2;0;194m█[38;2;11;11;34m██[38;2;13;13;11m██[38;2;13;13;16m██
████[38;2;13;15;6m██[38;2;5;6;104m█[38;2;6;8;105m█[38;2;0;0;232m█[38;2;0;0;231m█[38;2;0;0;223m█[38;2;0;0;225m█[38;2;2;1;192m██[38;2;0;0;225m█[38;2;0;0;223m██[38;2;0;0;225m█[38;2;2;1;192m██[38;2;0;0;225m█[38;2;0;0;223m█[38;2;0;0;231m█[38;2;0;0;233m█[38;2;6;8;108m█[38;2;5;6;107m█[38;2;13;15;6m██[38;2;13;13;16m████
██████[38;2;13;13;11m██[38;2;9;9;76m█[38;2;10;10;77m█[38;2;9;9;84m█[38;2;8;8;83m█[38;2;13;13;16m██[38;2;8;8;81m█[38;2;9;9;82m██[38;2;8;8;81m█[38;2;13;13;16m██[38;2;8;8;84m█[38;2;9;9;86m█[38;2;10;9;80m█[38;2;9;8;79m█[38;2;13;13;11m██[38;2;13;13;16m██████
████████[38;2;13;15;6m████[38;2;13;13;13m██[38;2;13;15;6m████[38;2;13;13;13m██[38;2;13;15;6m████[38;2;13;13;16m████████
████████████████████████████████