[38;2;13;13;16m████████████[38;2;13;15;6m██[38;2;13;13;11m████[38;2;13;15;6m██[38;2;13;13;16m████████████
████████[38;2;13;13;13m██[38;2;13;13;11m██[38;2;5;6;102m█[38;2;6;8;103m█[38;2;2;1;183m██[38;2;2;1;186m██[38;2;6;8;103m██[38;2;13;13;11m██[38;2;13;13;13m██[38;2;13;13;16m████████
████████[38;2;13;13;11m██[38;2;5;4;147m█[38;2;6;5;148m█[38;2;0;0;198m█[38;2;0;0;189m█[38;2;0;0;97m█[38;2;0;0;94m██[38;2;0;0;97m█[38;2;0;0;188m█[38;2;0;0;196m█[38;2;6;5;148m█[38;2;5;4;147m█[38;2;13;13;11m██[38;2;13;13;13m██[38;2;13;13;16m██████
██████[38;2;13;15;4m██[38;2;5;6;108m█[38;2;6;8;109m█[38;2;2;2;169m█[38;2;0;0;153m█[38;2;0;0;0m█[38;2;30;30;35m█[38;2;80;79;66m█[38;2;107;105;93m█[38;2;108;107;94m█[38;2;80;79;66m█[38;2;31;31;34m█[38;2;0;0;0m█[38;2;0;0;153m█[38;2;2;2;169m█[38;2;6;8;109m█[38;2;5;6;108m█[38;2;13;15;4m██[38;2;13;13;16m██████
████[38;2;13;13;11m██[38;2;11;11;34m██[38;2;2;2;176m█[38;2;0;0;171m█[38;2;0;0;5m█[38;2;53;54;72m█[38;2;178;179;171m█[38;2;244;245;237m█[38;2;255;255;255m████[38;2;245;246;238m█[38;2;179;180;172m█[38;2;55;56;72m█[38;2;0;0;3m█[38;2;0;0;171m█[38;2;4;3;178m█[38;2;11;11;34m██[38;2;13;13;11m██[38;2;13;13;16m████
████[38;2;13;15;4m██[38;2;5;6;110m█[38;2;6;8;111m█[38;2;0;1;98m█[38;2;0;0;84m█[38;2;126;127;113m█[38;2;255;255;243m█[38;2;255;255;255m██[38;2;253;253;253m████[38;2;255;255;255m██[38;2;255;255;246m█[38;2;130;131;119m█[38;2;0;0;83m█[38;2;0;0;95m█[38;2;8;8;115m█[38;2;5;5;112m█[38;2;13;15;4m██[38;2;13;13;16m████
██████[38;2;5;3;152m█[38;2;2;0;148m█[38;2;0;0;10m█[38;2;137;137;158m█[38;2;255;255;255m█[38;2;255;255;253m█[38;2;253;253;253m████████[38;2;255;255;253m█[38;2;255;255;255m█[38;2;141;143;160m█[38;2;0;0;8m█[38;2;0;1;148m█[38;2;3;4;152m█[38;2;13;13;16m██████
██[38;2;13;13;11m██[38;2;11;10;47m██[38;2;5;4;137m█[38;2;0;0;113m█[38;2;88;89;81m█[38;2;255;255;255m█[38;2;254;254;254m█[38;2;253;253;253m██████████[38;2;254;254;254m█[38;2;255;255;255m█[38;2;94;95;84m█[38;2;0;0;111m█[38;2;5;5;134m█[38;2;11;10;49m██[38;2;13;13;11m██[38;2;13;13;16m██
██[38;2;13;15;6m██[38;2;8;8;81m█[38;2;9;9;82m█[38;2;2;1;94m█[38;2;4;3;96m█[38;2;221;222;210m█[38;2;255;255;252m█[38;2;255;255;255m██[38;2;253;253;253m██████████[38;2;255;255;250m█[38;2;226;228;216m█[38;2;8;6;97m█[38;2;1;0;90m█[38;2;9;9;84m█[38;2;8;8;83m█[38;2;13;15;6m██[38;2;13;13;16m██
██[38;2;13;15;6m██[38;2;5;6;104m█[38;2;6;8;105m█[38;2;0;0;51m█[38;2;83;83;145m█[38;2;255;255;255m█[38;2;238;239;231m█[38;2;168;168;168m█[38;2;233;233;233m█[38;2;255;255;255m██[38;2;253;253;253m████████[38;2;253;254;246m█[38;2;255;255;255m█[38;2;90;90;150m█[38;2;0;0;47m█[38;2;6;8;109m█[38;2;5;6;108m█[38;2;13;15;6m██[38;2;13;13;16m██
██[38;2;13;15;6m██[38;2;5;5;117m█[38;2;6;6;118m█[38;2;0;0;27m█[38;2;158;157;197m█[38;2;255;255;255m█[38;2;166;166;161m█[38;2;0;0;0m█[38;2;25;25;25m█[38;2;158;158;158m█[38;2;255;255;255m██[38;2;252;252;252m█[38;2;255;255;255m██████[38;2;255;255;254m█[38;2;255;255;255m█[38;2;165;164;203m█[38;2;0;0;27m█[38;2;6;6;119m█[38;2;5;5;118m█[38;2;13;15;6m██[38;2;13;13;16m██
██[38;2;13;13;9m██[38;2;5;5;123m█[38;2;4;4;122m█[38;2;0;0;24m█[38;2;195;195;224m█[38;2;255;255;255m█[38;2;240;240;236m█[38;2;115;115;115m█[38;2;6;6;6m█[38;2;0;0;0m█[38;2;56;56;56m█[38;2;203;203;203m█[38;2;255;255;255m█[38;2;223;223;223m█[38;2;133;133;133m█[38;2;131;131;131m███[38;2;130;130;130m█[38;2;210;210;205m█[38;2;255;255;255m█[38;2;201;201;228m█[38;2;0;0;24m█[38;2;3;3;124m█[38;2;4;4;125m█[38;2;13;13;9m██[38;2;13;13;16m██
██[38;2;13;13;9m██[38;2;5;5;123m█[38;2;3;3;120m█[38;2;0;0;25m█[38;2;204;204;231m█[38;2;255;255;255m███[38;2;129;129;129m█[38;2;0;0;0m██[38;2;86;86;86m█[38;2;255;255;255m█[38;2;140;140;140m█[38;2;0;0;0m█████[38;2;105;105;103m█[38;2;255;255;255m█[38;2;210;210;236m█[38;2;1;1;26m█[38;2;3;2;123m█[38;2;6;5;126m█[38;2;13;13;9m██[38;2;13;13;16m██
██[38;2;13;13;9m██[38;2;5;5;123m█[38;2;3;3;120m█[38;2;0;0;25m█[38;2;204;204;231m█[38;2;255;255;255m█[38;2;228;228;225m█[38;2;75;75;75m█[38;2;0;0;0m██[38;2;91;91;91m█[38;2;225;225;225m█[38;2;255;255;255m█[38;2;237;237;237m█[38;2;173;173;173m█[38;2;169;169;169m████[38;2;229;229;226m█[38;2;255;255;255m█[38;2;209;209;235m█[38;2;1;1;26m█[38;2;3;2;123m█[38;2;6;5;126m█[38;2;13;13;9m██[38;2;13;13;16m██
██[38;2;13;13;9m██[38;2;5;5;123m█[38;2;3;3;120m█[38;2;0;0;25m█[38;2;204;204;231m█[38;2;255;255;255m█[38;2;169;169;167m█[38;2;0;0;0m█[38;2;55;55;55m█[38;2;193;193;193m█[38;2;255;255;255m██[38;2;252;252;252m█[38;2;255;255;255m██████[38;2;255;255;254m█[38;2;255;255;255m█[38;2;210;210;236m█[38;2;1;1;26m█[38;2;3;2;123m█[38;2;6;5;126m█[38;2;13;13;9m██[38;2;13;13;16m██
██[38;2;13;13;9m██[38;2;5;5;123m█[38;2;3;3;120m█[38;2;0;0;25m█[38;2;204;204;231m█[38;2;255;255;255m█[38;2;247;247;245m█[38;2;203;203;203m█[38;2;250;250;250m█[38;2;255;255;255m█[38;2;253;253;253m█████████[38;2;253;253;251m█[38;2;255;255;255m█[38;2;210;210;236m█[38;2;2;2;27m█[38;2;3;2;125m█[38;2;6;5;129m█[38;2;13;13;9m██[38;2;13;13;16m██
██[38;2;13;13;9m██[38;2;5;5;123m█[38;2;3;3;120m█[38;2;0;0;25m█[38;2;205;205;232m█[38;2;255;255;255m█[38;2;254;254;252m█[38;2;255;255;255m██[38;2;253;253;253m██████████[38;2;253;253;251m█[38;2;255;255;255m█[38;2;210;210;236m█[38;2;1;1;26m█[38;2;3;2;125m█[38;2;6;5;129m█[38;2;13;13;9m██[38;2;13;13;16m██
██[38;2;13;13;9m██[38;2;5;4;125m█[38;2;3;2;123m█[38;2;0;0;26m█[38;2;205;205;232m█[38;2;255;255;255m█[38;2;253;253;251m█[38;2;253;253;253m████████████[38;2;253;253;251m█[38;2;255;255;255m█[38;2;210;210;236m█[38;2;1;1;26m█[38;2;2;2;123m█[38;2;5;5;126m█[38;2;13;13;9m██[38;2;13;13;16m██
██[38;2;13;13;9m██[38;2;5;4;125m█[38;2;3;2;123m█[38;2;0;0;26m█[38;2;205;205;232m█[38;2;255;255;255m█[38;2;253;253;251m█[38;2;253;253;253m████████████[38;2;253;253;251m█[38;2;255;255;255m█[38;2;209;209;235m█[38;2;1;1;26m█[38;2;2;2;123m█[38;2;5;5;126m█[38;2;13;13;9m██[38;2;13;13;16m██
██[38;2;13;13;9m██[38;2;5;5;123m█[38;2;3;3;120m█[38;2;0;0;26m█[38;2;205;205;232m█[38;2;255;255;255m█[38;2;253;253;251m█[38;2;253;253;253m████████████[38;2;253;253;251m█[38;2;255;255;255m█[38;2;209;209;235m█[38;2;1;1;26m█[38;2;2;2;125m█[38;2;5;5;129m█[38;2;13;13;9m██[38;2;13;13;16m██
██[38;2;13;13;9m██[38;2;5;4;125m█[38;2;3;2;123m█[38;2;0;0;26m█[38;2;205;205;232m█[38;2;255;255;255m█[38;2;253;253;251m█[38;2;253;253;253m████████████[38;2;253;253;251m█[38;2;255;255;255m█[38;2;209;209;235m█[38;2;1;1;26m█[38;2;2;2;123m█[38;2;5;5;126m█[38;2;13;13;9m██[38;2;13;13;16m██
██[38;2;13;13;9m██[38;2;4;4;125m█[38;2;2;2;123m█[38;2;0;0;26m█[38;2;205;205;232m█[38;2;255;255;255m█[38;2;253;253;251m█[38;2;253;253;253m████████████[38;2;253;253;251m█[38;2;255;255;255m█[38;2;209;209;235m█[38;2;1;1;26m█[38;2;2;2;123m█[38;2;5;5;126m█[38;2;13;13;9m██[38;2;13;13;16m██
██[38;2;13;13;9m██[38;2;4;4;125m█[38;2;2;2;123m█[38;2;0;0;26m█[38;2;207;207;233m█[38;2;255;255;255m█[38;2;253;253;251m█[38;2;253;253;253m████████████[38;2;253;253;251m█[38;2;255;255;255m█[38;2;209;209;235m█[38;2;1;1;26m█[38;2;2;2;123m█[38;2;5;5;126m█[38;2;13;13;9m██[38;2;13;13;16m██
██[38;2;13;13;9m██[38;2;4;4;125m█[38;2;2;2;123m█[38;2;0;0;25m█[38;2;208;208;233m█[38;2;255;255;255m█[38;2;253;253;251m█[38;2;253;253;253m████████████[38;2;253;253;251m█[38;2;255;255;255m█[38;2;210;210;236m█[38;2;1;1;26m█[38;2;2;2;123m█[38;2;5;5;126m█[38;2;13;13;9m██[38;2;13;13;16m██
██[38;2;13;13;9m██[38;2;4;4;127m█[38;2;3;3;126m█[38;2;0;0;22m█[38;2;192;192;221m█[38;2;255;255;255m█[38;2;253;253;249m█[38;2;253;253;253m█[38;2;255;255;255m██[38;2;254;254;254m█[38;2;253;253;253m███[38;2;255;255;255m██[38;2;254;254;254m█[38;2;253;253;253m██[38;2;253;253;249m█[38;2;255;255;255m█[38;2;194;194;223m█[38;2;0;0;23m█[38;2;3;3;126m█[38;2;4;4;127m█[38;2;13;13;9m██[38;2;13;13;16m██
██[38;2;13;15;6m██[38;2;5;5;123m█[38;2;6;6;124m█[38;2;0;0;41m█[38;2;79;80;131m█[38;2;255;255;255m███[38;2;236;236;236m█[38;2;204;204;204m█[38;2;251;251;251m█[38;2;255;255;255m███[38;2;230;230;230m█[38;2;204;204;204m█[38;2;254;254;254m█[38;2;255;255;255m███[38;2;235;236;228m█[38;2;76;77;127m█[38;2;0;0;41m█[38;2;5;6;124m█[38;2;4;5;123m█[38;2;13;15;6m██[38;2;13;13;16m██
██[38;2;13;15;6m██[38;2;8;6;94m█[38;2;9;8;95m█[38;2;4;4;122m█[38;2;0;0;102m█[38;2;86;84;69m█[38;2;193;192;176m█[38;2;153;153;148m█[38;2;28;28;24m█[38;2;0;0;0m█[38;2;63;63;61m█[38;2;180;181;173m█[38;2;205;207;198m█[38;2;140;140;136m█[38;2;20;20;16m█[38;2;0;0;0m█[38;2;75;75;73m█[38;2;187;188;180m█[38;2;204;205;197m█[38;2;131;130;117m█[38;2;15;13;1m█[38;2;0;0;105m█[38;2;3;3;124m█[38;2;9;8;95m█[38;2;8;6;94m█[38;2;13;15;6m██[38;2;13;13;16m██
██[38;2;13;13;13m██[38;2;11;11;32m██[38;2;2;0;194m█[38;2;0;0;192m█[38;2;0;0;41m██[38;2;0;0;77m█[38;2;0;0;88m█[38;2;0;1;152m█[38;2;0;0;137m█[38;2;0;0;5m█[38;2;0;0;11m█[38;2;0;0;88m█[38;2;0;0;101m█[38;2;2;0;146m█[38;2;0;0;130m█[38;2;0;0;4m█[38;2;0;0;9m█[38;2;0;0;93m█[38;2;0;0;107m█[38;2;0;0;210m██[38;2;11;11;32m██[38;2;13;13;11m██[38;2;13;13;16m██
████[38;2;13;15;6m██[38;2;5;6;107m█[38;2;6;8;108m█[38;2;0;0;236m█[38;2;0;0;235m█[38;2;0;0;215m██[38;2;2;0;198m█[38;2;3;1;200m█[38;2;0;0;229m█[38;2;0;0;228m█[38;2;0;0;212m██[38;2;0;1;200m█[38;2;1;2;201m█[38;2;0;0;229m█[38;2;0;0;228m█[38;2;0;0;219m██[38;2;9;8;93m█[38;2;8;6;91m█[38;2;13;15;6m██[38;2;13;13;16m████
██████[38;2;13;13;11m██[38;2;9;9;76m█[38;2;10;10;77m█[38;2;9;10;55m██[38;2;13;12;26m██[38;2;9;8;101m██[38;2;11;10;49m██[38;2;11;12;30m██[38;2;9;6;103m██[38;2;11;10;49m██[38;2;13;15;6m██[38;2;13;13;16m██████
████████[38;2;13;15;6m██[38;2;13;13;9m██[38;2;13;13;13m██[38;2;13;15;4m██[38;2;13;13;11m██[38;2;13;13;13m██[38;2;13;15;4m██[38;2;13;13;11m██[38;2;13;13;16m████████
████████████████████████████████