[38;2;13;13;16m██████████[38;2;13;15;6m██[38;2;9;10;55m██[38;2;5;5;132m████[38;2;12;10;56m█[38;2;11;9;55m█[38;2;13;15;6m██[38;2;13;13;16m██████████
████████[38;2;13;15;6m██[38;2;8;5;102m█[38;2;9;6;103m█[38;2;0;0;215m█[38;2;0;0;211m█[38;2;0;0;161m█[38;2;0;0;157m██[38;2;0;0;161m█[38;2;0;0;211m█[38;2;0;0;215m█[38;2;6;8;103m█[38;2;5;6;102m█[38;2;13;15;6m██[38;2;13;13;16m████████
██████[38;2;13;15;6m██[38;2;9;9;74m█[38;2;10;10;75m█[38;2;0;1;196m█[38;2;0;0;187m█[38;2;0;0;27m█[38;2;0;0;37m█[38;2;28;30;18m█[38;2;49;51;39m██[38;2;28;30;18m█[38;2;0;0;37m█[38;2;0;0;27m█[38;2;0;0;187m█[38;2;3;1;197m█[38;2;10;10;77m█[38;2;9;9;76m█[38;2;13;15;6m██[38;2;13;13;16m██████
████[38;2;13;13;13m██[38;2;13;13;19m██[38;2;3;2;176m█[38;2;2;1;175m█[38;2;0;0;34m█[38;2;10;11;56m█[38;2;118;119;108m█[38;2;205;207;195m█[38;2;243;243;243m█[38;2;254;254;254m██[38;2;243;243;243m█[38;2;205;207;195m█[38;2;118;119;108m█[38;2;10;11;56m█[38;2;0;0;34m█[38;2;1;1;175m█[38;2;2;2;176m█[38;2;13;12;22m██[38;2;13;13;13m██[38;2;13;13;16m████
████[38;2;13;15;6m██[38;2;8;6;94m█[38;2;9;8;95m█[38;2;3;3;126m█[38;2;0;0;103m█[38;2;74;73;60m█[38;2;226;225;212m█[38;2;255;255;255m███[38;2;254;254;254m██[38;2;255;255;255m███[38;2;226;225;212m█[38;2;74;73;60m█[38;2;0;0;103m█[38;2;3;3;126m█[38;2;9;8;95m█[38;2;8;6;94m█[38;2;13;15;6m██[38;2;13;13;16m████
████[38;2;13;13;11m██[38;2;5;4;147m█[38;2;4;3;146m█[38;2;0;0;20m█[38;2;90;89;124m█[38;2;255;255;252m█[38;2;255;255;255m█[38;2;253;253;253m████████[38;2;255;255;255m█[38;2;255;255;252m█[38;2;90;89;124m█[38;2;0;0;20m█[38;2;4;3;146m█[38;2;5;4;147m█[38;2;13;13;11m██[38;2;13;13;16m████
██[38;2;13;13;13m██[38;2;11;11;38m██[38;2;6;5;144m█[38;2;0;0;124m█[38;2;55;55;51m█[38;2;252;252;247m█[38;2;255;255;255m█[38;2;253;253;253m██████████[38;2;255;255;255m█[38;2;252;252;247m█[38;2;55;55;51m█[38;2;0;0;124m█[38;2;6;5;144m█[38;2;11;11;38m██[38;2;13;13;13m██[38;2;13;13;16m██
██[38;2;13;13;9m██[38;2;9;9;74m█[38;2;10;10;75m█[38;2;2;3;104m█[38;2;0;0;94m█[38;2;200;201;189m█[38;2;255;255;255m████[38;2;253;253;253m█████████[38;2;255;255;253m█[38;2;200;201;189m█[38;2;0;0;94m█[38;2;2;3;104m█[38;2;10;10;75m█[38;2;9;9;74m█[38;2;13;13;9m██[38;2;13;13;16m██
██[38;2;13;15;6m██[38;2;8;5;102m█[38;2;9;6;103m█[38;2;0;0;59m█[38;2;63;65;132m█[38;2;255;255;255m█[38;2;195;196;186m█[38;2;53;53;53m█[38;2;154;154;154m█[38;2;254;254;254m█[38;2;255;255;255m█[38;2;253;253;253m███[38;2;255;255;255m█████[38;2;254;255;245m█[38;2;255;255;252m█[38;2;65;66;133m█[38;2;0;0;59m█[38;2;10;8;104m█[38;2;8;5;102m█[38;2;13;15;6m██[38;2;13;13;16m██
██[38;2;13;15;6m██[38;2;5;5;117m█[38;2;6;6;118m█[38;2;0;0;30m█[38;2;145;147;189m█[38;2;255;255;255m█[38;2;181;181;176m█[38;2;0;0;0m██[38;2;54;54;54m█[38;2;188;188;188m█[38;2;255;255;255m█[38;2;253;253;253m█[38;2;255;255;255m█[38;2;246;246;246m█[38;2;243;243;243m█[38;2;244;244;244m█[38;2;243;243;243m█[38;2;245;245;245m█[38;2;255;255;252m█[38;2;255;255;255m█[38;2;145;147;189m█[38;2;0;0;30m█[38;2;6;6;118m█[38;2;5;5;117m█[38;2;13;15;6m██[38;2;13;13;16m██
██[38;2;13;13;9m██[38;2;5;5;123m█[38;2;4;4;122m█[38;2;0;0;23m█[38;2;193;193;222m█[38;2;255;255;255m█[38;2;255;255;254m█[38;2;219;219;219m█[38;2;80;80;80m█[38;2;0;0;0m██[38;2;122;122;122m█[38;2;255;255;255m█[38;2;169;169;169m█[38;2;18;18;18m█[38;2;23;23;23m█[38;2;24;24;24m█[38;2;23;23;23m█[38;2;16;16;16m█[38;2;144;144;139m█[38;2;255;255;255m█[38;2;193;193;222m█[38;2;0;0;23m█[38;2;4;4;122m█[38;2;5;5;123m█[38;2;13;13;9m██[38;2;13;13;16m██
██[38;2;13;13;9m██[38;2;6;5;126m█[38;2;3;2;123m█[38;2;0;0;25m█[38;2;207;207;232m█[38;2;255;255;255m██[38;2;209;209;209m█[38;2;72;72;72m█[38;2;0;0;0m██[38;2;129;129;129m█[38;2;255;255;255m█[38;2;174;174;174m█[38;2;30;30;30m█[38;2;33;33;33m█[38;2;34;34;34m█[38;2;33;33;33m█[38;2;26;26;26m█[38;2;150;150;147m█[38;2;255;255;255m█[38;2;207;207;232m█[38;2;0;0;25m█[38;2;2;2;123m█[38;2;4;4;125m█[38;2;13;13;9m██[38;2;13;13;16m██
██[38;2;13;13;9m██[38;2;5;5;126m█[38;2;2;2;123m█[38;2;0;0;25m█[38;2;208;208;233m█[38;2;255;255;255m█[38;2;176;176;174m█[38;2;0;0;0m██[38;2;65;65;65m█[38;2;197;197;197m█[38;2;255;255;255m█[38;2;253;253;253m█[38;2;255;255;255m█[38;2;251;251;251m█[38;2;249;249;249m███[38;2;250;250;250m█[38;2;255;255;255m██[38;2;208;208;233m█[38;2;0;0;25m█[38;2;2;2;123m█[38;2;4;4;125m█[38;2;13;13;9m██[38;2;13;13;16m██
██[38;2;13;13;9m██[38;2;5;5;126m█[38;2;2;2;123m█[38;2;0;0;25m█[38;2;208;208;233m█[38;2;255;255;255m█[38;2;200;200;197m█[38;2;66;66;66m█[38;2;165;165;165m█[38;2;255;255;255m██[38;2;253;253;253m███[38;2;254;254;254m█[38;2;255;255;255m████[38;2;253;253;251m█[38;2;255;255;255m█[38;2;208;208;233m█[38;2;0;0;25m█[38;2;2;2;123m█[38;2;4;4;125m█[38;2;13;13;9m██[38;2;13;13;16m██
██[38;2;13;13;9m██[38;2;5;5;126m█[38;2;2;2;123m█[38;2;0;0;25m█[38;2;208;208;233m█[38;2;255;255;255m████[38;2;254;254;254m█[38;2;253;253;253m█████████[38;2;253;253;251m█[38;2;255;255;255m█[38;2;208;208;233m█[38;2;0;0;25m█[38;2;2;2;123m█[38;2;4;4;125m█[38;2;13;13;9m██[38;2;13;13;16m██
██[38;2;13;13;9m██[38;2;5;5;126m█[38;2;2;2;123m█[38;2;0;0;25m█[38;2;208;208;233m█[38;2;255;255;255m█[38;2;253;253;251m█[38;2;253;253;253m████████████[38;2;253;253;251m█[38;2;255;255;255m█[38;2;208;208;233m█[38;2;0;0;25m█[38;2;2;2;123m█[38;2;4;4;125m█[38;2;13;13;9m██[38;2;13;13;16m██
██[38;2;13;13;9m██[38;2;5;5;126m█[38;2;2;2;123m█[38;2;0;0;25m█[38;2;208;208;233m█[38;2;255;255;255m█[38;2;253;253;251m█[38;2;253;253;253m████████████[38;2;253;253;251m█[38;2;255;255;255m█[38;2;208;208;233m█[38;2;0;0;25m█[38;2;2;2;123m█[38;2;4;4;125m█[38;2;13;13;9m██[38;2;13;13;16m██
██[38;2;13;13;9m██[38;2;5;5;126m█[38;2;2;2;123m█[38;2;0;0;25m█[38;2;208;208;233m█[38;2;255;255;255m█[38;2;253;253;251m█[38;2;253;253;253m████████████[38;2;253;253;251m█[38;2;255;255;255m█[38;2;208;208;233m█[38;2;0;0;25m█[38;2;2;2;123m█[38;2;4;4;125m█[38;2;13;13;9m██[38;2;13;13;16m██
██[38;2;13;13;9m██[38;2;5;5;126m█[38;2;2;2;123m█[38;2;0;0;25m█[38;2;208;208;233m█[38;2;255;255;255m█[38;2;253;253;251m█[38;2;253;253;253m████████████[38;2;253;253;251m█[38;2;255;255;255m█[38;2;208;208;233m█[38;2;0;0;25m█[38;2;2;2;123m█[38;2;4;4;125m█[38;2;13;13;9m██[38;2;13;13;16m██
██[38;2;13;13;9m██[38;2;5;5;126m█[38;2;2;2;123m█[38;2;0;0;25m█[38;2;208;208;233m█[38;2;255;255;255m█[38;2;253;253;251m█[38;2;253;253;253m████████████[38;2;253;253;251m█[38;2;255;255;255m█[38;2;208;208;233m█[38;2;0;0;25m█[38;2;2;2;123m█[38;2;4;4;125m█[38;2;13;13;9m██[38;2;13;13;16m██
██[38;2;13;13;9m██[38;2;5;5;126m█[38;2;2;2;123m█[38;2;0;0;25m█[38;2;207;207;232m█[38;2;255;255;255m█[38;2;253;253;251m█[38;2;253;253;253m████████████[38;2;253;253;251m█[38;2;255;255;255m█[38;2;207;207;232m█[38;2;0;0;25m█[38;2;2;2;123m█[38;2;4;4;125m█[38;2;13;13;9m██[38;2;13;13;16m██
██[38;2;13;13;9m██[38;2;5;5;126m█[38;2;2;2;123m█[38;2;0;0;25m█[38;2;208;208;233m█[38;2;255;255;255m█[38;2;253;253;251m█[38;2;253;253;253m████████████[38;2;253;253;251m█[38;2;255;255;255m█[38;2;208;208;233m█[38;2;0;0;25m█[38;2;2;2;123m█[38;2;4;4;125m█[38;2;13;13;9m██[38;2;13;13;16m██
██[38;2;13;13;9m██[38;2;5;5;126m█[38;2;2;2;123m█[38;2;0;0;24m█[38;2;208;208;233m█[38;2;255;255;255m█[38;2;253;253;251m█[38;2;253;253;253m████████████[38;2;253;253;251m█[38;2;255;255;255m█[38;2;207;207;232m█[38;2;0;0;24m█[38;2;2;2;123m█[38;2;4;4;125m█[38;2;13;13;9m██[38;2;13;13;16m██
██[38;2;13;15;6m██[38;2;4;4;131m██[38;2;0;0;25m█[38;2;157;155;193m█[38;2;255;255;255m█[38;2;253;253;249m█[38;2;253;253;253m█[38;2;255;255;255m████[38;2;253;253;253m██[38;2;255;255;255m████[38;2;253;253;253m█[38;2;253;253;249m█[38;2;255;255;255m█[38;2;155;154;192m█[38;2;0;0;25m█[38;2;4;4;131m██[38;2;13;15;6m██[38;2;13;13;16m██
██[38;2;13;15;4m██[38;2;4;4;125m█[38;2;6;6;127m█[38;2;0;0;72m█[38;2;19;19;95m█[38;2;207;208;197m█[38;2;255;255;255m██[38;2;230;230;230m█[38;2;116;117;109m█[38;2;108;109;101m█[38;2;221;221;221m█[38;2;255;255;255m██[38;2;222;222;222m█[38;2;107;108;100m█[38;2;115;116;108m█[38;2;230;230;230m█[38;2;255;255;255m██[38;2;208;209;198m█[38;2;19;19;95m█[38;2;0;0;72m█[38;2;6;6;127m█[38;2;4;4;125m█[38;2;13;15;4m██[38;2;13;13;16m██
██[38;2;13;15;6m██[38;2;8;8;84m█[38;2;9;9;86m█[38;2;3;3;166m█[38;2;0;0;150m█[38;2;9;10;0m█[38;2;80;81;69m█[38;2;89;90;80m█[38;2;23;24;13m█[38;2;0;0;38m█[38;2;0;0;39m█[38;2;17;17;12m█[38;2;84;84;80m██[38;2;17;17;12m█[38;2;0;0;39m██[38;2;23;24;16m█[38;2;88;89;81m█[38;2;81;80;69m█[38;2;10;9;0m█[38;2;0;0;150m█[38;2;4;4;167m█[38;2;9;9;84m█[38;2;8;8;83m█[38;2;13;15;6m██[38;2;13;13;16m██
██[38;2;13;13;13m██[38;2;13;12;24m██[38;2;0;1;202m█[38;2;1;2;203m█[38;2;0;0;146m█[38;2;0;0;134m█[38;2;0;0;116m█[38;2;0;0;126m█[38;2;0;0;236m█[38;2;0;0;237m█[38;2;0;0;134m█[38;2;0;0;123m██[38;2;0;0;134m█[38;2;0;0;237m█[38;2;0;0;236m█[38;2;0;0;130m█[38;2;0;0;119m█[38;2;0;0;134m█[38;2;0;0;146m█[38;2;1;2;203m█[38;2;0;1;202m█[38;2;13;12;24m██[38;2;13;13;13m██[38;2;13;13;16m██
████[38;2;13;15;6m██[38;2;8;8;81m█[38;2;9;9;82m█[38;2;0;0;233m█[38;2;0;0;235m███[38;2;3;4;158m██[38;2;0;0;231m████[38;2;3;4;155m██[38;2;0;0;235m███[38;2;0;0;233m█[38;2;9;9;84m█[38;2;8;8;83m█[38;2;13;15;6m██[38;2;13;13;16m████
██████[38;2;13;13;9m██[38;2;11;10;51m██[38;2;9;10;55m██[38;2;13;13;9m██[38;2;11;10;53m████[38;2;13;13;9m██[38;2;11;9;55m██[38;2;11;10;49m██[38;2;13;13;9m██[38;2;13;13;16m██████
████████[38;2;13;13;9m████[38;2;13;13;16m██[38;2;13;13;9m████[38;2;13;13;16m██[38;2;13;13;9m████[38;2;13;13;16m████████
████████████████████████████████
████████████████████████████████