[38;2;13;13;16m████████████[38;2;13;13;11m██[38;2;13;15;4m████[38;2;13;13;11m██[38;2;13;13;16m████████████
██████████[38;2;13;15;6m██[38;2;11;10;45m██[38;2;6;6;118m██[38;2;6;6;119m██[38;2;12;11;48m█[38;2;11;10;47m█[38;2;13;15;6m██[38;2;13;13;16m██████████
████████[38;2;13;15;4m██[38;2;8;8;87m█[38;2;9;9;88m█[38;2;0;0;212m█[38;2;0;0;210m█[38;2;0;0;179m█[38;2;0;0;174m█[38;2;0;0;172m█[38;2;0;0;175m█[38;2;0;0;212m█[38;2;0;0;215m█[38;2;9;8;95m█[38;2;8;6;94m█[38;2;13;15;4m██[38;2;13;13;16m████████
██████[38;2;13;15;6m██[38;2;9;10;63m█[38;2;10;11;65m█[38;2;1;2;201m█[38;2;0;0;194m█[38;2;0;0;45m█[38;2;0;0;47m█[38;2;17;18;8m█[38;2;37;38;27m██[38;2;19;20;10m█[38;2;0;0;42m█[38;2;0;0;38m█[38;2;0;0;190m█[38;2;3;1;200m█[38;2;10;10;74m█[38;2;9;9;73m█[38;2;13;15;6m██[38;2;13;13;16m██████
████[38;2;13;13;13m██[38;2;13;13;16m██[38;2;3;2;173m██[38;2;0;0;51m█[38;2;0;0;59m█[38;2;96;95;82m█[38;2;188;187;174m█[38;2;232;232;232m█[38;2;247;247;247m█[38;2;249;249;249m█[38;2;236;236;236m█[38;2;194;195;181m█[38;2;107;108;94m█[38;2;6;8;58m█[38;2;0;0;39m█[38;2;2;1;175m█[38;2;3;2;176m█[38;2;13;13;19m██[38;2;13;13;13m██[38;2;13;13;16m████
████[38;2;13;15;6m██[38;2;8;8;83m█[38;2;9;9;84m█[38;2;4;3;138m█[38;2;0;0;115m█[38;2;49;51;39m█[38;2;207;208;196m█[38;2;255;255;255m████████[38;2;221;222;208m█[38;2;69;70;56m█[38;2;0;0;103m█[38;2;3;3;126m█[38;2;9;8;95m█[38;2;8;6;94m█[38;2;13;15;6m██[38;2;13;13;16m████
████[38;2;13;13;9m██[38;2;5;4;143m██[38;2;0;0;31m█[38;2;62;65;107m█[38;2;245;246;238m█[38;2;255;255;255m█[38;2;253;253;253m████████[38;2;255;255;255m█[38;2;255;255;251m█[38;2;90;89;122m█[38;2;0;0;18m█[38;2;2;3;148m█[38;2;3;4;150m█[38;2;13;13;11m██[38;2;13;13;16m████
██[38;2;13;13;13m██[38;2;11;11;32m██[38;2;6;5;148m█[38;2;0;0;132m█[38;2;34;34;34m█[38;2;238;238;238m█[38;2;255;255;255m█[38;2;253;253;253m██████████[38;2;255;255;255m█[38;2;253;253;249m█[38;2;60;60;55m█[38;2;0;0;123m█[38;2;6;5;144m█[38;2;11;11;40m██[38;2;13;13;11m██[38;2;13;13;16m██
██[38;2;13;13;9m██[38;2;9;9;66m█[38;2;10;10;67m█[38;2;4;4;116m█[38;2;0;0;96m█[38;2;175;176;165m█[38;2;255;255;255m██[38;2;254;254;254m█[38;2;253;253;253m██████████[38;2;255;255;252m█[38;2;207;208;196m█[38;2;0;0;96m█[38;2;1;2;102m█[38;2;9;9;80m█[38;2;8;8;79m█[38;2;13;15;6m██[38;2;13;13;16m██
██[38;2;13;15;6m██[38;2;8;6;94m█[38;2;9;8;95m█[38;2;0;0;69m█[38;2;42;42;118m█[38;2;254;255;245m█[38;2;255;255;246m█[38;2;232;232;232m█[38;2;255;255;255m██[38;2;253;253;253m█████████[38;2;253;254;246m█[38;2;255;255;255m█[38;2;76;76;140m█[38;2;0;0;54m█[38;2;6;8;108m█[38;2;5;6;107m█[38;2;13;15;6m██[38;2;13;13;16m██
██[38;2;13;15;6m██[38;2;5;6;110m█[38;2;6;8;111m█[38;2;0;0;37m█[38;2;120;122;172m█[38;2;255;255;255m█[38;2;182;183;175m█[38;2;1;1;1m█[38;2;88;88;88m█[38;2;221;221;221m█[38;2;255;255;255m██[38;2;253;253;253m█[38;2;254;254;254m█[38;2;255;255;255m█████[38;2;255;255;251m█[38;2;255;255;255m█[38;2;161;160;200m█[38;2;0;0;27m█[38;2;6;6;122m█[38;2;5;5;120m█[38;2;13;15;6m██[38;2;13;13;16m██
██[38;2;13;15;6m██[38;2;5;5;118m██[38;2;0;0;26m█[38;2;173;172;209m█[38;2;255;255;255m█[38;2;215;215;210m█[38;2;41;41;41m█[38;2;0;0;0m█[38;2;10;10;10m█[38;2;129;129;129m█[38;2;242;242;242m█[38;2;255;255;255m█[38;2;249;249;249m█[38;2;209;209;209m█[38;2;204;204;204m███[38;2;205;205;205m█[38;2;243;243;240m█[38;2;255;255;255m█[38;2;205;205;231m█[38;2;0;0;24m█[38;2;2;2;123m█[38;2;5;5;126m█[38;2;13;13;9m██[38;2;13;13;16m██
██[38;2;13;13;9m██[38;2;5;5;123m█[38;2;4;4;122m█[38;2;0;0;25m█[38;2;192;190;223m█[38;2;255;255;255m███[38;2;122;122;122m█[38;2;0;0;0m██[38;2;90;90;90m█[38;2;255;255;255m█[38;2;152;152;152m█[38;2;0;0;0m█████[38;2;110;110;108m█[38;2;255;255;255m█[38;2;221;221;242m█[38;2;8;8;28m█[38;2;1;1;124m█[38;2;5;5;129m█[38;2;13;13;11m██[38;2;13;13;16m██
██[38;2;13;13;9m██[38;2;5;5;123m█[38;2;4;4;122m█[38;2;0;0;26m█[38;2;193;192;224m█[38;2;255;255;255m█[38;2;251;251;246m█[38;2;158;158;158m█[38;2;33;33;33m█[38;2;0;0;0m█[38;2;24;24;24m█[38;2;173;173;173m█[38;2;255;255;255m█[38;2;208;208;208m█[38;2;91;91;91m█[38;2;90;90;90m█[38;2;91;91;91m█[38;2;90;90;90m█[38;2;87;87;87m█[38;2;183;183;181m█[38;2;255;255;255m█[38;2;221;221;242m█[38;2;8;8;28m█[38;2;1;0;123m█[38;2;6;5;129m█[38;2;13;13;11m██[38;2;13;13;16m██
██[38;2;13;13;9m██[38;2;5;5;123m█[38;2;4;4;122m█[38;2;0;0;25m█[38;2;192;190;223m█[38;2;255;255;255m█[38;2;173;173;168m█[38;2;0;0;0m██[38;2;117;117;117m█[38;2;237;237;237m█[38;2;255;255;255m█[38;2;252;252;252m█[38;2;255;255;255m████████[38;2;221;221;242m█[38;2;8;8;28m█[38;2;0;0;124m█[38;2;5;5;130m█[38;2;13;13;11m██[38;2;13;13;16m██
██[38;2;13;13;9m██[38;2;5;5;123m█[38;2;4;4;122m█[38;2;0;0;26m█[38;2;193;192;224m█[38;2;255;255;255m█[38;2;228;228;223m█[38;2;127;127;127m█[38;2;208;208;208m█[38;2;255;255;255m██[38;2;253;253;253m████████[38;2;253;253;251m█[38;2;255;255;255m█[38;2;221;221;242m█[38;2;8;8;28m█[38;2;0;0;124m█[38;2;5;5;130m█[38;2;13;13;11m██[38;2;13;13;16m██
██[38;2;13;13;9m██[38;2;5;5;123m█[38;2;4;4;122m█[38;2;0;0;26m█[38;2;194;193;225m█[38;2;255;255;255m█[38;2;255;255;252m█[38;2;255;255;255m██[38;2;253;253;253m██████████[38;2;253;253;251m█[38;2;255;255;255m█[38;2;221;221;242m█[38;2;8;8;28m█[38;2;2;1;124m█[38;2;6;5;129m█[38;2;13;13;11m██[38;2;13;13;16m██
██[38;2;13;13;9m██[38;2;5;5;123m█[38;2;4;4;122m█[38;2;0;0;24m█[38;2;194;194;223m█[38;2;255;255;255m█[38;2;253;253;249m█[38;2;253;253;253m████████████[38;2;253;253;251m█[38;2;255;255;255m█[38;2;219;219;240m█[38;2;6;6;27m█[38;2;1;1;124m█[38;2;5;5;129m█[38;2;13;13;11m██[38;2;13;13;16m██
██[38;2;13;13;9m██[38;2;5;5;123m█[38;2;4;4;122m█[38;2;0;0;24m█[38;2;195;195;224m█[38;2;255;255;255m█[38;2;253;253;249m█[38;2;253;253;253m████████████[38;2;253;253;251m█[38;2;255;255;255m█[38;2;218;218;242m█[38;2;6;6;30m█[38;2;1;1;124m█[38;2;5;5;129m█[38;2;13;13;11m██[38;2;13;13;16m██
██[38;2;13;13;9m██[38;2;5;5;123m█[38;2;4;4;122m█[38;2;0;0;25m█[38;2;196;196;225m█[38;2;255;255;255m█[38;2;253;253;249m█[38;2;253;253;253m████████████[38;2;253;253;251m█[38;2;255;255;255m█[38;2;217;217;240m█[38;2;5;5;28m█[38;2;1;1;124m█[38;2;5;5;129m█[38;2;13;13;11m██[38;2;13;13;16m██
██[38;2;13;13;9m██[38;2;5;5;123m█[38;2;4;4;122m█[38;2;0;0;25m█[38;2;197;197;226m█[38;2;255;255;255m█[38;2;253;253;249m█[38;2;253;253;253m████████████[38;2;253;253;251m█[38;2;255;255;255m█[38;2;216;216;239m█[38;2;4;4;27m█[38;2;1;1;124m█[38;2;5;5;129m█[38;2;13;13;11m██[38;2;13;13;16m██
██[38;2;13;13;9m██[38;2;5;5;123m█[38;2;4;4;122m█[38;2;0;0;26m█[38;2;200;200;229m█[38;2;255;255;255m█[38;2;253;253;249m█[38;2;253;253;253m████████████[38;2;253;253;251m█[38;2;255;255;255m█[38;2;215;215;238m█[38;2;4;4;27m█[38;2;1;1;124m█[38;2;5;5;129m█[38;2;13;13;11m██[38;2;13;13;16m██
██[38;2;13;13;9m██[38;2;5;4;125m█[38;2;4;3;124m█[38;2;0;0;26m█[38;2;201;201;230m█[38;2;255;255;255m█[38;2;253;253;249m█[38;2;253;253;253m████████████[38;2;253;253;251m█[38;2;255;255;255m█[38;2;214;214;237m█[38;2;3;3;26m█[38;2;1;1;124m█[38;2;5;5;129m█[38;2;13;13;11m██[38;2;13;13;16m██
██[38;2;13;13;9m██[38;2;5;4;125m█[38;2;4;3;124m█[38;2;0;0;25m█[38;2;204;204;231m█[38;2;255;255;255m█[38;2;253;253;249m█[38;2;253;253;253m████████████[38;2;253;253;251m█[38;2;255;255;255m█[38;2;214;214;237m█[38;2;3;3;26m█[38;2;1;1;124m█[38;2;5;5;129m█[38;2;13;13;11m██[38;2;13;13;16m██
██[38;2;13;13;9m██[38;2;5;4;125m█[38;2;4;3;124m█[38;2;0;0;23m█[38;2;194;194;223m█[38;2;255;255;255m█[38;2;253;253;249m█[38;2;253;253;253m█[38;2;255;255;255m██[38;2;253;253;253m████[38;2;255;255;255m██[38;2;253;253;253m███[38;2;253;253;251m█[38;2;255;255;255m█[38;2;203;203;230m█[38;2;0;0;23m█[38;2;3;3;126m█[38;2;5;5;129m█[38;2;13;13;9m██[38;2;13;13;16m██
██[38;2;13;15;6m██[38;2;5;5;120m█[38;2;6;6;122m█[38;2;0;0;37m█[38;2;96;97;145m█[38;2;255;255;255m█[38;2;255;255;254m█[38;2;255;255;255m█[38;2;244;244;244m█[38;2;232;232;232m█[38;2;255;255;255m████[38;2;240;240;240m█[38;2;233;233;233m█[38;2;255;255;255m████[38;2;249;250;242m█[38;2;101;102;147m█[38;2;0;0;34m█[38;2;6;6;124m█[38;2;5;5;123m█[38;2;13;15;6m██[38;2;13;13;16m██
██[38;2;13;15;6m██[38;2;8;6;94m█[38;2;9;8;95m█[38;2;2;3;107m█[38;2;0;0;91m█[38;2;115;113;98m█[38;2;221;219;204m█[38;2;166;166;161m█[38;2;37;37;32m█[38;2;12;13;5m█[38;2;116;117;109m█[38;2;218;218;216m█[38;2;228;228;225m█[38;2;153;154;146m█[38;2;28;30;22m█[38;2;16;17;9m█[38;2;130;131;123m█[38;2;223;223;221m█[38;2;226;226;224m█[38;2;143;141;126m█[38;2;25;24;9m█[38;2;0;0;93m█[38;2;2;3;107m█[38;2;9;8;96m█[38;2;8;6;95m█[38;2;13;15;6m██[38;2;13;13;16m██
██[38;2;13;13;11m██[38;2;11;11;34m██[38;2;3;2;185m█[38;2;0;0;179m█[38;2;0;0;19m█[38;2;1;1;30m█[38;2;0;0;72m█[38;2;0;0;79m█[38;2;0;0;111m█[38;2;0;0;96m█[38;2;5;5;1m█[38;2;10;10;5m█[38;2;0;0;81m█[38;2;0;0;90m█[38;2;0;0;104m█[38;2;0;0;90m█[38;2;8;9;1m█[38;2;10;11;3m█[38;2;0;0;82m█[38;2;0;0;94m█[38;2;0;0;202m█[38;2;0;1;204m█[38;2;11;11;34m██[38;2;13;13;11m██[38;2;13;13;16m██
████[38;2;13;15;6m██[38;2;5;6;108m█[38;2;6;8;109m█[38;2;0;0;225m█[38;2;0;0;222m█[38;2;0;0;208m█[38;2;1;1;210m█[38;2;0;1;204m██[38;2;0;0;208m█[38;2;0;0;207m█[38;2;0;0;205m█[38;2;0;0;207m█[38;2;0;1;204m██[38;2;0;0;205m█[38;2;0;0;204m█[38;2;0;0;211m█[38;2;0;0;212m█[38;2;9;8;98m█[38;2;8;6;97m█[38;2;13;15;6m██[38;2;13;13;16m████
██████[38;2;13;13;13m██[38;2;8;8;83m█[38;2;9;9;84m█[38;2;11;10;53m██[38;2;11;11;37m██[38;2;6;8;111m██[38;2;11;10;47m██[38;2;11;11;38m██[38;2;6;8;111m██[38;2;11;10;45m██[38;2;13;15;6m██[38;2;13;13;16m██████
████████[38;2;13;15;6m██[38;2;13;13;11m████[38;2;13;15;4m██[38;2;13;13;11m████[38;2;13;15;4m██[38;2;13;13;11m██[38;2;13;13;16m████████
████████████████████████████████