[38;2;13;13;16m██████████[38;2;13;13;9m██[38;2;13;13;16m██[38;2;9;11;53m████[38;2;13;13;16m██[38;2;13;13;9m██[38;2;13;13;16m██████████
████████[38;2;13;13;9m██[38;2;11;10;42m██[38;2;2;2;179m██[38;2;0;0;238m█[38;2;0;0;239m███[38;2;2;2;179m██[38;2;11;10;42m██[38;2;13;13;9m██[38;2;13;13;16m████████
██████[38;2;13;13;11m██[38;2;11;11;32m██[38;2;0;0;207m█[38;2;1;1;208m█[38;2;0;0;217m█[38;2;0;0;211m█[38;2;0;0;123m█[38;2;0;0;119m██[38;2;0;0;123m█[38;2;0;0;211m█[38;2;0;0;217m█[38;2;1;1;208m█[38;2;0;0;207m█[38;2;11;11;32m██[38;2;13;13;11m██[38;2;13;13;16m██████
██████[38;2;13;15;6m██[38;2;2;3;157m█[38;2;3;4;158m█[38;2;2;1;192m█[38;2;0;0;179m█[38;2;0;0;9m█[38;2;8;8;28m█[38;2;49;48;35m█[38;2;74;73;60m██[38;2;49;48;35m█[38;2;8;8;28m█[38;2;0;0;9m█[38;2;0;0;179m█[38;2;2;1;192m█[38;2;3;4;158m█[38;2;2;3;157m█[38;2;13;15;6m██[38;2;13;13;16m██████
████[38;2;13;13;9m██[38;2;9;10;60m██[38;2;1;1;210m█[38;2;0;0;205m█[38;2;0;0;13m█[38;2;27;27;53m█[38;2;145;146;136m█[38;2;224;225;215m█[38;2;254;254;254m█[38;2;255;255;255m██[38;2;254;254;254m█[38;2;225;226;216m█[38;2;145;146;136m█[38;2;27;27;53m█[38;2;0;0;13m█[38;2;0;0;205m█[38;2;1;1;210m█[38;2;9;10;60m██[38;2;13;13;9m██[38;2;13;13;16m████
████[38;2;13;15;4m██[38;2;2;4;144m█[38;2;4;6;146m█[38;2;2;2;115m█[38;2;0;0;95m█[38;2;97;96;83m█[38;2;242;240;228m█[38;2;255;255;255m██[38;2;254;254;254m█[38;2;253;253;253m██[38;2;254;254;254m█[38;2;255;255;255m██[38;2;243;242;229m█[38;2;97;96;83m█[38;2;0;0;94m█[38;2;2;2;113m█[38;2;5;4;145m█[38;2;4;3;144m█[38;2;13;15;4m██[38;2;13;13;16m████
██[38;2;13;13;13m██[38;2;13;12;24m██[38;2;2;2;179m█[38;2;1;1;178m█[38;2;0;0;10m█[38;2;111;111;134m█[38;2;255;255;255m█[38;2;255;255;253m█[38;2;253;253;253m████████[38;2;255;255;253m█[38;2;255;255;255m█[38;2;111;111;134m█[38;2;0;0;10m█[38;2;0;0;176m█[38;2;2;2;179m█[38;2;13;12;24m██[38;2;13;13;13m██[38;2;13;13;16m██
██[38;2;13;13;9m██[38;2;9;10;60m██[38;2;4;5;154m█[38;2;0;0;132m█[38;2;70;72;61m█[38;2;255;255;250m█[38;2;255;255;255m█[38;2;253;253;253m██████████[38;2;255;255;255m█[38;2;255;255;250m█[38;2;70;72;61m█[38;2;0;0;132m█[38;2;4;5;154m█[38;2;9;10;60m██[38;2;13;13;9m██[38;2;13;13;16m██
██[38;2;13;15;6m██[38;2;8;6;95m█[38;2;9;8;96m█[38;2;1;2;103m█[38;2;0;0;98m█[38;2;210;211;200m█[38;2;255;255;255m███[38;2;253;253;253m██████████[38;2;255;255;252m█[38;2;211;212;201m█[38;2;0;0;98m█[38;2;1;2;103m█[38;2;9;8;96m█[38;2;8;6;95m█[38;2;13;15;6m██[38;2;13;13;16m██
██[38;2;13;15;4m██[38;2;5;5;118m█[38;2;6;6;119m█[38;2;0;0;54m█[38;2;74;75;139m█[38;2;255;255;255m█[38;2;223;224;216m█[38;2;119;119;119m█[38;2;205;205;205m█[38;2;255;255;255m██[38;2;253;253;253m████████[38;2;253;254;246m█[38;2;255;255;255m█[38;2;74;75;139m█[38;2;0;0;54m█[38;2;8;8;120m█[38;2;5;5;118m█[38;2;13;15;4m██[38;2;13;13;16m██
██[38;2;13;15;6m██[38;2;4;4;127m█[38;2;5;5;129m█[38;2;0;0;27m█[38;2;151;153;193m█[38;2;255;255;255m█[38;2;169;169;165m█[38;2;0;0;0m██[38;2;113;113;113m█[38;2;236;236;236m█[38;2;255;255;255m█[38;2;252;252;252m█[38;2;255;255;255m████████[38;2;151;153;193m█[38;2;0;0;27m█[38;2;5;5;129m█[38;2;4;4;127m█[38;2;13;15;6m██[38;2;13;13;16m██
██[38;2;13;13;9m██[38;2;4;4;127m█[38;2;3;3;126m█[38;2;0;0;24m█[38;2;195;195;224m█[38;2;255;255;255m█[38;2;252;252;247m█[38;2;161;161;161m█[38;2;35;35;35m█[38;2;0;0;0m█[38;2;22;22;22m█[38;2;173;173;173m█[38;2;255;255;255m█[38;2;201;201;201m█[38;2;83;83;83m█[38;2;84;84;84m███[38;2;81;81;81m█[38;2;183;183;179m█[38;2;255;255;255m█[38;2;195;195;224m█[38;2;0;0;24m█[38;2;3;3;126m█[38;2;4;4;127m█[38;2;13;13;9m██[38;2;13;13;16m██
██[38;2;13;13;9m██[38;2;5;5;126m█[38;2;2;2;123m█[38;2;0;0;25m█[38;2;208;208;233m█[38;2;255;255;255m███[38;2;113;113;113m█[38;2;0;0;0m██[38;2;98;98;98m█[38;2;255;255;255m█[38;2;148;148;148m█[38;2;0;0;0m█████[38;2;118;118;116m█[38;2;255;255;255m█[38;2;208;208;233m█[38;2;0;0;25m█[38;2;2;2;123m█[38;2;4;4;125m█[38;2;13;13;9m██[38;2;13;13;16m██
██[38;2;13;13;9m██[38;2;5;5;126m█[38;2;2;2;123m█[38;2;0;0;25m█[38;2;208;208;233m█[38;2;255;255;255m█[38;2;209;209;207m█[38;2;33;33;33m█[38;2;0;0;0m█[38;2;16;16;16m█[38;2;138;138;138m█[38;2;246;246;246m█[38;2;255;255;255m█[38;2;250;250;250m█[38;2;212;212;212m█[38;2;209;209;209m███[38;2;210;210;210m█[38;2;246;246;244m█[38;2;255;255;255m█[38;2;208;208;233m█[38;2;0;0;25m█[38;2;2;2;123m█[38;2;4;4;125m█[38;2;13;13;9m██[38;2;13;13;16m██
██[38;2;13;13;9m██[38;2;5;5;126m█[38;2;2;2;123m█[38;2;0;0;25m█[38;2;208;208;233m█[38;2;255;255;255m█[38;2;179;179;176m█[38;2;4;4;4m█[38;2;97;97;97m█[38;2;228;228;228m█[38;2;255;255;255m██[38;2;253;253;253m█[38;2;254;254;254m█[38;2;255;255;255m█████[38;2;255;255;253m█[38;2;255;255;255m█[38;2;208;208;233m█[38;2;0;0;25m█[38;2;2;2;123m█[38;2;4;4;125m█[38;2;13;13;9m██[38;2;13;13;16m██
██[38;2;13;13;9m██[38;2;5;5;126m█[38;2;2;2;123m█[38;2;0;0;25m█[38;2;208;208;233m█[38;2;255;255;255m█[38;2;254;254;252m█[38;2;236;236;236m█[38;2;255;255;255m██[38;2;253;253;253m█████████[38;2;253;253;251m█[38;2;255;255;255m█[38;2;208;208;233m█[38;2;0;0;25m█[38;2;2;2;123m█[38;2;4;4;125m█[38;2;13;13;9m██[38;2;13;13;16m██
██[38;2;13;13;9m██[38;2;5;5;126m█[38;2;2;2;123m█[38;2;0;0;25m█[38;2;208;208;233m█[38;2;255;255;255m█[38;2;253;253;251m█[38;2;255;255;255m█[38;2;254;254;254m█[38;2;253;253;253m██████████[38;2;253;253;251m█[38;2;255;255;255m█[38;2;208;208;233m█[38;2;0;0;25m█[38;2;2;2;123m█[38;2;4;4;125m█[38;2;13;13;9m██[38;2;13;13;16m██
██[38;2;13;13;9m██[38;2;5;5;126m█[38;2;2;2;123m█[38;2;0;0;25m█[38;2;208;208;233m█[38;2;255;255;255m█[38;2;253;253;251m█[38;2;253;253;253m████████████[38;2;253;253;251m█[38;2;255;255;255m█[38;2;208;208;233m█[38;2;0;0;25m█[38;2;2;2;123m█[38;2;4;4;125m█[38;2;13;13;9m██[38;2;13;13;16m██
██[38;2;13;13;9m██[38;2;5;5;126m█[38;2;2;2;123m█[38;2;0;0;25m█[38;2;208;208;233m█[38;2;255;255;255m█[38;2;253;253;251m█[38;2;253;253;253m████████████[38;2;253;253;251m█[38;2;255;255;255m█[38;2;208;208;233m█[38;2;0;0;25m█[38;2;2;2;123m█[38;2;4;4;125m█[38;2;13;13;9m██[38;2;13;13;16m██
██[38;2;13;13;9m██[38;2;5;5;126m█[38;2;2;2;123m█[38;2;0;0;25m█[38;2;208;208;233m█[38;2;255;255;255m█[38;2;253;253;251m█[38;2;253;253;253m████████████[38;2;253;253;251m█[38;2;255;255;255m█[38;2;208;208;233m█[38;2;0;0;25m█[38;2;2;2;123m█[38;2;4;4;125m█[38;2;13;13;9m██[38;2;13;13;16m██
██[38;2;13;13;9m██[38;2;5;5;126m█[38;2;2;2;123m█[38;2;0;0;25m█[38;2;208;208;233m█[38;2;255;255;255m█[38;2;253;253;251m█[38;2;253;253;253m████████████[38;2;253;253;251m█[38;2;255;255;255m█[38;2;207;207;232m█[38;2;0;0;25m█[38;2;2;2;123m█[38;2;4;4;125m█[38;2;13;13;9m██[38;2;13;13;16m██
██[38;2;13;13;9m██[38;2;5;5;126m█[38;2;2;2;123m█[38;2;1;1;26m█[38;2;208;208;233m█[38;2;255;255;255m█[38;2;253;253;251m█[38;2;253;253;253m████████████[38;2;253;253;251m█[38;2;255;255;255m█[38;2;208;208;233m█[38;2;1;1;26m█[38;2;2;2;123m█[38;2;4;4;125m█[38;2;13;13;9m██[38;2;13;13;16m██
██[38;2;13;13;9m██[38;2;4;4;125m█[38;2;3;3;124m█[38;2;0;0;24m█[38;2;204;204;231m█[38;2;255;255;255m█[38;2;253;253;251m█[38;2;253;253;253m██[38;2;254;254;254m██[38;2;253;253;253m████[38;2;254;254;254m██[38;2;253;253;253m██[38;2;253;253;251m█[38;2;255;255;255m█[38;2;203;203;230m█[38;2;0;0;24m█[38;2;3;3;124m█[38;2;4;4;125m█[38;2;13;13;9m██[38;2;13;13;16m██
██[38;2;13;15;6m██[38;2;5;5;120m█[38;2;6;6;122m█[38;2;0;0;28m█[38;2;126;129;168m█[38;2;255;255;255m█[38;2;255;255;251m█[38;2;254;254;254m█[38;2;255;255;255m███████████[38;2;255;255;251m█[38;2;255;255;255m█[38;2;126;129;168m█[38;2;0;0;28m█[38;2;6;6;122m█[38;2;5;5;120m█[38;2;13;15;6m██[38;2;13;13;16m██
██[38;2;13;15;6m██[38;2;8;6;95m█[38;2;9;8;96m█[38;2;1;0;88m█[38;2;0;0;87m█[38;2;160;161;150m█[38;2;249;250;238m█[38;2;253;253;251m█[38;2;190;190;188m█[38;2;62;63;53m█[38;2;54;55;45m█[38;2;179;179;176m█[38;2;251;251;249m██[38;2;179;179;176m█[38;2;54;55;45m█[38;2;60;61;51m█[38;2;190;190;188m█[38;2;252;252;250m█[38;2;249;250;238m█[38;2;160;161;150m█[38;2;0;0;87m█[38;2;1;0;88m█[38;2;6;9;96m█[38;2;5;8;95m█[38;2;13;15;6m██[38;2;13;13;16m██
██[38;2;13;13;11m██[38;2;11;10;42m██[38;2;4;4;172m█[38;2;0;0;161m█[38;2;0;0;0m█[38;2;32;32;38m█[38;2;39;39;41m█[38;2;0;0;2m█[38;2;0;0;91m█[38;2;0;0;94m█[38;2;0;0;3m█[38;2;37;37;42m██[38;2;0;0;3m█[38;2;0;0;94m█[38;2;0;0;93m█[38;2;0;0;2m█[38;2;39;39;41m█[38;2;32;32;38m█[38;2;0;0;0m█[38;2;0;0;161m█[38;2;3;4;172m█[38;2;11;10;42m██[38;2;13;13;11m██[38;2;13;13;16m██
████[38;2;13;15;6m██[38;2;4;5;123m█[38;2;5;6;124m█[38;2;0;0;197m█[38;2;0;0;189m█[38;2;0;0;174m█[38;2;0;0;182m█[38;2;0;0;209m██[38;2;0;0;183m█[38;2;0;0;175m██[38;2;0;0;185m█[38;2;0;0;209m██[38;2;0;0;183m█[38;2;0;0;175m█[38;2;0;0;189m█[38;2;0;0;197m█[38;2;5;6;124m█[38;2;4;5;123m█[38;2;13;15;6m██[38;2;13;13;16m████
████[38;2;13;13;13m██[38;2;13;13;16m██[38;2;5;6;104m█[38;2;6;8;105m█[38;2;6;6;113m██[38;2;11;12;26m██[38;2;5;6;107m█[38;2;6;8;108m███[38;2;11;12;26m██[38;2;6;8;111m██[38;2;6;8;105m██[38;2;13;13;16m██[38;2;13;13;13m██[38;2;13;13;16m████
████████[38;2;13;15;6m██[38;2;13;15;4m██[38;2;13;13;13m██[38;2;13;15;6m████[38;2;13;13;13m██[38;2;13;15;4m██[38;2;13;15;6m██[38;2;13;13;16m████████
████████████████████████████████
████████████████████████████████
████████████████████████████████