[38;2;13;13;16m████████████████████████████████
████████████[38;2;13;13;13m██[38;2;13;15;6m████[38;2;13;13;13m██[38;2;13;13;16m████████████
██████████[38;2;13;15;6m██[38;2;11;12;27m██[38;2;8;8;84m█[38;2;9;9;86m███[38;2;11;12;27m██[38;2;13;15;6m██[38;2;13;13;16m██████████
████████[38;2;13;15;6m██[38;2;9;9;68m█[38;2;10;10;69m█[38;2;0;1;204m██[38;2;0;0;201m█[38;2;0;0;197m█[38;2;0;0;198m█[38;2;0;0;201m█[38;2;0;1;204m██[38;2;9;10;67m█[38;2;8;9;66m█[38;2;13;15;6m██[38;2;13;13;16m████████
██████[38;2;13;13;9m██[38;2;9;11;51m██[38;2;1;2;203m█[38;2;0;0;198m█[38;2;0;0;74m█[38;2;0;0;68m█[38;2;2;2;4m█[38;2;15;15;17m██[38;2;2;2;4m█[38;2;0;0;68m█[38;2;0;0;74m█[38;2;0;0;198m█[38;2;1;2;203m█[38;2;9;11;51m██[38;2;13;13;9m██[38;2;13;13;16m██████
██████[38;2;13;13;13m██[38;2;3;3;168m██[38;2;0;0;69m█[38;2;0;0;66m█[38;2;69;68;53m█[38;2;159;158;143m█[38;2;210;210;208m█[38;2;230;230;228m██[38;2;210;210;208m█[38;2;159;158;143m█[38;2;69;68;53m█[38;2;0;0;66m█[38;2;0;0;68m█[38;2;3;3;168m██[38;2;13;13;13m██[38;2;13;13;16m██████
████[38;2;13;15;6m██[38;2;8;9;76m█[38;2;9;10;77m█[38;2;5;4;147m█[38;2;0;0;125m█[38;2;34;35;24m█[38;2;186;187;175m█[38;2;255;255;255m████████[38;2;186;187;175m█[38;2;34;35;24m█[38;2;0;0;125m█[38;2;3;5;147m█[38;2;9;10;77m█[38;2;8;9;76m█[38;2;13;15;6m██[38;2;13;13;16m████
████[38;2;13;15;6m██[38;2;4;3;141m█[38;2;5;4;143m█[38;2;0;0;37m█[38;2;49;51;98m█[38;2;236;237;229m█[38;2;255;255;255m█[38;2;254;254;254m█[38;2;253;253;253m██████[38;2;254;254;254m█[38;2;255;255;255m█[38;2;236;237;229m█[38;2;49;51;98m█[38;2;0;0;37m█[38;2;5;4;143m█[38;2;4;3;141m█[38;2;13;15;6m██[38;2;13;13;16m████
██[38;2;13;13;13m██[38;2;11;11;32m██[38;2;4;6;148m█[38;2;0;0;133m█[38;2;30;30;30m█[38;2;233;233;233m█[38;2;255;255;255m█[38;2;253;253;253m██████████[38;2;255;255;255m█[38;2;232;232;232m█[38;2;28;28;28m█[38;2;0;0;133m█[38;2;4;6;148m█[38;2;11;12;30m██[38;2;13;13;13m██[38;2;13;13;16m██
██[38;2;13;13;9m██[38;2;9;9;66m█[38;2;10;10;67m█[38;2;4;4;116m█[38;2;0;0;96m█[38;2;174;175;164m█[38;2;255;255;255m█[38;2;253;253;253m████████████[38;2;255;255;255m█[38;2;174;175;164m█[38;2;0;0;94m█[38;2;4;4;113m█[38;2;10;10;67m█[38;2;9;9;66m█[38;2;13;13;9m██[38;2;13;13;16m██
██[38;2;13;15;6m██[38;2;8;6;95m█[38;2;9;8;96m█[38;2;0;0;67m█[38;2;46;46;119m█[38;2;255;255;246m█[38;2;254;255;245m█[38;2;253;253;253m████████████[38;2;254;255;245m█[38;2;255;255;246m█[38;2;46;46;119m█[38;2;0;0;67m█[38;2;9;8;98m█[38;2;8;6;97m█[38;2;13;15;6m██[38;2;13;13;16m██
██[38;2;13;15;6m██[38;2;5;5;115m█[38;2;6;6;116m█[38;2;0;0;34m█[38;2;131;132;180m█[38;2;255;255;255m█[38;2;253;254;246m█[38;2;253;253;253m████████████[38;2;253;254;246m█[38;2;255;255;255m█[38;2;131;132;180m█[38;2;0;0;34m█[38;2;6;6;116m█[38;2;5;5;115m█[38;2;13;15;6m██[38;2;13;13;16m██
██[38;2;13;13;9m██[38;2;5;5;123m█[38;2;4;4;122m█[38;2;0;0;24m█[38;2;186;185;217m█[38;2;255;255;255m███████[38;2;254;254;254m█[38;2;255;255;255m████████[38;2;186;185;217m█[38;2;0;0;24m█[38;2;5;5;123m██[38;2;13;13;9m██[38;2;13;13;16m██
██[38;2;13;13;9m██[38;2;4;4;125m█[38;2;2;2;123m█[38;2;0;0;26m█[38;2;207;207;233m█[38;2;255;255;255m█[38;2;145;145;143m█[38;2;77;77;77m█[38;2;84;84;84m█[38;2;86;86;86m█[38;2;82;82;82m█[38;2;109;109;109m█[38;2;246;246;246m█[38;2;204;204;204m█[38;2;86;86;86m████[38;2;82;82;82m█[38;2;185;185;182m█[38;2;255;255;255m█[38;2;205;205;232m█[38;2;0;0;26m█[38;2;2;2;123m█[38;2;4;4;125m█[38;2;13;13;9m██[38;2;13;13;16m██
██[38;2;13;13;9m██[38;2;4;4;125m█[38;2;2;2;123m█[38;2;0;0;25m█[38;2;209;209;235m█[38;2;255;255;255m█[38;2;56;56;54m█[38;2;0;0;0m████[38;2;4;4;4m█[38;2;231;231;231m█[38;2;153;153;153m█[38;2;0;0;0m█████[38;2;117;117;115m█[38;2;255;255;255m█[38;2;208;208;233m█[38;2;0;0;25m█[38;2;2;2;123m█[38;2;4;4;125m█[38;2;13;13;9m██[38;2;13;13;16m██
██[38;2;13;13;9m██[38;2;4;4;125m█[38;2;2;2;123m█[38;2;0;0;25m█[38;2;208;208;233m█[38;2;255;255;255m█[38;2;235;235;232m█[38;2;204;204;204m█[38;2;207;207;207m██[38;2;205;205;205m█[38;2;222;222;222m█[38;2;255;255;255m█[38;2;249;249;249m█[38;2;211;211;211m█[38;2;208;208;208m███[38;2;209;209;209m█[38;2;245;245;243m█[38;2;255;255;255m█[38;2;208;208;233m█[38;2;0;0;25m█[38;2;2;2;123m█[38;2;4;4;125m█[38;2;13;13;9m██[38;2;13;13;16m██
██[38;2;13;13;9m██[38;2;4;4;125m█[38;2;2;2;123m█[38;2;0;0;25m█[38;2;208;208;233m█[38;2;255;255;255m█[38;2;255;255;254m█[38;2;255;255;255m█████[38;2;253;253;253m█[38;2;254;254;254m█[38;2;255;255;255m█████[38;2;255;255;253m█[38;2;255;255;255m█[38;2;208;208;233m█[38;2;0;0;25m█[38;2;2;2;123m█[38;2;5;5;126m█[38;2;13;13;9m██[38;2;13;13;16m██
██[38;2;13;13;9m██[38;2;4;4;125m█[38;2;2;2;123m█[38;2;0;0;25m█[38;2;207;207;232m█[38;2;255;255;255m█[38;2;253;253;251m█[38;2;253;253;253m████████████[38;2;253;253;251m█[38;2;255;255;255m█[38;2;208;208;233m█[38;2;0;0;25m█[38;2;2;2;123m█[38;2;5;5;126m█[38;2;13;13;9m██[38;2;13;13;16m██
██[38;2;13;13;9m██[38;2;4;4;125m█[38;2;2;2;123m█[38;2;0;0;25m█[38;2;207;207;232m█[38;2;255;255;255m█[38;2;253;253;251m█[38;2;253;253;253m████████████[38;2;253;253;251m█[38;2;255;255;255m█[38;2;208;208;233m█[38;2;0;0;25m█[38;2;2;2;123m█[38;2;4;4;125m█[38;2;13;13;9m██[38;2;13;13;16m██
██[38;2;13;13;9m██[38;2;4;4;125m█[38;2;2;2;123m█[38;2;0;0;25m█[38;2;207;207;232m█[38;2;255;255;255m█[38;2;253;253;251m█[38;2;253;253;253m████████████[38;2;253;253;251m█[38;2;255;255;255m█[38;2;208;208;233m█[38;2;0;0;25m█[38;2;2;2;123m█[38;2;4;4;125m█[38;2;13;13;9m██[38;2;13;13;16m██
██[38;2;13;13;9m██[38;2;4;4;125m█[38;2;2;2;123m█[38;2;0;0;25m█[38;2;207;207;232m█[38;2;255;255;255m█[38;2;253;253;251m█[38;2;253;253;253m████████████[38;2;253;253;251m█[38;2;255;255;255m█[38;2;208;208;233m█[38;2;0;0;25m█[38;2;2;2;123m█[38;2;4;4;125m█[38;2;13;13;9m██[38;2;13;13;16m██
██[38;2;13;13;9m██[38;2;4;4;125m█[38;2;2;2;123m█[38;2;0;0;25m█[38;2;208;208;233m█[38;2;255;255;255m█[38;2;253;253;251m█[38;2;253;253;253m████████████[38;2;253;253;251m█[38;2;255;255;255m█[38;2;208;208;233m█[38;2;0;0;25m█[38;2;2;2;123m█[38;2;4;4;125m█[38;2;13;13;9m██[38;2;13;13;16m██
██[38;2;13;13;9m██[38;2;4;4;125m█[38;2;2;2;123m█[38;2;0;0;25m█[38;2;208;208;233m█[38;2;255;255;255m█[38;2;253;253;251m█[38;2;253;253;253m████████████[38;2;253;253;251m█[38;2;255;255;255m█[38;2;208;208;233m█[38;2;0;0;25m█[38;2;2;2;123m█[38;2;4;4;125m█[38;2;13;13;9m██[38;2;13;13;16m██
██[38;2;13;13;9m██[38;2;4;4;125m█[38;2;2;2;123m█[38;2;0;0;24m█[38;2;208;208;233m█[38;2;255;255;255m█[38;2;253;253;251m█[38;2;253;253;253m████████████[38;2;253;253;251m█[38;2;255;255;255m█[38;2;207;207;232m█[38;2;0;0;24m█[38;2;2;2;123m█[38;2;4;4;125m█[38;2;13;13;9m██[38;2;13;13;16m██
██[38;2;13;15;6m██[38;2;4;4;131m██[38;2;0;0;25m█[38;2;152;151;188m█[38;2;255;255;255m█[38;2;253;253;249m█[38;2;253;253;253m█[38;2;255;255;255m████[38;2;253;253;253m██[38;2;255;255;255m████[38;2;253;253;253m█[38;2;253;253;249m█[38;2;255;255;255m█[38;2;152;151;188m█[38;2;0;0;25m█[38;2;5;5;130m█[38;2;4;4;129m█[38;2;13;15;6m██[38;2;13;13;16m██
██[38;2;13;15;4m██[38;2;4;5;123m█[38;2;5;6;124m█[38;2;0;0;74m█[38;2;15;15;91m█[38;2;200;201;189m█[38;2;255;255;254m█[38;2;255;255;255m█[38;2;225;225;225m█[38;2;107;108;100m█[38;2;98;100;91m█[38;2;216;216;216m█[38;2;255;255;255m██[38;2;216;216;216m█[38;2;98;100;91m█[38;2;105;107;98m█[38;2;224;224;224m█[38;2;255;255;255m█[38;2;255;255;254m█[38;2;201;202;190m█[38;2;16;16;93m█[38;2;0;0;74m█[38;2;6;8;125m█[38;2;4;5;123m█[38;2;13;15;4m██[38;2;13;13;16m██
██[38;2;13;15;6m██[38;2;8;8;81m█[38;2;9;9;82m█[38;2;3;4;172m█[38;2;0;0;155m█[38;2;5;6;0m█[38;2;70;72;61m█[38;2;81;82;74m█[38;2;18;19;11m█[38;2;0;0;46m██[38;2;12;12;8m█[38;2;76;76;72m██[38;2;12;12;8m█[38;2;0;0;47m█[38;2;0;0;46m█[38;2;18;19;11m█[38;2;80;81;73m█[38;2;70;72;61m█[38;2;5;6;0m█[38;2;0;0;153m█[38;2;4;4;169m█[38;2;9;9;82m█[38;2;8;8;81m█[38;2;13;15;6m██[38;2;13;13;16m██
██[38;2;13;13;13m██[38;2;13;12;22m██[38;2;2;0;198m█[38;2;3;1;200m█[38;2;0;0;154m█[38;2;0;0;143m█[38;2;0;0;125m█[38;2;0;0;136m█[38;2;0;0;238m█[38;2;0;0;239m█[38;2;0;0;145m█[38;2;0;0;133m██[38;2;0;0;145m█[38;2;0;0;239m█[38;2;0;0;238m█[38;2;0;0;137m█[38;2;0;0;126m█[38;2;0;0;145m█[38;2;0;0;157m█[38;2;1;2;201m█[38;2;0;1;200m█[38;2;13;12;22m██[38;2;13;13;13m██[38;2;13;13;16m██
████[38;2;13;15;6m██[38;2;9;9;73m█[38;2;10;10;74m█[38;2;0;0;228m█[38;2;0;0;229m██[38;2;0;0;228m█[38;2;3;5;145m██[38;2;0;0;223m█[38;2;0;0;224m██[38;2;0;0;223m█[38;2;5;4;145m██[38;2;0;0;228m█[38;2;0;0;229m██[38;2;0;0;228m█[38;2;9;10;75m█[38;2;8;9;74m█[38;2;13;15;6m██[38;2;13;13;16m████
██████[38;2;13;13;9m██[38;2;11;11;40m██[38;2;11;10;47m██[38;2;13;15;6m██[38;2;11;10;42m████[38;2;13;15;6m██[38;2;11;10;45m██[38;2;11;11;40m██[38;2;13;13;9m██[38;2;13;13;16m██████
████████[38;2;13;13;11m████[38;2;13;13;16m██[38;2;13;13;11m████[38;2;13;13;16m██[38;2;13;13;11m████[38;2;13;13;16m████████
████████████████████████████████