[38;2;13;13;16m████████████████████████████████
████████████[38;2;13;15;6m████████[38;2;13;13;16m████████████
████████[38;2;13;13;13m██[38;2;13;13;9m██[38;2;8;8;83m█[38;2;9;9;84m█[38;2;3;3;166m████[38;2;9;9;84m█[38;2;8;8;83m█[38;2;13;13;9m██[38;2;13;13;13m██[38;2;13;13;16m████████
████████[38;2;13;13;9m██[38;2;4;4;129m█[38;2;5;5;130m█[38;2;0;0;233m█[38;2;0;0;230m█[38;2;0;0;176m█[38;2;0;0;173m██[38;2;0;0;176m█[38;2;0;0;230m█[38;2;0;0;233m█[38;2;5;5;130m█[38;2;4;4;129m█[38;2;13;13;9m██[38;2;13;13;16m████████
██████[38;2;13;15;4m██[38;2;8;6;95m█[38;2;9;8;96m█[38;2;1;1;211m█[38;2;0;0;203m█[38;2;0;0;40m█[38;2;0;0;42m█[38;2;17;18;8m█[38;2;35;37;26m█[38;2;34;35;25m█[38;2;17;18;8m█[38;2;0;0;42m█[38;2;0;0;40m█[38;2;0;0;205m█[38;2;1;1;214m█[38;2;9;8;96m█[38;2;8;6;95m█[38;2;13;15;4m██[38;2;13;13;16m██████
████[38;2;13;13;13m██[38;2;13;12;27m██[38;2;2;0;196m█[38;2;1;0;195m█[38;2;0;0;42m█[38;2;2;3;54m█[38;2;98;100;86m█[38;2;188;189;175m█[38;2;232;232;232m█[38;2;247;247;247m██[38;2;232;232;232m█[38;2;188;189;175m█[38;2;98;100;86m█[38;2;2;3;54m█[38;2;0;0;42m█[38;2;1;0;193m█[38;2;2;0;194m█[38;2;11;12;27m██[38;2;13;13;13m██[38;2;13;13;16m████
████[38;2;13;15;4m██[38;2;5;6;107m█[38;2;6;8;108m█[38;2;4;3;136m█[38;2;0;0;112m█[38;2;59;58;45m█[38;2;214;212;200m█[38;2;255;255;255m████████[38;2;214;212;200m█[38;2;59;58;45m█[38;2;0;0;111m█[38;2;4;3;136m█[38;2;6;8;108m█[38;2;5;6;107m█[38;2;13;15;4m██[38;2;13;13;16m████
████[38;2;13;13;13m██[38;2;3;3;162m██[38;2;0;0;24m█[38;2;75;74;111m█[38;2;251;251;246m█[38;2;255;255;255m█[38;2;253;253;253m████████[38;2;255;255;255m█[38;2;250;250;245m█[38;2;75;74;111m█[38;2;0;0;24m█[38;2;3;3;162m██[38;2;13;13;13m██[38;2;13;13;16m████
██[38;2;13;13;11m██[38;2;11;10;42m██[38;2;4;5;153m█[38;2;0;0;134m█[38;2;45;45;40m█[38;2;246;246;242m█[38;2;255;255;255m█[38;2;253;253;253m██████████[38;2;255;255;255m█[38;2;246;246;242m█[38;2;45;45;40m█[38;2;0;0;134m█[38;2;6;4;153m█[38;2;11;10;42m██[38;2;13;13;11m██[38;2;13;13;16m██
██[38;2;13;15;6m██[38;2;8;8;79m█[38;2;9;9;80m█[38;2;3;3;112m█[38;2;0;0;97m█[38;2;190;192;180m█[38;2;255;255;254m█[38;2;255;255;255m█[38;2;254;254;254m█[38;2;253;253;253m██████████[38;2;255;255;254m█[38;2;190;192;180m█[38;2;0;0;98m█[38;2;3;3;112m█[38;2;9;9;82m█[38;2;8;8;81m█[38;2;13;15;6m██[38;2;13;13;16m██
██[38;2;13;15;4m██[38;2;5;6;107m█[38;2;6;8;108m█[38;2;0;0;62m█[38;2;58;58;129m█[38;2;255;255;251m█[38;2;254;255;245m█[38;2;233;233;233m█[38;2;255;255;255m██[38;2;253;253;253m█████████[38;2;254;255;245m█[38;2;255;255;251m█[38;2;58;58;129m█[38;2;0;0;62m█[38;2;8;9;109m█[38;2;5;6;107m█[38;2;13;15;4m██[38;2;13;13;16m██
██[38;2;13;15;6m██[38;2;5;5;120m█[38;2;6;6;122m█[38;2;0;0;32m█[38;2;139;140;186m█[38;2;255;255;255m█[38;2;178;178;173m█[38;2;1;1;1m█[38;2;94;94;94m█[38;2;224;224;224m█[38;2;255;255;255m██[38;2;253;253;253m█[38;2;254;254;254m█[38;2;255;255;255m█████[38;2;255;255;251m█[38;2;255;255;255m█[38;2;139;140;186m█[38;2;0;0;32m█[38;2;6;6;122m█[38;2;5;5;120m█[38;2;13;15;6m██[38;2;13;13;16m██
██[38;2;13;13;9m██[38;2;5;4;125m█[38;2;4;3;124m█[38;2;0;0;25m█[38;2;190;189;222m█[38;2;255;255;255m█[38;2;211;211;207m█[38;2;35;35;35m█[38;2;0;0;0m█[38;2;13;13;13m█[38;2;134;134;134m█[38;2;244;244;244m█[38;2;255;255;255m█[38;2;249;249;249m█[38;2;209;209;209m█[38;2;205;205;205m█[38;2;207;207;207m█[38;2;205;205;205m█[38;2;207;207;207m█[38;2;244;244;239m█[38;2;255;255;255m█[38;2;190;189;222m█[38;2;0;0;25m█[38;2;4;4;125m██[38;2;13;13;9m██[38;2;13;13;16m██
██[38;2;13;13;9m██[38;2;4;4;125m█[38;2;2;2;123m█[38;2;0;0;25m█[38;2;207;207;232m█[38;2;255;255;255m███[38;2;116;116;116m█[38;2;0;0;0m██[38;2;97;97;97m█[38;2;255;255;255m█[38;2;147;147;147m█[38;2;0;0;0m█████[38;2;116;116;113m█[38;2;255;255;255m█[38;2;207;207;232m█[38;2;0;0;25m█[38;2;2;2;123m█[38;2;4;4;125m█[38;2;13;13;9m██[38;2;13;13;16m██
██[38;2;13;13;9m██[38;2;4;4;125m█[38;2;2;2;123m█[38;2;0;0;25m█[38;2;208;208;233m█[38;2;255;255;255m█[38;2;251;251;249m█[38;2;158;158;158m█[38;2;33;33;33m█[38;2;0;0;0m█[38;2;24;24;24m█[38;2;175;175;175m█[38;2;255;255;255m█[38;2;203;203;203m█[38;2;87;87;87m█[38;2;86;86;86m█[38;2;87;87;87m██[38;2;83;83;83m█[38;2;186;186;183m█[38;2;255;255;255m█[38;2;208;208;233m█[38;2;0;0;25m█[38;2;2;2;123m█[38;2;4;4;125m█[38;2;13;13;9m██[38;2;13;13;16m██
██[38;2;13;13;9m██[38;2;4;4;125m█[38;2;2;2;123m█[38;2;0;0;25m█[38;2;208;208;233m█[38;2;255;255;255m█[38;2;168;168;166m█[38;2;0;0;0m██[38;2;117;117;117m█[38;2;238;238;238m█[38;2;255;255;255m█[38;2;252;252;252m█[38;2;255;255;255m████████[38;2;208;208;233m█[38;2;0;0;25m█[38;2;2;2;123m█[38;2;4;4;125m█[38;2;13;13;9m██[38;2;13;13;16m██
██[38;2;13;13;9m██[38;2;4;4;125m█[38;2;2;2;123m█[38;2;0;0;25m█[38;2;208;208;233m█[38;2;255;255;255m█[38;2;224;224;222m█[38;2;124;124;124m█[38;2;208;208;208m█[38;2;255;255;255m██[38;2;253;253;253m████████[38;2;253;253;251m█[38;2;255;255;255m█[38;2;208;208;233m█[38;2;0;0;25m█[38;2;2;2;123m█[38;2;4;4;125m█[38;2;13;13;9m██[38;2;13;13;16m██
██[38;2;13;13;9m██[38;2;4;4;125m█[38;2;2;2;123m█[38;2;0;0;25m█[38;2;208;208;233m█[38;2;255;255;255m█[38;2;255;255;254m█[38;2;255;255;255m██[38;2;253;253;253m██████████[38;2;253;253;251m█[38;2;255;255;255m█[38;2;208;208;233m█[38;2;0;0;25m█[38;2;2;2;123m█[38;2;4;4;125m█[38;2;13;13;9m██[38;2;13;13;16m██
██[38;2;13;13;9m██[38;2;4;4;125m█[38;2;2;2;123m█[38;2;0;0;25m█[38;2;208;208;233m█[38;2;255;255;255m█[38;2;253;253;251m█[38;2;253;253;253m████████████[38;2;253;253;251m█[38;2;255;255;255m█[38;2;208;208;233m█[38;2;0;0;25m█[38;2;2;2;123m█[38;2;4;4;125m█[38;2;13;13;9m██[38;2;13;13;16m██
██[38;2;13;13;9m██[38;2;4;4;125m█[38;2;2;2;123m█[38;2;0;0;25m█[38;2;208;208;233m█[38;2;255;255;255m█[38;2;253;253;251m█[38;2;253;253;253m████████████[38;2;253;253;251m█[38;2;255;255;255m█[38;2;208;208;233m█[38;2;0;0;25m█[38;2;2;2;123m█[38;2;4;4;125m█[38;2;13;13;9m██[38;2;13;13;16m██
██[38;2;13;13;9m██[38;2;4;4;125m█[38;2;2;2;123m█[38;2;0;0;25m█[38;2;208;208;233m█[38;2;255;255;255m█[38;2;253;253;251m█[38;2;253;253;253m████████████[38;2;253;253;251m█[38;2;255;255;255m█[38;2;208;208;233m█[38;2;0;0;25m█[38;2;2;2;123m█[38;2;4;4;125m█[38;2;13;13;9m██[38;2;13;13;16m██
██[38;2;13;13;9m██[38;2;4;4;125m█[38;2;2;2;123m█[38;2;0;0;25m█[38;2;208;208;233m█[38;2;255;255;255m█[38;2;253;253;251m█[38;2;253;253;253m████████████[38;2;253;253;251m█[38;2;255;255;255m█[38;2;208;208;233m█[38;2;0;0;25m█[38;2;2;2;123m█[38;2;4;4;125m█[38;2;13;13;9m██[38;2;13;13;16m██
██[38;2;13;13;9m██[38;2;4;4;125m█[38;2;2;2;123m█[38;2;1;1;26m█[38;2;208;208;233m█[38;2;255;255;255m█[38;2;253;253;251m█[38;2;253;253;253m████████████[38;2;253;253;251m█[38;2;255;255;255m█[38;2;208;208;233m█[38;2;1;1;26m█[38;2;2;2;123m█[38;2;4;4;125m█[38;2;13;13;9m██[38;2;13;13;16m██
██[38;2;13;13;9m██[38;2;5;4;125m█[38;2;3;2;123m█[38;2;0;0;25m█[38;2;205;205;232m█[38;2;255;255;255m█[38;2;253;253;251m█[38;2;253;253;253m████████████[38;2;253;253;251m█[38;2;255;255;255m█[38;2;207;207;232m█[38;2;0;0;24m█[38;2;2;2;123m█[38;2;4;4;125m█[38;2;13;13;9m██[38;2;13;13;16m██
██[38;2;13;15;6m██[38;2;5;5;120m█[38;2;6;6;122m█[38;2;0;0;27m█[38;2;143;141;181m█[38;2;255;255;255m█[38;2;254;254;250m█[38;2;253;253;253m█[38;2;255;255;255m████[38;2;253;253;253m██[38;2;255;255;255m████[38;2;253;253;253m█[38;2;254;254;250m█[38;2;255;255;255m█[38;2;146;145;185m█[38;2;0;0;27m█[38;2;6;6;122m█[38;2;5;5;120m█[38;2;13;15;6m██[38;2;13;13;16m██
██[38;2;13;15;6m██[38;2;5;6;102m█[38;2;6;8;103m█[38;2;0;0;80m█[38;2;9;8;90m█[38;2;187;188;176m█[38;2;255;255;250m█[38;2;255;255;255m█[38;2;215;215;215m█[38;2;91;93;82m█[38;2;83;84;74m█[38;2;204;204;204m█[38;2;255;255;255m██[38;2;204;204;204m█[38;2;82;83;73m█[38;2;89;90;80m█[38;2;215;215;215m█[38;2;255;255;255m█[38;2;255;255;250m█[38;2;189;190;179m█[38;2;11;11;90m█[38;2;0;0;77m█[38;2;9;6;103m█[38;2;8;5;102m█[38;2;13;15;6m██[38;2;13;13;16m██
██[38;2;13;13;11m██[38;2;11;10;49m██[38;2;4;4;166m█[38;2;0;0;152m█[38;2;1;1;0m█[38;2;56;56;54m█[38;2;65;65;60m█[38;2;11;11;6m█[38;2;0;0;62m██[38;2;6;6;4m█[38;2;62;62;60m██[38;2;5;5;3m█[38;2;0;0;62m██[38;2;11;11;6m█[38;2;66;66;61m█[38;2;58;58;53m█[38;2;1;1;0m█[38;2;0;0;148m█[38;2;4;4;164m█[38;2;11;10;51m██[38;2;13;13;11m██[38;2;13;13;16m██
████[38;2;13;15;6m██[38;2;4;3;140m█[38;2;6;5;143m█[38;2;0;0;176m█[38;2;0;0;166m█[38;2;0;0;148m█[38;2;0;0;158m█[38;2;1;0;221m██[38;2;0;0;162m█[38;2;0;0;152m██[38;2;0;0;162m█[38;2;1;0;221m██[38;2;0;0;158m█[38;2;0;0;147m█[38;2;0;0;164m█[38;2;0;0;174m█[38;2;6;5;143m█[38;2;4;3;140m█[38;2;13;15;6m██[38;2;13;13;16m████
████[38;2;13;13;13m██[38;2;13;13;19m██[38;2;5;5;130m██[38;2;5;4;139m██[38;2;11;10;42m██[38;2;5;5;134m████[38;2;11;10;42m██[38;2;5;4;141m██[38;2;5;5;132m██[38;2;13;12;22m██[38;2;13;13;13m██[38;2;13;13;16m████
██████[38;2;13;13;13m██[38;2;13;15;6m████[38;2;13;13;11m██[38;2;13;15;6m████[38;2;13;13;11m██[38;2;13;15;4m██[38;2;13;15;6m██[38;2;13;13;13m██[38;2;13;13;16m██████
████████████████████████████████
████████████████████████████████