[38;2;13;13;16m██████████[38;2;13;15;6m██[38;2;9;9;66m█[38;2;10;10;67m█[38;2;5;4;147m██[38;2;5;4;145m██[38;2;10;11;65m█[38;2;9;10;63m█[38;2;13;15;6m██[38;2;13;13;16m██████████
████████[38;2;13;15;6m██[38;2;5;5;112m█[38;2;6;6;113m█[38;2;0;0;215m█[38;2;0;0;210m█[38;2;0;0;151m█[38;2;0;0;147m██[38;2;0;0;151m█[38;2;0;0;210m█[38;2;0;0;215m█[38;2;6;6;113m█[38;2;5;5;112m█[38;2;13;15;6m██[38;2;13;13;16m████████
██████[38;2;13;15;6m██[38;2;8;8;83m█[38;2;9;9;84m█[38;2;0;1;194m█[38;2;0;0;183m█[38;2;0;0;22m█[38;2;2;1;35m█[38;2;35;37;23m█[38;2;59;60;46m█[38;2;59;58;45m█[38;2;37;35;23m█[38;2;2;1;35m█[38;2;0;0;22m█[38;2;0;0;183m█[38;2;2;0;194m█[38;2;9;9;84m█[38;2;8;8;83m█[38;2;13;15;6m██[38;2;13;13;16m██████
████[38;2;13;13;13m██[38;2;13;12;24m██[38;2;2;2;179m█[38;2;0;0;176m█[38;2;0;0;27m█[38;2;16;18;56m█[38;2;129;130;118m█[38;2;214;215;203m█[38;2;247;247;247m█[38;2;255;255;255m██[38;2;247;247;247m█[38;2;214;215;203m█[38;2;129;130;118m█[38;2;16;18;56m█[38;2;0;0;27m█[38;2;0;0;176m█[38;2;2;2;179m█[38;2;13;12;24m██[38;2;13;13;13m██[38;2;13;13;16m████
████[38;2;13;15;6m██[38;2;8;6;97m█[38;2;9;8;98m█[38;2;2;3;120m█[38;2;0;0;98m█[38;2;83;82;69m█[38;2;233;232;219m█[38;2;255;255;255m███[38;2;254;254;254m██[38;2;255;255;255m███[38;2;233;232;219m█[38;2;83;82;69m█[38;2;0;0;98m█[38;2;2;3;120m█[38;2;9;8;98m█[38;2;8;6;97m█[38;2;13;15;6m██[38;2;13;13;16m████
████[38;2;13;13;11m██[38;2;3;4;150m█[38;2;2;3;148m█[38;2;0;0;18m█[38;2;98;97;130m█[38;2;255;255;255m██[38;2;253;253;253m████████[38;2;255;255;255m██[38;2;98;97;130m█[38;2;0;0;18m█[38;2;2;3;148m█[38;2;3;4;150m█[38;2;13;13;11m██[38;2;13;13;16m████
██[38;2;13;13;11m██[38;2;11;11;40m██[38;2;6;5;144m█[38;2;0;0;123m█[38;2;61;61;56m█[38;2;255;255;251m█[38;2;255;255;255m█[38;2;253;253;253m██████████[38;2;255;255;255m█[38;2;255;255;251m█[38;2;61;61;56m█[38;2;0;0;123m█[38;2;6;5;144m█[38;2;11;11;40m██[38;2;13;13;11m██[38;2;13;13;16m██
██[38;2;13;13;9m██[38;2;9;9;76m█[38;2;10;10;77m█[38;2;2;3;103m█[38;2;0;0;94m█[38;2;204;205;194m█[38;2;255;255;254m█[38;2;245;245;245m█[38;2;255;255;255m██[38;2;253;253;253m█████████[38;2;255;255;252m█[38;2;204;205;194m█[38;2;0;0;95m█[38;2;2;3;104m█[38;2;10;10;77m█[38;2;9;9;76m█[38;2;13;13;9m██[38;2;13;13;16m██
██[38;2;13;15;6m██[38;2;5;6;102m█[38;2;6;8;103m█[38;2;0;0;56m█[38;2;68;69;134m█[38;2;255;255;255m█[38;2;183;185;174m█[38;2;18;18;18m█[38;2;118;118;118m█[38;2;242;242;242m█[38;2;255;255;255m█[38;2;254;254;254m█[38;2;253;253;253m██[38;2;255;255;255m█████[38;2;254;255;245m█[38;2;255;255;253m█[38;2;68;69;134m█[38;2;0;0;56m█[38;2;6;8;103m█[38;2;5;6;102m█[38;2;13;15;6m██[38;2;13;13;16m██
██[38;2;13;15;6m██[38;2;5;5;117m█[38;2;6;6;118m█[38;2;0;0;30m█[38;2;147;150;192m█[38;2;255;255;255m█[38;2;201;201;196m█[38;2;17;17;17m█[38;2;0;0;0m█[38;2;32;32;32m█[38;2;167;167;167m█[38;2;255;255;255m█[38;2;254;254;254m██[38;2;236;236;236m█[38;2;233;233;233m███[38;2;235;235;235m█[38;2;253;253;249m█[38;2;255;255;255m█[38;2;147;150;192m█[38;2;0;0;30m█[38;2;6;6;118m█[38;2;5;5;117m█[38;2;13;15;6m██[38;2;13;13;16m██
██[38;2;13;13;9m██[38;2;4;5;123m█[38;2;3;4;122m█[38;2;0;0;23m█[38;2;194;194;223m█[38;2;255;255;255m██[38;2;244;244;244m█[38;2;105;105;105m█[38;2;0;0;0m██[38;2;115;115;115m█[38;2;255;255;255m█[38;2;161;161;161m█[38;2;3;3;3m█[38;2;10;10;10m███[38;2;1;1;1m█[38;2;133;133;129m█[38;2;255;255;255m█[38;2;194;194;223m█[38;2;0;0;23m█[38;2;3;4;122m█[38;2;4;5;123m█[38;2;13;13;9m██[38;2;13;13;16m██
██[38;2;13;13;9m██[38;2;5;5;126m█[38;2;2;2;123m█[38;2;0;0;25m█[38;2;207;207;232m█[38;2;255;255;255m██[38;2;207;207;207m█[38;2;69;69;69m█[38;2;0;0;0m██[38;2;146;146;146m█[38;2;255;255;255m█[38;2;183;183;183m█[38;2;46;46;46m█[38;2;48;48;48m█[38;2;49;49;49m██[38;2;44;44;44m█[38;2;161;161;159m█[38;2;255;255;255m█[38;2;207;207;232m█[38;2;0;0;25m█[38;2;2;2;123m█[38;2;4;4;125m█[38;2;13;13;9m██[38;2;13;13;16m██
██[38;2;13;13;9m██[38;2;5;5;126m█[38;2;2;2;123m█[38;2;0;0;25m█[38;2;208;208;233m█[38;2;255;255;255m█[38;2;181;181;179m█[38;2;0;0;0m██[38;2;72;72;72m█[38;2;209;209;209m█[38;2;255;255;255m█[38;2;253;253;253m█[38;2;255;255;255m████████[38;2;208;208;233m█[38;2;0;0;25m█[38;2;2;2;123m█[38;2;4;4;125m█[38;2;13;13;9m██[38;2;13;13;16m██
██[38;2;13;13;9m██[38;2;5;5;126m█[38;2;2;2;123m█[38;2;0;0;25m█[38;2;208;208;233m█[38;2;255;255;255m█[38;2;202;202;200m█[38;2;63;63;63m█[38;2;165;165;165m█[38;2;255;255;255m██[38;2;253;253;253m███[38;2;254;254;254m█████[38;2;253;253;251m█[38;2;255;255;255m█[38;2;208;208;233m█[38;2;0;0;25m█[38;2;2;2;123m█[38;2;4;4;125m█[38;2;13;13;9m██[38;2;13;13;16m██
██[38;2;13;13;9m██[38;2;5;5;126m█[38;2;2;2;123m█[38;2;0;0;25m█[38;2;208;208;233m█[38;2;255;255;255m████[38;2;254;254;254m█[38;2;253;253;253m█████████[38;2;253;253;251m█[38;2;255;255;255m█[38;2;208;208;233m█[38;2;0;0;25m█[38;2;2;2;123m█[38;2;4;4;125m█[38;2;13;13;9m██[38;2;13;13;16m██
██[38;2;13;13;9m██[38;2;5;5;126m█[38;2;2;2;123m█[38;2;0;0;25m█[38;2;208;208;233m█[38;2;255;255;255m█[38;2;253;253;251m█[38;2;253;253;253m████████████[38;2;253;253;251m█[38;2;255;255;255m█[38;2;208;208;233m█[38;2;0;0;25m█[38;2;2;2;123m█[38;2;4;4;125m█[38;2;13;13;9m██[38;2;13;13;16m██
██[38;2;13;13;9m██[38;2;5;5;126m█[38;2;2;2;123m█[38;2;0;0;25m█[38;2;208;208;233m█[38;2;255;255;255m█[38;2;253;253;251m█[38;2;253;253;253m████████████[38;2;253;253;251m█[38;2;255;255;255m█[38;2;208;208;233m█[38;2;0;0;25m█[38;2;2;2;123m█[38;2;4;4;125m█[38;2;13;13;9m██[38;2;13;13;16m██
██[38;2;13;13;9m██[38;2;5;5;126m█[38;2;2;2;123m█[38;2;0;0;25m█[38;2;208;208;233m█[38;2;255;255;255m█[38;2;253;253;251m█[38;2;253;253;253m████████████[38;2;253;253;251m█[38;2;255;255;255m█[38;2;208;208;233m█[38;2;0;0;25m█[38;2;2;2;123m█[38;2;4;4;125m█[38;2;13;13;9m██[38;2;13;13;16m██
██[38;2;13;13;9m██[38;2;5;5;126m█[38;2;2;2;123m█[38;2;0;0;25m█[38;2;208;208;233m█[38;2;255;255;255m█[38;2;253;253;251m█[38;2;253;253;253m████████████[38;2;253;253;251m█[38;2;255;255;255m█[38;2;208;208;233m█[38;2;0;0;25m█[38;2;2;2;123m█[38;2;4;4;125m█[38;2;13;13;9m██[38;2;13;13;16m██
██[38;2;13;13;9m██[38;2;5;5;126m█[38;2;2;2;123m█[38;2;0;0;25m█[38;2;208;208;233m█[38;2;255;255;255m█[38;2;253;253;251m█[38;2;253;253;253m████████████[38;2;253;253;251m█[38;2;255;255;255m█[38;2;208;208;233m█[38;2;0;0;25m█[38;2;2;2;123m█[38;2;4;4;125m█[38;2;13;13;9m██[38;2;13;13;16m██
██[38;2;13;13;9m██[38;2;5;5;126m█[38;2;2;2;123m█[38;2;0;0;25m█[38;2;207;207;232m█[38;2;255;255;255m█[38;2;253;253;251m█[38;2;253;253;253m████████████[38;2;253;253;251m█[38;2;255;255;255m█[38;2;207;207;232m█[38;2;0;0;25m█[38;2;2;2;123m█[38;2;4;4;125m█[38;2;13;13;9m██[38;2;13;13;16m██
██[38;2;13;13;9m██[38;2;5;5;126m█[38;2;2;2;123m█[38;2;1;1;26m█[38;2;208;208;233m█[38;2;255;255;255m█[38;2;253;253;251m█[38;2;253;253;253m████████████[38;2;253;253;251m█[38;2;255;255;255m█[38;2;208;208;233m█[38;2;0;0;25m█[38;2;2;2;123m█[38;2;4;4;125m█[38;2;13;13;9m██[38;2;13;13;16m██
██[38;2;13;13;9m██[38;2;5;5;126m█[38;2;2;2;123m█[38;2;0;0;24m█[38;2;207;207;232m█[38;2;255;255;255m█[38;2;253;253;251m█[38;2;253;253;253m████████████[38;2;253;253;251m█[38;2;255;255;255m█[38;2;205;205;231m█[38;2;0;0;24m█[38;2;2;2;125m█[38;2;4;4;127m█[38;2;13;13;9m██[38;2;13;13;16m██
██[38;2;13;15;6m██[38;2;4;4;129m█[38;2;5;5;130m█[38;2;0;0;27m█[38;2;145;144;183m█[38;2;255;255;255m█[38;2;254;254;250m█[38;2;253;253;253m█[38;2;255;255;255m████[38;2;253;253;253m██[38;2;255;255;255m████[38;2;253;253;253m█[38;2;254;254;250m█[38;2;255;255;255m█[38;2;145;144;183m█[38;2;0;0;27m█[38;2;5;5;130m█[38;2;4;4;129m█[38;2;13;15;6m██[38;2;13;13;16m██
██[38;2;13;15;4m██[38;2;5;5;120m█[38;2;8;8;123m█[38;2;0;0;80m█[38;2;9;8;90m█[38;2;187;188;176m█[38;2;255;255;250m█[38;2;255;255;255m█[38;2;215;215;215m█[38;2;91;93;82m█[38;2;83;84;74m█[38;2;204;204;204m█[38;2;255;255;255m██[38;2;204;204;204m█[38;2;82;83;73m█[38;2;90;91;81m█[38;2;215;215;215m█[38;2;255;255;255m█[38;2;255;255;250m█[38;2;188;189;178m█[38;2;10;9;91m█[38;2;0;0;80m█[38;2;8;8;120m█[38;2;5;5;118m█[38;2;13;15;4m██[38;2;13;13;16m██
██[38;2;13;13;9m██[38;2;9;9;73m█[38;2;10;10;74m█[38;2;3;3;176m█[38;2;0;0;162m█[38;2;1;2;0m█[38;2;56;58;49m█[38;2;66;66;61m█[38;2;11;11;6m█[38;2;0;0;59m██[38;2;5;5;3m█[38;2;62;62;60m██[38;2;5;5;3m█[38;2;0;0;61m██[38;2;11;11;6m█[38;2;65;65;60m█[38;2;56;58;49m█[38;2;1;2;0m█[38;2;0;0;162m█[38;2;3;3;176m█[38;2;10;10;74m█[38;2;9;9;73m█[38;2;13;13;9m██[38;2;13;13;16m██
██[38;2;13;13;13m██[38;2;13;13;17m██[38;2;2;1;189m█[38;2;3;2;190m█[38;2;0;0;171m█[38;2;0;0;160m█[38;2;0;0;141m█[38;2;0;0;151m█[38;2;0;0;244m██[38;2;0;0;159m█[38;2;0;0;148m██[38;2;0;0;159m█[38;2;0;0;244m██[38;2;0;0;153m█[38;2;0;0;144m█[38;2;0;0;160m█[38;2;0;0;171m█[38;2;3;2;190m█[38;2;2;1;189m█[38;2;13;13;17m██[38;2;13;13;13m██[38;2;13;13;16m██
████[38;2;13;13;9m██[38;2;9;10;58m██[38;2;0;0;210m█[38;2;1;1;211m█[38;2;1;1;216m█[38;2;0;0;215m█[38;2;6;6;119m█[38;2;5;5;118m█[38;2;0;0;209m█[38;2;1;1;210m██[38;2;0;0;209m█[38;2;6;6;119m██[38;2;0;0;212m█[38;2;1;1;214m█[38;2;1;1;211m█[38;2;0;0;210m█[38;2;9;10;58m██[38;2;13;13;9m██[38;2;13;13;16m████
██████[38;2;13;13;9m██[38;2;11;12;27m██[38;2;11;12;30m██[38;2;13;15;4m██[38;2;11;12;27m████[38;2;13;15;4m██[38;2;11;12;30m██[38;2;11;12;26m██[38;2;13;13;9m██[38;2;13;13;16m██████
████████[38;2;13;13;13m████[38;2;13;13;16m██[38;2;13;13;13m████[38;2;13;13;16m██[38;2;13;13;13m████[38;2;13;13;16m████████
████████████████████████████████
████████████████████████████████