[38;2;13;13;16m██████████[38;2;13;15;6m██[38;2;11;11;32m██[38;2;8;6;91m██[38;2;8;8;84m██[38;2;13;12;26m██[38;2;13;13;9m██[38;2;13;13;16m██████████
████████[38;2;13;15;6m██[38;2;8;8;81m█[38;2;9;9;82m█[38;2;0;0;217m██[38;2;0;0;226m█[38;2;0;0;225m█[38;2;0;0;230m█[38;2;0;0;232m█[38;2;0;0;207m██[38;2;10;11;59m█[38;2;9;10;58m█[38;2;13;15;6m██[38;2;13;13;16m████████
██████[38;2;13;15;6m██[38;2;9;9;66m██[38;2;1;0;221m█[38;2;0;0;217m█[38;2;0;0;102m█[38;2;0;0;91m█[38;2;0;0;13m█[38;2;0;0;18m█[38;2;0;0;23m█[38;2;0;0;17m█[38;2;0;0;119m█[38;2;0;0;133m█[38;2;0;0;210m██[38;2;11;11;38m██[38;2;13;13;11m██[38;2;13;13;16m██████
████[38;2;13;13;13m██[38;2;13;13;19m██[38;2;2;1;189m██[38;2;0;0;75m█[38;2;0;0;68m█[38;2;51;49;34m█[38;2;129;127;112m█[38;2;178;178;173m█[38;2;197;197;193m█[38;2;193;194;186m█[38;2;161;162;154m█[38;2;96;95;82m█[38;2;17;16;3m█[38;2;0;0;108m█[38;2;1;1;127m█[38;2;4;5;159m█[38;2;2;3;157m█[38;2;13;15;6m██[38;2;13;13;16m██████
████[38;2;13;15;4m██[38;2;5;6;102m█[38;2;6;8;103m█[38;2;4;3;146m█[38;2;0;0;124m█[38;2;35;37;23m█[38;2;175;176;162m█[38;2;254;254;254m█[38;2;255;255;255m██████[38;2;230;230;228m█[38;2;105;105;108m█[38;2;0;0;0m█[38;2;0;0;168m█[38;2;3;3;180m█[38;2;9;10;55m██[38;2;13;13;9m██[38;2;13;13;16m████
████[38;2;13;13;13m██[38;2;3;3;165m██[38;2;0;0;24m█[38;2;68;67;104m█[38;2;240;242;233m█[38;2;255;255;255m█[38;2;254;254;254m█[38;2;253;253;253m██████[38;2;255;255;255m██[38;2;160;161;150m█[38;2;0;0;82m█[38;2;1;0;90m█[38;2;6;6;130m█[38;2;4;4;127m█[38;2;13;15;4m██[38;2;13;13;16m████
██[38;2;13;13;11m██[38;2;11;10;51m██[38;2;6;4;151m█[38;2;0;0;129m█[38;2;56;58;49m█[38;2;249;250;242m█[38;2;255;255;255m█[38;2;253;253;253m█████████[38;2;254;254;252m█[38;2;255;255;255m█[38;2;145;145;166m█[38;2;0;0;9m█[38;2;1;2;155m█[38;2;3;4;158m█[38;2;13;13;17m██[38;2;13;13;16m████
██[38;2;13;15;6m██[38;2;8;6;95m█[38;2;9;8;96m█[38;2;2;0;96m█[38;2;3;1;97m█[38;2;216;217;205m█[38;2;255;255;252m█[38;2;253;253;253m███████████[38;2;254;254;254m█[38;2;255;255;255m█[38;2;73;73;68m█[38;2;0;0;124m█[38;2;6;5;146m█[38;2;11;10;42m██[38;2;13;13;11m██[38;2;13;13;16m██
██[38;2;13;15;6m██[38;2;5;5;123m█[38;2;6;6;124m█[38;2;0;0;39m█[38;2;105;107;158m█[38;2;255;255;255m█[38;2;253;254;246m█[38;2;253;253;253m████████████[38;2;255;255;253m█[38;2;195;196;185m█[38;2;0;0;98m█[38;2;3;3;112m█[38;2;10;10;74m█[38;2;9;9;73m█[38;2;13;13;9m██[38;2;13;13;16m██
██[38;2;13;13;11m██[38;2;5;5;134m█[38;2;2;2;131m█[38;2;0;0;22m█[38;2;200;200;225m█[38;2;255;255;255m█[38;2;253;253;251m█[38;2;253;253;253m████████████[38;2;254;255;245m█[38;2;252;253;243m█[38;2;38;38;117m█[38;2;0;0;75m█[38;2;9;8;93m█[38;2;8;6;91m█[38;2;13;15;6m██[38;2;13;13;16m██
████[38;2;5;4;137m█[38;2;0;0;126m█[38;2;30;28;40m█[38;2;247;246;255m█[38;2;255;255;253m█[38;2;253;253;251m█[38;2;253;253;253m████████████[38;2;253;254;246m█[38;2;255;255;255m█[38;2;91;91;153m█[38;2;0;0;51m█[38;2;6;8;105m█[38;2;5;6;104m█[38;2;13;15;6m██[38;2;13;13;16m██
██[38;2;13;13;19m██[38;2;5;5;134m█[38;2;0;0;126m█[38;2;2;2;8m█[38;2;179;179;185m█[38;2;255;255;255m█[38;2;253;253;253m█████████████[38;2;253;254;246m█[38;2;255;255;255m█[38;2;120;122;175m█[38;2;0;0;41m█[38;2;6;8;108m█[38;2;5;6;107m█[38;2;13;15;6m██[38;2;13;13;16m██
██[38;2;13;13;19m██[38;2;5;5;132m█[38;2;0;0;125m█[38;2;0;0;2m█[38;2;165;165;171m█[38;2;255;255;255m█[38;2;253;253;253m█████████████[38;2;253;254;246m█[38;2;255;255;255m█[38;2;125;126;178m█[38;2;0;0;39m█[38;2;6;8;108m█[38;2;5;6;107m█[38;2;13;15;6m██[38;2;13;13;16m██
██[38;2;13;13;19m██[38;2;5;5;132m█[38;2;0;0;118m█[38;2;53;53;59m█[38;2;255;255;255m█[38;2;254;254;254m█[38;2;253;253;253m█████████████[38;2;253;254;246m█[38;2;255;255;255m█[38;2;125;126;178m█[38;2;0;0;38m█[38;2;6;8;109m█[38;2;5;6;108m█[38;2;13;15;6m██[38;2;13;13;16m██
██[38;2;13;13;19m██[38;2;5;5;132m█[38;2;0;0;118m█[38;2;53;53;59m█[38;2;255;255;255m█[38;2;254;254;254m█[38;2;253;253;253m█████████████[38;2;253;254;246m█[38;2;255;255;255m█[38;2;127;129;180m█[38;2;0;0;38m█[38;2;6;8;109m█[38;2;5;6;108m█[38;2;13;15;6m██[38;2;13;13;16m██
██[38;2;13;13;17m██[38;2;5;5;132m█[38;2;0;0;118m█[38;2;51;51;56m█[38;2;254;254;255m█[38;2;254;254;254m█[38;2;253;253;253m█████████████[38;2;253;254;246m█[38;2;255;255;255m█[38;2;130;131;181m█[38;2;0;0;37m█[38;2;6;8;109m█[38;2;5;6;108m█[38;2;13;15;6m██[38;2;13;13;16m██
██[38;2;13;13;17m██[38;2;5;5;132m█[38;2;0;0;118m█[38;2;48;48;54m█[38;2;253;253;255m█[38;2;254;254;252m█[38;2;253;253;251m█[38;2;253;253;253m████████████[38;2;253;254;246m█[38;2;255;255;255m█[38;2;132;133;183m█[38;2;0;0;37m█[38;2;6;8;109m█[38;2;5;6;108m█[38;2;13;15;6m██[38;2;13;13;16m██
██[38;2;13;13;17m██[38;2;5;5;132m█[38;2;0;0;119m█[38;2;45;44;53m█[38;2;252;251;255m█[38;2;254;254;252m█[38;2;253;253;251m█[38;2;253;253;253m████████████[38;2;253;254;246m█[38;2;255;255;255m█[38;2;137;138;186m█[38;2;0;0;34m█[38;2;6;8;111m█[38;2;5;6;110m█[38;2;13;15;6m██[38;2;13;13;16m██
██[38;2;13;13;17m██[38;2;5;5;132m█[38;2;0;0;120m█[38;2;41;40;49m█[38;2;250;249;255m█[38;2;255;255;253m█[38;2;253;253;251m█[38;2;253;253;253m████████████[38;2;253;254;246m█[38;2;255;255;255m█[38;2;143;144;189m█[38;2;0;0;32m█[38;2;6;6;113m█[38;2;5;5;112m█[38;2;13;15;6m██[38;2;13;13;16m██
████[38;2;5;5;132m█[38;2;0;0;120m█[38;2;37;35;47m█[38;2;247;246;255m█[38;2;255;255;253m█[38;2;253;253;251m█[38;2;253;253;253m████████████[38;2;253;253;249m█[38;2;255;255;255m█[38;2;148;151;193m█[38;2;0;0;30m█[38;2;6;6;113m█[38;2;5;5;112m█[38;2;13;15;6m██[38;2;13;13;16m██
████[38;2;5;5;132m█[38;2;0;0;122m█[38;2;31;30;41m█[38;2;244;243;254m█[38;2;255;255;253m█[38;2;253;253;251m█[38;2;253;253;253m████████████[38;2;253;253;249m█[38;2;255;255;255m█[38;2;157;159;198m█[38;2;0;0;27m█[38;2;6;6;116m█[38;2;5;5;115m█[38;2;13;15;6m██[38;2;13;13;16m██
██[38;2;13;13;13m██[38;2;5;5;132m█[38;2;0;0;123m█[38;2;24;25;39m█[38;2;238;239;253m█[38;2;255;255;254m█[38;2;253;253;251m█[38;2;253;253;253m████████████[38;2;253;253;249m█[38;2;255;255;255m█[38;2;166;168;207m█[38;2;0;0;27m█[38;2;6;6;118m█[38;2;5;5;117m█[38;2;13;15;6m██[38;2;13;13;16m██
██[38;2;13;13;13m██[38;2;5;5;132m█[38;2;0;0;125m█[38;2;12;13;28m█[38;2;231;232;247m█[38;2;255;255;255m█[38;2;253;253;251m█[38;2;253;253;253m███[38;2;254;254;254m█[38;2;255;255;255m█[38;2;253;253;253m████[38;2;254;254;254m█[38;2;255;255;255m█[38;2;253;253;253m█[38;2;253;253;249m█[38;2;255;255;255m█[38;2;169;168;208m█[38;2;0;0;27m█[38;2;6;6;119m█[38;2;5;5;118m█[38;2;13;15;6m██[38;2;13;13;16m██
██[38;2;13;13;9m██[38;2;4;4;131m██[38;2;0;0;24m█[38;2;150;148;183m█[38;2;255;255;253m█[38;2;255;255;255m█████[38;2;250;250;250m█[38;2;255;255;255m█████[38;2;250;250;250m█[38;2;255;255;255m█[38;2;255;255;252m█[38;2;255;255;255m█[38;2;94;95;146m█[38;2;0;0;40m█[38;2;6;6;118m█[38;2;5;5;117m█[38;2;13;15;6m██[38;2;13;13;16m██
██[38;2;13;15;4m██[38;2;5;6;110m█[38;2;6;8;111m█[38;2;1;0;84m██[38;2;37;37;18m█[38;2;118;118;100m█[38;2;231;231;231m█[38;2;251;251;251m█[38;2;212;212;208m█[38;2;82;82;77m█[38;2;32;33;25m█[38;2;131;132;124m█[38;2;236;236;236m█[38;2;251;251;251m█[38;2;203;203;198m█[38;2;70;70;66m█[38;2;34;35;27m█[38;2;146;147;139m█[38;2;237;236;223m█[38;2;140;139;126m█[38;2;0;0;90m█[38;2;2;3;103m█[38;2;9;8;96m█[38;2;8;6;95m█[38;2;13;15;6m██[38;2;13;13;16m██
██[38;2;13;13;11m██[38;2;9;11;51m██[38;2;3;1;195m█[38;2;0;0;186m█[38;2;0;0;88m█[38;2;0;0;77m█[38;2;16;17;3m█[38;2;37;38;24m█[38;2;2;3;51m█[38;2;0;0;37m█[38;2;0;0;88m█[38;2;0;0;77m█[38;2;20;19;6m█[38;2;37;35;23m█[38;2;0;0;53m█[38;2;0;0;44m█[38;2;0;0;81m█[38;2;0;0;74m█[38;2;12;11;23m█[38;2;0;0;4m█[38;2;0;0;174m█[38;2;3;3;182m█[38;2;11;10;45m██[38;2;13;13;11m██[38;2;13;13;16m██
████[38;2;13;13;9m██[38;2;4;3;140m█[38;2;6;5;143m█[38;2;0;0;229m█[38;2;0;0;228m█[38;2;0;0;179m█[38;2;0;0;174m█[38;2;0;0;204m█[38;2;0;0;210m█[38;2;0;0;223m█[38;2;0;0;222m█[38;2;0;0;178m█[38;2;0;0;175m█[38;2;0;0;208m█[38;2;1;1;214m█[38;2;1;0;218m█[38;2;0;0;216m█[38;2;0;0;212m█[38;2;0;0;218m█[38;2;5;4;137m█[38;2;4;3;136m█[38;2;13;15;6m██[38;2;13;13;16m████
████[38;2;13;13;13m████[38;2;9;10;55m██[38;2;3;4;155m██[38;2;9;8;98m█[38;2;8;6;97m█[38;2;9;10;55m██[38;2;3;4;155m██[38;2;9;8;90m█[38;2;8;6;89m█[38;2;9;10;61m██[38;2;6;6;122m██[38;2;13;12;22m██[38;2;13;13;13m██[38;2;13;13;16m████
████████[38;2;13;13;9m██[38;2;13;15;4m██[38;2;13;15;6m██[38;2;13;13;9m██[38;2;13;15;4m██[38;2;13;15;6m██[38;2;13;13;9m██[38;2;13;15;4m██[38;2;13;13;13m██[38;2;13;13;16m██████
████████████████████████████████
████████████████████████████████
████████████████████████████████