[38;2;13;13;16m██████████████[38;2;13;13;9m████[38;2;13;13;16m██████████████
██████████[38;2;13;13;11m██[38;2;13;13;13m██[38;2;11;10;51m████[38;2;13;13;13m██[38;2;13;13;11m██[38;2;13;13;16m██████████
████████[38;2;13;13;9m██[38;2;11;11;40m██[38;2;2;2;179m██[38;2;0;0;216m█[38;2;0;0;215m██[38;2;0;0;217m█[38;2;2;2;176m██[38;2;11;11;40m██[38;2;13;13;9m██[38;2;13;13;16m████████
██████[38;2;13;13;11m██[38;2;11;11;32m██[38;2;2;0;194m█[38;2;1;0;193m█[38;2;0;0;120m█[38;2;0;0;109m█[38;2;0;0;16m█[38;2;0;0;22m██[38;2;0;0;16m█[38;2;0;0;109m█[38;2;0;0;120m█[38;2;1;0;193m█[38;2;2;0;194m█[38;2;11;11;32m██[38;2;13;13;11m██[38;2;13;13;16m██████
██████[38;2;13;15;6m██[38;2;2;3;152m█[38;2;4;5;154m█[38;2;0;0;104m█[38;2;0;0;89m█[38;2;32;31;16m█[38;2;112;111;96m█[38;2;169;169;165m█[38;2;196;196;192m██[38;2;169;169;165m█[38;2;112;111;96m█[38;2;32;31;16m█[38;2;0;0;89m█[38;2;0;0;104m█[38;2;4;5;153m█[38;2;2;3;151m█[38;2;13;15;6m██[38;2;13;13;16m██████
████[38;2;13;13;9m██[38;2;9;10;61m██[38;2;4;4;161m█[38;2;0;0;143m█[38;2;9;10;2m█[38;2;143;144;136m█[38;2;245;245;243m█[38;2;255;255;255m██████[38;2;245;245;243m█[38;2;143;144;136m█[38;2;9;10;2m█[38;2;0;0;143m█[38;2;4;4;161m█[38;2;9;10;61m██[38;2;13;13;9m██[38;2;13;13;16m████
████[38;2;13;15;6m██[38;2;4;4;133m█[38;2;6;6;136m█[38;2;0;0;56m█[38;2;22;22;86m█[38;2;207;208;197m█[38;2;255;255;255m██[38;2;253;253;253m██████[38;2;255;255;255m██[38;2;207;208;197m█[38;2;22;22;86m█[38;2;0;0;56m█[38;2;6;6;136m█[38;2;4;4;133m█[38;2;13;15;6m██[38;2;13;13;16m████
██[38;2;13;13;13m██[38;2;13;12;26m██[38;2;3;4;152m█[38;2;0;0;141m█[38;2;11;11;15m█[38;2;208;208;211m█[38;2;255;255;255m█[38;2;253;253;251m█[38;2;253;253;253m████████[38;2;253;253;251m█[38;2;255;255;255m█[38;2;208;208;211m█[38;2;11;11;15m█[38;2;0;0;141m█[38;2;3;4;152m█[38;2;13;12;26m██[38;2;13;13;13m██[38;2;13;13;16m██
██[38;2;13;13;9m██[38;2;9;10;60m██[38;2;5;5;123m█[38;2;0;0;100m█[38;2;148;150;139m█[38;2;255;255;255m█[38;2;253;253;253m████████████[38;2;255;255;255m█[38;2;147;148;138m█[38;2;0;0;100m█[38;2;5;5;123m█[38;2;9;10;60m██[38;2;13;13;9m██[38;2;13;13;16m██
██[38;2;13;15;6m██[38;2;8;6;91m█[38;2;9;8;93m█[38;2;0;0;75m█[38;2;31;31;110m█[38;2;249;250;239m█[38;2;255;255;246m█[38;2;255;255;255m█████[38;2;253;253;253m██[38;2;254;254;254m█[38;2;255;255;255m████[38;2;255;255;246m█[38;2;249;250;239m█[38;2;32;32;111m█[38;2;0;0;75m█[38;2;9;8;93m█[38;2;8;6;91m█[38;2;13;15;6m██[38;2;13;13;16m██
██[38;2;13;15;6m██[38;2;5;5;112m█[38;2;6;6;113m█[38;2;0;0;38m█[38;2;117;118;169m█[38;2;255;255;255m█[38;2;255;255;254m█[38;2;211;211;211m█[38;2;111;111;111m█[38;2;88;88;88m█[38;2;136;136;136m█[38;2;242;242;242m█[38;2;255;255;255m██[38;2;252;252;252m█[38;2;152;152;152m█[38;2;91;91;91m█[38;2;101;101;101m█[38;2;194;194;194m█[38;2;255;255;254m█[38;2;255;255;255m█[38;2;117;118;169m█[38;2;0;0;38m█[38;2;6;6;113m█[38;2;5;5;112m█[38;2;13;15;6m██[38;2;13;13;16m██
██[38;2;13;15;6m██[38;2;5;5;120m██[38;2;0;0;25m█[38;2;179;178;212m█[38;2;255;255;255m█[38;2;200;200;195m█[38;2;31;31;31m█[38;2;105;105;105m█[38;2;148;148;148m█[38;2;62;62;62m█[38;2;63;63;63m█[38;2;250;250;250m█[38;2;255;255;255m█[38;2;89;89;89m█[38;2;56;56;56m█[38;2;138;138;138m█[38;2;122;122;122m█[38;2;20;20;20m█[38;2;175;175;171m█[38;2;255;255;255m█[38;2;179;178;212m█[38;2;0;0;24m█[38;2;5;5;120m██[38;2;13;15;6m██[38;2;13;13;16m██
██[38;2;13;13;9m██[38;2;5;4;125m█[38;2;3;2;123m█[38;2;0;0;25m█[38;2;204;204;231m█[38;2;255;255;255m█[38;2;80;80;77m█[38;2;96;96;96m█[38;2;51;51;51m█[38;2;41;41;41m█[38;2;74;74;74m█[38;2;46;46;46m█[38;2;189;189;189m█[38;2;204;204;204m█[38;2;41;41;41m█[38;2;101;101;101m█[38;2;37;37;37m█[38;2;41;41;41m█[38;2;87;87;87m█[38;2;69;69;67m█[38;2;255;255;255m█[38;2;204;204;231m█[38;2;0;0;25m█[38;2;2;2;123m█[38;2;4;4;125m█[38;2;13;13;9m██[38;2;13;13;16m██
██[38;2;13;13;9m██[38;2;4;4;125m█[38;2;2;2;123m█[38;2;1;1;26m█[38;2;209;209;235m█[38;2;255;255;255m█[38;2;61;61;59m█[38;2;100;100;100m█[38;2;23;23;23m█[38;2;89;89;89m█[38;2;38;38;38m█[38;2;56;56;56m█[38;2;182;182;182m█[38;2;174;174;174m█[38;2;68;68;68m█[38;2;41;41;41m█[38;2;94;94;94m█[38;2;19;19;19m█[38;2;88;88;88m█[38;2;63;63;61m█[38;2;255;255;255m█[38;2;209;209;235m█[38;2;1;1;26m█[38;2;2;2;123m█[38;2;4;4;125m█[38;2;13;13;9m██[38;2;13;13;16m██
██[38;2;13;13;9m██[38;2;4;4;125m█[38;2;2;2;123m█[38;2;0;0;25m█[38;2;208;208;233m█[38;2;255;255;255m█[38;2;93;93;90m█[38;2;81;81;81m█[38;2;63;63;63m█[38;2;66;66;66m█[38;2;39;39;39m█[38;2;72;72;72m█[38;2;247;247;247m█[38;2;210;210;210m█[38;2;35;35;35m█[38;2;103;103;103m█[38;2;46;46;46m█[38;2;65;65;65m█[38;2;28;28;28m█[38;2;167;167;165m█[38;2;255;255;255m█[38;2;208;208;233m█[38;2;0;0;25m█[38;2;2;2;123m█[38;2;4;4;125m█[38;2;13;13;9m██[38;2;13;13;16m██
██[38;2;13;13;9m██[38;2;4;4;125m█[38;2;2;2;123m█[38;2;0;0;25m█[38;2;208;208;233m█[38;2;255;255;255m█[38;2;221;221;218m█[38;2;44;44;44m█[38;2;69;69;69m█[38;2;115;115;115m█[38;2;178;178;178m█[38;2;255;255;255m███[38;2;120;120;120m█[38;2;38;38;38m█[38;2;98;98;98m█[38;2;137;137;137m█[38;2;230;230;230m█[38;2;255;255;255m██[38;2;208;208;233m█[38;2;0;0;25m█[38;2;2;2;123m█[38;2;4;4;125m█[38;2;13;13;9m██[38;2;13;13;16m██
██[38;2;13;13;9m██[38;2;4;4;125m█[38;2;2;2;123m█[38;2;0;0;25m█[38;2;208;208;233m█[38;2;255;255;255m██[38;2;237;237;237m█[38;2;154;154;154m█[38;2;120;120;120m█[38;2;200;200;200m█[38;2;255;255;255m█[38;2;253;253;253m█[38;2;254;254;254m█[38;2;255;255;255m█[38;2;193;193;193m█[38;2;129;129;129m█[38;2;144;144;144m█[38;2;250;250;250m█[38;2;254;254;252m█[38;2;255;255;255m█[38;2;208;208;233m█[38;2;0;0;25m█[38;2;2;2;123m█[38;2;4;4;125m█[38;2;13;13;9m██[38;2;13;13;16m██
██[38;2;13;13;9m██[38;2;4;4;125m█[38;2;2;2;123m█[38;2;0;0;25m█[38;2;208;208;233m█[38;2;255;255;255m█[38;2;253;253;251m█[38;2;255;255;255m████[38;2;252;252;252m█[38;2;253;253;253m███[38;2;255;255;255m███[38;2;254;254;254m█[38;2;253;253;251m█[38;2;255;255;255m█[38;2;208;208;233m█[38;2;0;0;25m█[38;2;2;2;123m█[38;2;4;4;125m█[38;2;13;13;9m██[38;2;13;13;16m██
██[38;2;13;13;9m██[38;2;4;4;125m█[38;2;2;2;123m█[38;2;0;0;25m█[38;2;208;208;233m█[38;2;255;255;255m█[38;2;253;253;251m█[38;2;253;253;253m████████████[38;2;253;253;251m█[38;2;255;255;255m█[38;2;208;208;233m█[38;2;0;0;25m█[38;2;2;2;123m█[38;2;4;4;125m█[38;2;13;13;9m██[38;2;13;13;16m██
██[38;2;13;13;9m██[38;2;4;4;125m█[38;2;2;2;123m█[38;2;0;0;25m█[38;2;208;208;233m█[38;2;255;255;255m█[38;2;253;253;251m█[38;2;253;253;253m████████████[38;2;253;253;251m█[38;2;255;255;255m█[38;2;208;208;233m█[38;2;0;0;25m█[38;2;2;2;123m█[38;2;4;4;125m█[38;2;13;13;9m██[38;2;13;13;16m██
██[38;2;13;13;9m██[38;2;4;4;125m█[38;2;2;2;123m█[38;2;0;0;25m█[38;2;208;208;233m█[38;2;255;255;255m█[38;2;253;253;251m█[38;2;253;253;253m████████████[38;2;253;253;251m█[38;2;255;255;255m█[38;2;208;208;233m█[38;2;0;0;25m█[38;2;2;2;123m█[38;2;4;4;125m█[38;2;13;13;9m██[38;2;13;13;16m██
██[38;2;13;13;9m██[38;2;4;4;125m█[38;2;2;2;123m█[38;2;0;0;25m█[38;2;208;208;233m█[38;2;255;255;255m█[38;2;253;253;251m█[38;2;253;253;253m████████████[38;2;253;253;251m█[38;2;255;255;255m█[38;2;208;208;233m█[38;2;0;0;25m█[38;2;2;2;123m█[38;2;4;4;125m█[38;2;13;13;9m██[38;2;13;13;16m██
██[38;2;13;13;9m██[38;2;5;4;125m█[38;2;3;2;123m█[38;2;0;0;25m█[38;2;208;208;233m█[38;2;255;255;255m█[38;2;253;253;251m█[38;2;253;253;253m████████████[38;2;253;253;251m█[38;2;255;255;255m█[38;2;208;208;233m█[38;2;0;0;25m█[38;2;2;2;123m█[38;2;5;5;126m█[38;2;13;13;9m██[38;2;13;13;16m██
██[38;2;13;13;9m██[38;2;4;4;125m█[38;2;2;2;123m█[38;2;1;1;26m█[38;2;209;209;235m█[38;2;255;255;255m█[38;2;253;253;251m█[38;2;253;253;253m████████████[38;2;253;253;251m█[38;2;255;255;255m█[38;2;209;209;235m█[38;2;1;1;26m█[38;2;2;2;123m█[38;2;5;5;126m█[38;2;13;13;9m██[38;2;13;13;16m██
██[38;2;13;13;9m██[38;2;4;4;125m█[38;2;3;3;124m█[38;2;0;0;23m█[38;2;200;200;226m█[38;2;255;255;255m█[38;2;253;253;249m█[38;2;253;253;253m██[38;2;255;255;255m██[38;2;253;253;253m████[38;2;255;255;255m██[38;2;253;253;253m██[38;2;253;253;251m█[38;2;255;255;255m█[38;2;201;201;228m█[38;2;0;0;23m█[38;2;3;3;124m█[38;2;4;4;125m█[38;2;13;13;9m██[38;2;13;13;16m██
██[38;2;13;15;6m██[38;2;5;5;118m█[38;2;6;6;119m█[38;2;0;0;33m█[38;2;109;110;155m█[38;2;255;255;255m█[38;2;255;255;252m█[38;2;255;255;255m██[38;2;247;247;247m█[38;2;246;246;246m█[38;2;255;255;255m████[38;2;245;245;245m█[38;2;247;247;247m█[38;2;255;255;255m██[38;2;255;255;251m█[38;2;255;255;255m█[38;2;112;113;159m█[38;2;0;0;33m█[38;2;6;6;119m█[38;2;5;5;118m█[38;2;13;15;6m██[38;2;13;13;16m██
██[38;2;13;15;6m██[38;2;8;6;94m█[38;2;9;8;95m█[38;2;1;2;100m█[38;2;0;0;89m█[38;2;133;132;119m█[38;2;233;232;219m█[38;2;238;238;236m█[38;2;166;166;164m█[38;2;39;40;30m█[38;2;32;33;23m█[38;2;153;153;151m█[38;2;237;237;235m█[38;2;236;236;233m█[38;2;153;153;151m█[38;2;31;32;22m█[38;2;38;39;28m█[38;2;166;166;164m█[38;2;239;239;237m█[38;2;235;233;221m█[38;2;137;136;123m█[38;2;0;0;88m█[38;2;1;2;97m█[38;2;9;8;95m█[38;2;8;6;94m█[38;2;13;15;6m██[38;2;13;13;16m██
██[38;2;13;13;11m██[38;2;11;11;37m██[38;2;3;3;178m█[38;2;0;0;169m█[38;2;0;0;12m█[38;2;12;12;35m█[38;2;19;18;32m█[38;2;0;0;6m█[38;2;0;0;119m█[38;2;0;0;122m█[38;2;0;0;9m█[38;2;16;17;34m██[38;2;0;0;9m█[38;2;0;0;124m█[38;2;0;0;123m█[38;2;0;0;6m█[38;2;20;19;33m█[38;2;13;13;34m█[38;2;0;0;10m█[38;2;0;0;169m█[38;2;3;3;178m█[38;2;11;11;37m██[38;2;13;13;11m██[38;2;13;13;16m██
████[38;2;13;15;6m██[38;2;5;6;108m█[38;2;6;8;109m█[38;2;0;0;211m█[38;2;0;0;205m█[38;2;0;0;194m█[38;2;0;0;201m█[38;2;0;1;196m██[38;2;0;0;201m█[38;2;0;0;195m██[38;2;0;0;201m█[38;2;2;0;196m██[38;2;0;0;201m█[38;2;0;0;194m█[38;2;0;0;205m█[38;2;0;0;211m█[38;2;6;8;111m█[38;2;5;6;110m█[38;2;13;15;6m██[38;2;13;13;16m████
██████[38;2;13;13;11m██[38;2;8;8;83m█[38;2;9;9;84m█[38;2;9;8;90m█[38;2;8;6;89m█[38;2;13;13;17m██[38;2;8;8;84m█[38;2;9;9;86m██[38;2;8;8;84m█[38;2;13;13;17m██[38;2;8;6;89m█[38;2;9;8;90m█[38;2;9;9;84m█[38;2;8;8;83m█[38;2;13;13;11m██[38;2;13;13;16m██████
████████[38;2;13;15;6m████[38;2;13;13;13m██[38;2;13;15;6m████[38;2;13;13;13m██[38;2;13;15;6m████[38;2;13;13;16m████████
████████████████████████████████