[38;2;13;13;16m████████████████████████████████
████████████████████████████████
████████████████████████████████
████████████[38;2;13;15;6m████████[38;2;13;13;16m████████████
████████[38;2;13;13;13m██[38;2;13;13;9m██[38;2;8;8;81m█[38;2;9;9;82m█[38;2;3;3;165m████[38;2;9;9;82m█[38;2;8;8;81m█[38;2;13;13;9m██[38;2;13;13;13m██[38;2;13;13;16m████████
████████[38;2;13;15;6m██[38;2;4;4;127m█[38;2;5;5;129m█[38;2;0;0;208m█[38;2;0;0;202m█[38;2;0;0;124m█[38;2;0;0;120m█[38;2;0;0;123m█[38;2;0;0;126m█[38;2;0;0;202m█[38;2;0;0;209m█[38;2;5;5;129m█[38;2;4;4;127m█[38;2;13;15;6m██[38;2;13;13;16m████████
██████[38;2;13;15;4m██[38;2;8;6;94m█[38;2;9;8;95m█[38;2;2;1;183m█[38;2;0;0;169m█[38;2;0;0;6m█[38;2;12;13;31m█[38;2;56;55;42m█[38;2;81;80;67m██[38;2;55;54;41m█[38;2;12;13;31m█[38;2;0;0;6m█[38;2;0;0;169m█[38;2;2;1;183m█[38;2;9;8;95m█[38;2;8;6;94m█[38;2;13;15;4m██[38;2;13;13;16m██████
████[38;2;13;13;13m██[38;2;13;12;27m██[38;2;2;2;179m█[38;2;0;0;175m█[38;2;0;0;13m█[38;2;33;33;60m█[38;2;153;154;144m█[38;2;230;231;221m█[38;2;255;255;255m████[38;2;230;231;221m█[38;2;153;154;144m█[38;2;34;34;61m█[38;2;0;0;13m█[38;2;0;0;175m█[38;2;2;2;179m█[38;2;11;12;27m██[38;2;13;13;13m██[38;2;13;13;16m████
████[38;2;13;15;4m██[38;2;5;6;104m█[38;2;6;8;105m█[38;2;2;2;111m█[38;2;0;0;91m█[38;2;103;104;90m█[38;2;245;246;232m█[38;2;255;255;255m██[38;2;254;254;254m█[38;2;253;253;253m██[38;2;254;254;254m█[38;2;255;255;255m██[38;2;246;245;232m█[38;2;104;103;90m█[38;2;0;0;91m█[38;2;2;2;111m█[38;2;6;8;105m█[38;2;5;6;104m█[38;2;13;15;4m██[38;2;13;13;16m████
████[38;2;13;13;13m██[38;2;3;4;152m█[38;2;1;2;150m█[38;2;0;0;12m█[38;2;118;118;144m█[38;2;255;255;255m█[38;2;255;255;253m█[38;2;253;253;253m████████[38;2;255;255;253m█[38;2;255;255;255m█[38;2;118;118;144m█[38;2;0;0;12m█[38;2;1;2;147m█[38;2;3;4;150m█[38;2;13;13;13m██[38;2;13;13;16m████
██[38;2;13;13;11m██[38;2;11;10;42m██[38;2;5;4;139m█[38;2;0;0;117m█[38;2;76;77;69m█[38;2;255;255;253m█[38;2;255;255;255m█[38;2;253;253;253m██████████[38;2;255;255;255m█[38;2;255;255;253m█[38;2;75;76;68m█[38;2;0;0;117m█[38;2;5;4;139m█[38;2;11;10;42m██[38;2;13;13;11m██[38;2;13;13;16m██
██[38;2;13;15;6m██[38;2;8;8;79m█[38;2;9;9;80m█[38;2;1;2;100m█[38;2;0;0;96m█[38;2;215;216;204m█[38;2;255;255;251m█[38;2;253;253;253m████████████[38;2;255;255;251m█[38;2;214;215;203m█[38;2;0;0;94m█[38;2;1;2;97m█[38;2;9;9;80m█[38;2;8;8;79m█[38;2;13;15;6m██[38;2;13;13;16m██
██[38;2;13;15;6m██[38;2;5;6;104m█[38;2;6;8;105m█[38;2;0;0;54m█[38;2;77;77;141m█[38;2;255;255;255m█[38;2;253;254;246m█[38;2;253;253;253m████████████[38;2;253;254;246m█[38;2;255;255;255m█[38;2;77;77;141m█[38;2;0;0;54m█[38;2;6;8;105m█[38;2;5;6;104m█[38;2;13;15;6m██[38;2;13;13;16m██
██[38;2;13;15;6m██[38;2;5;5;118m█[38;2;6;6;119m█[38;2;0;0;27m█[38;2;153;155;195m█[38;2;255;255;255m█[38;2;253;253;249m█[38;2;253;253;253m████████████[38;2;253;253;249m█[38;2;255;255;255m█[38;2;153;155;195m█[38;2;0;0;27m█[38;2;6;6;119m█[38;2;5;5;118m█[38;2;13;15;6m██[38;2;13;13;16m██
██[38;2;13;13;9m██[38;2;5;5;123m█[38;2;4;4;122m█[38;2;0;0;24m█[38;2;195;195;224m█[38;2;255;255;255m█[38;2;255;255;251m█[38;2;255;255;255m█████[38;2;253;253;253m█[38;2;254;254;254m█[38;2;255;255;255m█████[38;2;254;254;250m█[38;2;255;255;255m█[38;2;196;196;225m█[38;2;0;0;24m█[38;2;3;4;122m█[38;2;4;5;123m█[38;2;13;13;9m██[38;2;13;13;16m██
██[38;2;13;13;9m██[38;2;4;4;125m█[38;2;2;2;123m█[38;2;0;0;25m█[38;2;207;207;232m█[38;2;255;255;255m█[38;2;238;238;236m█[38;2;200;200;200m█[38;2;201;201;201m██[38;2;198;198;198m█[38;2;224;224;224m█[38;2;255;255;255m█[38;2;252;252;252m█[38;2;210;210;210m█[38;2;201;201;201m█[38;2;202;202;202m█[38;2;201;201;201m█[38;2;205;205;205m█[38;2;249;249;246m█[38;2;255;255;255m█[38;2;208;208;233m█[38;2;0;0;25m█[38;2;2;2;123m█[38;2;5;5;126m█[38;2;13;13;9m██[38;2;13;13;16m██
██[38;2;13;13;9m██[38;2;4;4;125m█[38;2;2;2;123m█[38;2;0;0;26m█[38;2;207;207;233m█[38;2;255;255;255m█[38;2;91;91;89m█[38;2;0;0;0m████[38;2;25;25;25m█[38;2;252;252;252m█[38;2;186;186;186m█[38;2;0;0;0m█████[38;2;155;155;153m█[38;2;255;255;255m█[38;2;208;208;233m█[38;2;0;0;25m█[38;2;2;2;123m█[38;2;4;4;125m█[38;2;13;13;9m██[38;2;13;13;16m██
██[38;2;13;13;9m██[38;2;4;4;125m█[38;2;2;2;123m█[38;2;0;0;25m█[38;2;207;207;232m█[38;2;255;255;255m█[38;2;175;175;173m█[38;2;88;88;88m█[38;2;93;93;93m██[38;2;89;89;89m█[38;2;134;134;134m█[38;2;255;255;255m█[38;2;226;226;226m█[38;2;103;103;103m█[38;2;93;93;93m█[38;2;95;95;95m█[38;2;94;94;94m█[38;2;96;96;96m█[38;2;211;211;209m█[38;2;255;255;255m█[38;2;208;208;233m█[38;2;0;0;25m█[38;2;2;2;123m█[38;2;4;4;125m█[38;2;13;13;9m██[38;2;13;13;16m██
██[38;2;13;13;9m██[38;2;4;4;125m█[38;2;2;2;123m█[38;2;0;0;25m█[38;2;207;207;232m█[38;2;255;255;255m███████[38;2;253;253;253m█[38;2;255;255;255m████████[38;2;208;208;233m█[38;2;0;0;25m█[38;2;2;2;123m█[38;2;4;4;125m█[38;2;13;13;9m██[38;2;13;13;16m██
██[38;2;13;13;9m██[38;2;4;4;125m█[38;2;2;2;123m█[38;2;0;0;25m█[38;2;207;207;232m█[38;2;255;255;255m█[38;2;253;253;251m█[38;2;253;253;253m████████████[38;2;253;253;251m█[38;2;255;255;255m█[38;2;208;208;233m█[38;2;0;0;25m█[38;2;2;2;123m█[38;2;4;4;125m█[38;2;13;13;9m██[38;2;13;13;16m██
██[38;2;13;13;9m██[38;2;4;4;125m█[38;2;2;2;123m█[38;2;0;0;25m█[38;2;207;207;232m█[38;2;255;255;255m█[38;2;253;253;251m█[38;2;253;253;253m████████████[38;2;253;253;251m█[38;2;255;255;255m█[38;2;208;208;233m█[38;2;0;0;25m█[38;2;2;2;123m█[38;2;4;4;125m█[38;2;13;13;9m██[38;2;13;13;16m██
██[38;2;13;13;9m██[38;2;4;4;125m█[38;2;2;2;123m█[38;2;0;0;25m█[38;2;207;207;232m█[38;2;255;255;255m█[38;2;253;253;251m█[38;2;253;253;253m████████████[38;2;253;253;251m█[38;2;255;255;255m█[38;2;208;208;233m█[38;2;0;0;25m█[38;2;2;2;123m█[38;2;4;4;125m█[38;2;13;13;9m██[38;2;13;13;16m██
██[38;2;13;13;9m██[38;2;4;4;125m█[38;2;2;2;123m█[38;2;0;0;25m█[38;2;208;208;233m█[38;2;255;255;255m█[38;2;253;253;251m█[38;2;253;253;253m████████████[38;2;253;253;251m█[38;2;255;255;255m█[38;2;208;208;233m█[38;2;0;0;25m█[38;2;2;2;123m█[38;2;4;4;125m█[38;2;13;13;9m██[38;2;13;13;16m██
██[38;2;13;13;9m██[38;2;4;4;125m█[38;2;2;2;123m█[38;2;0;0;25m█[38;2;209;209;235m█[38;2;255;255;255m█[38;2;253;253;251m█[38;2;253;253;253m████████████[38;2;253;253;251m█[38;2;255;255;255m█[38;2;208;208;233m█[38;2;0;0;25m█[38;2;2;2;123m█[38;2;4;4;125m█[38;2;13;13;9m██[38;2;13;13;16m██
██[38;2;13;13;9m██[38;2;4;4;129m██[38;2;0;0;22m█[38;2;169;168;201m█[38;2;255;255;255m█[38;2;253;253;249m█[38;2;253;253;253m█[38;2;255;255;255m████[38;2;253;253;253m██[38;2;255;255;255m████[38;2;253;253;253m█[38;2;253;253;249m█[38;2;255;255;255m█[38;2;169;168;203m█[38;2;0;0;23m█[38;2;4;4;129m██[38;2;13;13;9m██[38;2;13;13;16m██
██[38;2;13;15;4m██[38;2;4;5;123m█[38;2;5;6;124m█[38;2;0;0;60m█[38;2;37;37;102m█[38;2;231;232;222m█[38;2;255;255;255m██[38;2;247;247;247m█[38;2;151;151;146m█[38;2;144;144;139m█[38;2;240;240;240m█[38;2;255;255;255m██[38;2;240;240;240m█[38;2;143;143;138m█[38;2;150;150;145m█[38;2;246;246;246m█[38;2;255;255;255m██[38;2;231;232;222m█[38;2;35;37;102m█[38;2;0;0;60m█[38;2;6;8;125m█[38;2;4;5;123m█[38;2;13;15;4m██[38;2;13;13;16m██
██[38;2;13;15;6m██[38;2;8;8;87m█[38;2;9;9;88m█[38;2;3;4;153m█[38;2;0;0;133m█[38;2;27;26;11m█[38;2;116;115;100m█[38;2;125;126;116m█[38;2;47;48;38m█[38;2;0;0;17m█[38;2;0;0;16m█[38;2;37;38;30m█[38;2;120;122;113m██[38;2;38;39;31m█[38;2;0;0;16m█[38;2;0;0;17m█[38;2;46;47;37m█[38;2;124;125;115m█[38;2;116;115;100m█[38;2;27;26;11m█[38;2;0;0;132m█[38;2;3;4;152m█[38;2;9;9;88m█[38;2;8;8;87m█[38;2;13;15;6m██[38;2;13;13;16m██
██[38;2;13;13;13m██[38;2;13;12;26m██[38;2;0;1;202m██[38;2;0;0;112m█[38;2;0;0;101m█[38;2;0;0;84m█[38;2;0;0;95m█[38;2;0;0;222m█[38;2;0;0;223m█[38;2;0;0;103m█[38;2;0;0;91m██[38;2;0;0;103m█[38;2;0;0;223m█[38;2;0;0;222m█[38;2;0;0;95m█[38;2;0;0;84m█[38;2;0;0;101m█[38;2;0;0;112m█[38;2;0;1;202m██[38;2;13;12;26m██[38;2;13;13;13m██[38;2;13;13;16m██
████[38;2;13;15;6m██[38;2;8;8;84m█[38;2;9;9;86m█[38;2;0;0;237m██[38;2;0;0;233m█[38;2;0;0;235m█[38;2;3;3;165m██[38;2;0;0;232m█[38;2;0;0;233m███[38;2;3;3;165m██[38;2;0;0;235m█[38;2;0;0;233m█[38;2;0;0;237m██[38;2;9;9;88m█[38;2;8;8;87m█[38;2;13;15;6m██[38;2;13;13;16m████
██████[38;2;13;13;9m██[38;2;9;11;53m██[38;2;9;10;60m██[38;2;13;13;9m██[38;2;9;10;58m████[38;2;13;13;9m██[38;2;9;10;60m██[38;2;9;11;53m██[38;2;13;13;9m██[38;2;13;13;16m██████
████████[38;2;13;13;9m████[38;2;13;13;16m██[38;2;13;13;9m████[38;2;13;13;16m██[38;2;13;13;9m████[38;2;13;13;16m████████
████████████████████████████████