[38;2;13;13;16m████████████████████████████████
████████████[38;2;13;13;9m██[38;2;13;15;4m████[38;2;13;13;11m██[38;2;13;13;16m████████████
██████████[38;2;13;15;6m██[38;2;9;11;51m██[38;2;6;6;119m██[38;2;6;8;111m██[38;2;11;11;37m██[38;2;13;15;6m██[38;2;13;13;16m██████████
████████[38;2;13;15;6m██[38;2;5;6;108m█[38;2;6;8;109m█[38;2;0;0;217m█[38;2;0;0;215m█[38;2;0;0;180m█[38;2;0;0;176m█[38;2;0;0;187m█[38;2;0;0;192m█[38;2;0;0;210m█[38;2;1;1;211m█[38;2;10;10;72m█[38;2;9;9;70m█[38;2;13;15;6m██[38;2;13;13;16m████████
██████[38;2;13;15;4m██[38;2;8;6;91m█[38;2;9;8;93m█[38;2;0;1;198m█[38;2;0;0;188m█[38;2;0;0;32m█[38;2;0;0;39m█[38;2;18;19;11m█[38;2;31;32;24m█[38;2;26;26;22m█[38;2;6;6;2m█[38;2;0;0;66m█[38;2;0;0;73m█[38;2;0;0;200m█[38;2;1;2;203m█[38;2;11;10;45m██[38;2;13;13;9m██[38;2;13;13;16m██████
████[38;2;13;13;11m██[38;2;11;11;32m██[38;2;2;1;186m█[38;2;0;0;182m█[38;2;0;0;19m█[38;2;22;20;53m█[38;2;122;123;111m█[38;2;198;200;188m█[38;2;235;235;235m█[38;2;245;245;245m█[38;2;240;240;238m█[38;2;218;218;216m█[38;2;160;159;144m█[38;2;60;59;44m█[38;2;0;0;73m█[38;2;0;0;84m█[38;2;4;5;159m█[38;2;3;4;158m█[38;2;13;13;9m██[38;2;13;13;16m██████
████[38;2;13;15;4m██[38;2;5;5;118m█[38;2;8;8;120m█[38;2;0;1;102m█[38;2;0;0;86m█[38;2;102;103;89m█[38;2;237;238;224m█[38;2;255;255;255m████████[38;2;161;162;154m█[38;2;12;13;5m█[38;2;0;0;144m█[38;2;4;4;161m█[38;2;10;11;59m█[38;2;9;10;58m█[38;2;13;13;9m██[38;2;13;13;16m████
██[38;2;13;13;13m██[38;2;13;13;19m██[38;2;3;4;158m█[38;2;0;0;153m█[38;2;0;0;5m█[38;2;141;140;154m█[38;2;255;255;255m██[38;2;253;253;253m███████[38;2;254;254;254m█[38;2;255;255;255m█[38;2;204;205;195m█[38;2;11;11;84m█[38;2;0;0;68m█[38;2;6;6;127m█[38;2;4;4;125m█[38;2;13;15;4m██[38;2;13;13;16m████
██[38;2;13;13;9m██[38;2;9;10;61m██[38;2;5;5;130m█[38;2;0;0;104m█[38;2;116;117;105m█[38;2;255;255;255m█[38;2;254;254;254m█[38;2;253;253;253m█████████[38;2;253;253;251m█[38;2;255;255;255m█[38;2;181;182;196m█[38;2;0;0;10m█[38;2;0;0;145m█[38;2;3;4;150m█[38;2;13;13;17m██[38;2;13;13;16m████
██[38;2;13;15;6m██[38;2;8;5;102m█[38;2;9;6;103m█[38;2;0;0;70m█[38;2;33;33;109m█[38;2;247;249;238m█[38;2;255;255;249m█[38;2;255;255;255m█[38;2;253;253;253m███████████[38;2;255;255;255m█[38;2;98;100;91m█[38;2;0;0;111m█[38;2;5;5;134m█[38;2;11;10;42m██[38;2;13;13;11m██[38;2;13;13;16m██
██[38;2;13;15;6m██[38;2;5;4;125m█[38;2;6;5;126m█[38;2;0;0;26m█[38;2;148;147;187m█[38;2;255;255;255m█[38;2;254;254;250m█[38;2;238;238;238m█[38;2;255;255;255m██[38;2;253;253;253m█████████[38;2;255;255;251m█[38;2;210;211;200m█[38;2;0;0;97m█[38;2;2;3;104m█[38;2;10;10;72m█[38;2;9;9;70m█[38;2;13;13;9m██[38;2;13;13;16m██
██[38;2;13;13;13m██[38;2;5;5;134m█[38;2;0;0;129m█[38;2;8;9;26m█[38;2;222;223;240m█[38;2;255;255;255m█[38;2;181;181;179m█[38;2;8;8;8m█[38;2;101;101;101m█[38;2;229;229;229m█[38;2;255;255;255m██[38;2;253;253;253m█[38;2;254;254;254m█[38;2;255;255;255m█████[38;2;255;255;246m██[38;2;46;46;123m█[38;2;0;0;70m█[38;2;9;8;90m█[38;2;8;6;89m█[38;2;13;15;6m██[38;2;13;13;16m██
██[38;2;13;13;17m██[38;2;5;5;134m█[38;2;0;0;122m█[38;2;42;41;51m█[38;2;251;250;255m█[38;2;255;255;255m█[38;2;208;208;205m█[38;2;30;30;30m█[38;2;0;0;0m█[38;2;17;17;17m█[38;2;141;141;141m█[38;2;247;247;247m█[38;2;255;255;255m█[38;2;250;250;250m█[38;2;216;216;216m█[38;2;212;212;212m███[38;2;214;214;214m█[38;2;246;247;239m█[38;2;255;255;255m█[38;2;95;95;157m█[38;2;0;0;49m█[38;2;6;8;103m█[38;2;5;6;102m█[38;2;13;15;6m██[38;2;13;13;16m██
██[38;2;13;13;19m██[38;2;5;5;132m█[38;2;0;0;117m█[38;2;59;59;62m█[38;2;255;255;255m█[38;2;253;253;253m█[38;2;255;255;255m██[38;2;113;113;113m█[38;2;0;0;0m██[38;2;100;100;100m█[38;2;255;255;255m█[38;2;151;151;151m█[38;2;0;0;0m█████[38;2;117;118;110m█[38;2;255;255;255m█[38;2;117;118;172m█[38;2;0;0;41m█[38;2;6;8;108m█[38;2;5;6;107m█[38;2;13;15;6m██[38;2;13;13;16m██
██[38;2;13;13;19m██[38;2;5;5;132m█[38;2;0;0;117m█[38;2;59;59;62m█[38;2;255;255;255m█[38;2;254;254;254m█[38;2;253;253;253m█[38;2;167;167;167m█[38;2;40;40;40m█[38;2;0;0;0m█[38;2;17;17;17m█[38;2;167;167;167m█[38;2;255;255;255m█[38;2;201;201;201m█[38;2;79;79;79m██[38;2;80;80;80m██[38;2;75;75;75m█[38;2;179;180;172m█[38;2;255;255;255m█[38;2;120;122;175m█[38;2;0;0;41m█[38;2;6;8;108m█[38;2;5;6;107m█[38;2;13;15;6m██[38;2;13;13;16m██
██[38;2;13;13;19m██[38;2;5;5;132m█[38;2;0;0;117m█[38;2;56;56;60m█[38;2;255;255;255m██[38;2;175;175;175m█[38;2;0;0;0m██[38;2;107;107;107m█[38;2;232;232;232m█[38;2;255;255;255m█[38;2;252;252;252m█[38;2;255;255;255m██████[38;2;255;255;253m█[38;2;255;255;255m█[38;2;123;124;175m█[38;2;0;0;39m█[38;2;8;9;109m█[38;2;5;6;107m█[38;2;13;15;6m██[38;2;13;13;16m██
██[38;2;13;13;19m██[38;2;5;5;132m█[38;2;0;0;117m█[38;2;54;54;60m█[38;2;255;255;255m██[38;2;225;225;225m█[38;2;116;116;116m█[38;2;198;198;198m█[38;2;255;255;255m██[38;2;253;253;253m████████[38;2;253;254;246m█[38;2;255;255;255m█[38;2;125;126;178m█[38;2;0;0;38m█[38;2;6;8;109m█[38;2;5;6;108m█[38;2;13;15;6m██[38;2;13;13;16m██
██[38;2;13;13;17m██[38;2;5;5;132m█[38;2;0;0;118m█[38;2;51;51;56m█[38;2;254;254;255m█[38;2;254;254;254m█[38;2;255;255;255m███[38;2;253;253;253m██████████[38;2;253;254;246m█[38;2;255;255;255m█[38;2;130;131;181m█[38;2;0;0;37m█[38;2;6;8;109m█[38;2;5;6;108m█[38;2;13;15;6m██[38;2;13;13;16m██
██[38;2;13;13;17m██[38;2;5;5;132m█[38;2;0;0;119m█[38;2;46;45;54m█[38;2;252;251;255m█[38;2;254;254;252m█[38;2;253;253;251m█[38;2;253;253;253m████████████[38;2;253;254;246m█[38;2;255;255;255m█[38;2;137;138;186m█[38;2;0;0;34m█[38;2;6;8;111m█[38;2;5;6;110m█[38;2;13;15;6m██[38;2;13;13;16m██
██[38;2;13;13;17m██[38;2;5;5;132m█[38;2;0;0;120m█[38;2;40;39;48m█[38;2;250;249;255m█[38;2;255;255;253m█[38;2;253;253;251m█[38;2;253;253;253m████████████[38;2;253;254;246m█[38;2;255;255;255m█[38;2;144;145;190m█[38;2;0;0;32m█[38;2;6;6;113m█[38;2;5;5;112m█[38;2;13;15;6m██[38;2;13;13;16m██
████[38;2;5;5;132m█[38;2;0;0;122m█[38;2;34;33;45m█[38;2;246;245;255m█[38;2;255;255;253m█[38;2;253;253;251m█[38;2;253;253;253m████████████[38;2;253;253;249m█[38;2;255;255;255m█[38;2;152;154;196m█[38;2;0;0;30m█[38;2;6;6;116m█[38;2;5;5;115m█[38;2;13;15;6m██[38;2;13;13;16m██
██[38;2;13;13;13m██[38;2;5;5;132m█[38;2;0;0;123m█[38;2;26;27;41m█[38;2;239;240;254m█[38;2;255;255;253m█[38;2;253;253;251m█[38;2;253;253;253m████████████[38;2;253;253;249m█[38;2;255;255;255m█[38;2;160;162;202m█[38;2;0;0;28m█[38;2;6;6;118m█[38;2;5;5;117m█[38;2;13;15;6m██[38;2;13;13;16m██
██[38;2;13;13;13m██[38;2;5;5;130m█[38;2;0;0;122m█[38;2;20;22;37m█[38;2;235;236;251m█[38;2;255;255;254m█[38;2;253;253;251m█[38;2;253;253;253m████████████[38;2;253;253;249m█[38;2;255;255;255m█[38;2;172;171;210m█[38;2;0;0;28m█[38;2;5;5;118m██[38;2;13;15;6m██[38;2;13;13;16m██
██[38;2;13;13;13m██[38;2;5;5;130m█[38;2;0;0;123m█[38;2;16;17;32m█[38;2;232;233;249m█[38;2;255;255;254m█[38;2;253;253;251m█[38;2;253;253;253m████████████[38;2;253;253;249m█[38;2;255;255;255m█[38;2;181;180;215m█[38;2;0;0;25m█[38;2;5;5;118m██[38;2;13;15;6m██[38;2;13;13;16m██
██[38;2;13;13;11m██[38;2;5;5;130m█[38;2;2;2;126m█[38;2;1;1;24m█[38;2;211;211;235m█[38;2;255;255;255m█[38;2;253;253;251m█[38;2;253;253;253m██[38;2;255;255;255m███[38;2;253;253;253m███[38;2;255;255;255m██[38;2;254;254;254m█[38;2;253;253;253m█[38;2;253;253;249m█[38;2;255;255;255m█[38;2;167;166;203m█[38;2;0;0;25m█[38;2;5;5;118m██[38;2;13;15;6m██[38;2;13;13;16m██
██[38;2;13;15;6m██[38;2;5;5;120m█[38;2;6;6;122m█[38;2;0;0;38m█[38;2;87;88;136m█[38;2;252;253;245m█[38;2;255;255;255m███[38;2;230;230;228m█[38;2;197;197;195m█[38;2;250;250;250m█[38;2;255;255;255m███[38;2;223;223;221m█[38;2;197;197;195m█[38;2;253;253;253m█[38;2;255;255;255m██[38;2;255;255;250m█[38;2;60;60;119m█[38;2;0;0;51m█[38;2;6;8;111m█[38;2;5;6;110m█[38;2;13;15;6m██[38;2;13;13;16m██
██[38;2;13;15;6m██[38;2;8;8;84m█[38;2;9;9;86m█[38;2;4;4;119m█[38;2;0;0;98m█[38;2;47;46;31m█[38;2;166;165;150m█[38;2;200;201;193m█[38;2;143;144;136m█[38;2;23;23;25m█[38;2;0;0;0m█[38;2;58;58;53m█[38;2;172;172;167m█[38;2;198;200;192m█[38;2;131;132;124m█[38;2;15;15;17m█[38;2;0;0;0m█[38;2;68;69;61m█[38;2;179;180;172m█[38;2;185;183;168m█[38;2;72;70;55m█[38;2;0;0;104m█[38;2;5;4;125m█[38;2;10;10;77m█[38;2;9;9;76m█[38;2;13;13;9m██[38;2;13;13;16m██
██[38;2;13;13;13m██[38;2;13;12;24m██[38;2;2;1;189m█[38;2;1;0;188m█[38;2;0;0;81m█[38;2;0;0;73m█[38;2;0;0;25m█[38;2;0;0;19m█[38;2;0;0;167m█[38;2;0;0;176m█[38;2;0;0;70m█[38;2;0;0;65m█[38;2;0;0;30m█[38;2;0;0;25m█[38;2;0;0;172m█[38;2;0;0;179m█[38;2;0;0;63m█[38;2;0;0;60m█[38;2;0;0;53m█[38;2;0;0;55m█[38;2;1;0;174m█[38;2;3;2;176m█[38;2;13;12;22m██[38;2;13;13;13m██[38;2;13;13;16m██
████[38;2;13;13;9m██[38;2;9;10;61m█[38;2;10;11;62m█[38;2;0;1;202m█[38;2;0;0;201m█[38;2;0;0;217m█[38;2;0;0;219m█[38;2;5;3;150m██[38;2;0;1;198m█[38;2;0;0;197m█[38;2;0;0;215m█[38;2;0;0;217m█[38;2;5;4;145m██[38;2;0;1;202m█[38;2;0;0;201m█[38;2;0;0;214m█[38;2;0;0;215m█[38;2;10;10;72m█[38;2;9;9;70m█[38;2;13;15;6m██[38;2;13;13;16m████
██████[38;2;13;13;9m██[38;2;11;12;30m██[38;2;11;10;49m██[38;2;13;15;6m██[38;2;11;11;32m██[38;2;11;10;47m██[38;2;13;15;6m██[38;2;11;11;34m██[38;2;11;11;38m██[38;2;13;13;9m██[38;2;13;13;16m██████
████████[38;2;13;13;13m██[38;2;13;13;11m██[38;2;13;13;16m██[38;2;13;13;11m████[38;2;13;13;16m██[38;2;13;13;11m████[38;2;13;13;16m████████
████████████████████████████████