[38;2;13;13;16m████████████████████████████████
████████████[38;2;13;13;9m██[38;2;13;15;4m████[38;2;13;13;9m██[38;2;13;13;16m████████████
██████████[38;2;13;15;6m██[38;2;11;10;53m█[38;2;12;11;54m█[38;2;5;5;132m████[38;2;10;12;54m█[38;2;9;11;53m█[38;2;13;15;6m██[38;2;13;13;16m██████████
████████[38;2;13;15;4m██[38;2;8;6;100m█[38;2;9;8;101m█[38;2;0;0;215m█[38;2;0;0;211m█[38;2;0;0;164m█[38;2;0;0;160m██[38;2;0;0;164m█[38;2;0;0;211m█[38;2;0;0;215m█[38;2;9;8;101m█[38;2;8;6;100m█[38;2;13;15;6m██[38;2;13;13;16m████████
██████[38;2;13;15;6m██[38;2;9;9;74m█[38;2;10;10;75m█[38;2;2;0;196m█[38;2;0;0;188m█[38;2;0;0;30m█[38;2;0;0;39m█[38;2;26;27;16m█[38;2;47;48;37m██[38;2;26;27;16m█[38;2;0;0;38m█[38;2;0;0;30m█[38;2;0;0;188m█[38;2;3;1;197m█[38;2;9;10;75m█[38;2;8;9;74m█[38;2;13;15;6m██[38;2;13;13;16m██████
████[38;2;13;13;13m██[38;2;13;13;19m██[38;2;2;2;176m█[38;2;1;1;175m█[38;2;0;0;34m█[38;2;9;10;55m█[38;2;115;116;104m█[38;2;202;203;192m█[38;2;242;242;242m█[38;2;253;253;253m██[38;2;242;242;242m█[38;2;202;203;192m█[38;2;115;116;104m█[38;2;9;10;55m█[38;2;0;0;34m█[38;2;2;1;175m█[38;2;3;2;176m█[38;2;13;13;19m██[38;2;13;13;13m██[38;2;13;13;16m████
████[38;2;13;15;6m██[38;2;8;6;91m█[38;2;9;8;93m█[38;2;3;3;126m█[38;2;0;0;103m█[38;2;72;70;58m█[38;2;225;224;211m█[38;2;255;255;255m███[38;2;254;254;254m██[38;2;255;255;255m███[38;2;224;225;211m█[38;2;70;72;58m█[38;2;0;0;103m█[38;2;3;3;126m█[38;2;9;8;93m█[38;2;8;6;91m█[38;2;13;15;6m██[38;2;13;13;16m████
████[38;2;13;13;11m██[38;2;2;3;148m██[38;2;0;0;20m█[38;2;88;87;122m█[38;2;255;255;251m█[38;2;255;255;255m█[38;2;253;253;253m████████[38;2;255;255;255m█[38;2;255;255;251m█[38;2;88;87;122m█[38;2;0;0;20m█[38;2;4;3;146m█[38;2;5;4;147m█[38;2;13;13;11m██[38;2;13;13;16m████
██[38;2;13;13;13m██[38;2;11;11;38m██[38;2;6;5;144m█[38;2;0;0;124m█[38;2;53;53;48m█[38;2;251;251;246m█[38;2;255;255;255m█[38;2;253;253;253m██████████[38;2;255;255;255m█[38;2;251;251;246m█[38;2;53;53;48m█[38;2;0;0;124m█[38;2;6;5;144m█[38;2;11;11;38m██[38;2;13;13;13m██[38;2;13;13;16m██
██[38;2;13;13;9m██[38;2;9;9;74m█[38;2;10;10;75m█[38;2;2;3;104m█[38;2;0;0;94m█[38;2;198;200;188m█[38;2;255;255;254m█[38;2;255;255;255m█[38;2;254;254;254m█[38;2;253;253;253m██████████[38;2;255;255;253m█[38;2;198;200;188m█[38;2;0;0;93m█[38;2;2;3;104m█[38;2;10;10;75m█[38;2;9;9;74m█[38;2;13;13;9m██[38;2;13;13;16m██
██[38;2;13;15;6m██[38;2;5;6;102m█[38;2;6;8;103m█[38;2;0;0;59m█[38;2;65;65;132m█[38;2;255;255;252m█[38;2;252;253;243m█[38;2;223;223;223m█[38;2;255;255;255m██[38;2;253;253;253m█████████[38;2;254;255;245m█[38;2;255;255;252m█[38;2;63;65;132m█[38;2;0;0;59m█[38;2;6;8;103m█[38;2;5;6;102m█[38;2;13;15;6m██[38;2;13;13;16m██
██[38;2;13;15;6m██[38;2;5;5;117m█[38;2;6;6;118m█[38;2;0;0;30m█[38;2;144;146;188m█[38;2;255;255;255m█[38;2;173;173;168m█[38;2;0;0;0m█[38;2;79;79;79m█[38;2;214;214;214m█[38;2;255;255;255m██[38;2;252;252;252m█[38;2;254;254;254m█[38;2;255;255;255m█████[38;2;255;255;251m█[38;2;255;255;255m█[38;2;144;146;188m█[38;2;0;0;30m█[38;2;6;6;118m█[38;2;5;5;117m█[38;2;13;15;6m██[38;2;13;13;16m██
██[38;2;13;13;9m██[38;2;5;5;123m█[38;2;4;4;122m█[38;2;0;0;25m█[38;2;192;190;223m█[38;2;255;255;255m█[38;2;217;217;212m█[38;2;51;51;51m█[38;2;0;0;0m█[38;2;5;5;5m█[38;2;118;118;118m█[38;2;238;238;238m█[38;2;255;255;255m█[38;2;245;245;245m█[38;2;197;197;197m█[38;2;193;193;193m█[38;2;194;194;194m█[38;2;193;193;193m█[38;2;194;194;194m█[38;2;239;239;235m█[38;2;255;255;255m█[38;2;192;192;221m█[38;2;0;0;23m█[38;2;3;4;122m█[38;2;4;5;123m█[38;2;13;13;9m██[38;2;13;13;16m██
██[38;2;13;13;9m██[38;2;5;5;126m█[38;2;2;2;123m█[38;2;0;0;25m█[38;2;207;207;232m█[38;2;255;255;255m███[38;2;122;122;122m█[38;2;0;0;0m██[38;2;91;91;91m█[38;2;255;255;255m█[38;2;143;143;143m█[38;2;0;0;0m█████[38;2;111;111;109m█[38;2;255;255;255m█[38;2;207;207;232m█[38;2;0;0;25m█[38;2;2;2;123m█[38;2;4;4;125m█[38;2;13;13;9m██[38;2;13;13;16m██
██[38;2;13;13;9m██[38;2;5;5;126m█[38;2;2;2;123m█[38;2;0;0;25m█[38;2;208;208;233m█[38;2;255;255;255m█[38;2;247;247;245m█[38;2;140;140;140m█[38;2;22;22;22m█[38;2;0;0;0m█[38;2;35;35;35m█[38;2;187;187;187m█[38;2;255;255;255m█[38;2;211;211;211m█[38;2;105;105;105m█[38;2;104;104;104m███[38;2;102;102;102m█[38;2;195;195;193m█[38;2;255;255;255m█[38;2;208;208;233m█[38;2;0;0;25m█[38;2;2;2;123m█[38;2;4;4;125m█[38;2;13;13;9m██[38;2;13;13;16m██
██[38;2;13;13;9m██[38;2;5;5;126m█[38;2;2;2;123m█[38;2;0;0;25m█[38;2;208;208;233m█[38;2;255;255;255m█[38;2;166;166;164m█[38;2;0;0;0m█[38;2;9;9;9m█[38;2;133;133;133m█[38;2;246;246;246m█[38;2;255;255;255m█[38;2;252;252;252m█[38;2;255;255;255m████████[38;2;208;208;233m█[38;2;0;0;25m█[38;2;2;2;123m█[38;2;4;4;125m█[38;2;13;13;9m██[38;2;13;13;16m██
██[38;2;13;13;9m██[38;2;5;5;126m█[38;2;2;2;123m█[38;2;0;0;25m█[38;2;208;208;233m█[38;2;255;255;255m█[38;2;230;230;228m█[38;2;141;141;141m█[38;2;219;219;219m█[38;2;255;255;255m██[38;2;253;253;253m████████[38;2;253;253;251m█[38;2;255;255;255m█[38;2;208;208;233m█[38;2;0;0;25m█[38;2;2;2;123m█[38;2;4;4;125m█[38;2;13;13;9m██[38;2;13;13;16m██
██[38;2;13;13;9m██[38;2;5;5;126m█[38;2;2;2;123m█[38;2;0;0;25m█[38;2;208;208;233m█[38;2;255;255;255m█[38;2;255;255;254m█[38;2;255;255;255m██[38;2;253;253;253m██████████[38;2;253;253;251m█[38;2;255;255;255m█[38;2;208;208;233m█[38;2;0;0;25m█[38;2;2;2;123m█[38;2;4;4;125m█[38;2;13;13;9m██[38;2;13;13;16m██
██[38;2;13;13;9m██[38;2;5;5;126m█[38;2;2;2;123m█[38;2;0;0;25m█[38;2;208;208;233m█[38;2;255;255;255m█[38;2;253;253;251m█[38;2;253;253;253m████████████[38;2;253;253;251m█[38;2;255;255;255m█[38;2;208;208;233m█[38;2;0;0;25m█[38;2;2;2;123m█[38;2;4;4;125m█[38;2;13;13;9m██[38;2;13;13;16m██
██[38;2;13;13;9m██[38;2;5;5;126m█[38;2;2;2;123m█[38;2;0;0;25m█[38;2;208;208;233m█[38;2;255;255;255m█[38;2;253;253;251m█[38;2;253;253;253m████████████[38;2;253;253;251m█[38;2;255;255;255m█[38;2;208;208;233m█[38;2;0;0;25m█[38;2;2;2;123m█[38;2;4;4;125m█[38;2;13;13;9m██[38;2;13;13;16m██
██[38;2;13;13;9m██[38;2;5;5;126m█[38;2;2;2;123m█[38;2;0;0;25m█[38;2;208;208;233m█[38;2;255;255;255m█[38;2;253;253;251m█[38;2;253;253;253m████████████[38;2;253;253;251m█[38;2;255;255;255m█[38;2;208;208;233m█[38;2;0;0;25m█[38;2;2;2;123m█[38;2;5;5;126m█[38;2;13;13;9m██[38;2;13;13;16m██
██[38;2;13;13;9m██[38;2;5;5;126m█[38;2;2;2;123m█[38;2;0;0;25m█[38;2;208;208;233m█[38;2;255;255;255m█[38;2;253;253;251m█[38;2;253;253;253m████████████[38;2;253;253;251m█[38;2;255;255;255m█[38;2;208;208;233m█[38;2;0;0;25m█[38;2;2;2;123m█[38;2;4;4;125m█[38;2;13;13;9m██[38;2;13;13;16m██
██[38;2;13;13;9m██[38;2;5;5;126m█[38;2;2;2;123m█[38;2;0;0;25m█[38;2;208;208;233m█[38;2;255;255;255m█[38;2;253;253;251m█[38;2;253;253;253m████████████[38;2;253;253;251m█[38;2;255;255;255m█[38;2;208;208;233m█[38;2;0;0;25m█[38;2;2;2;123m█[38;2;4;4;125m█[38;2;13;13;9m██[38;2;13;13;16m██
██[38;2;13;13;9m██[38;2;6;5;126m█[38;2;3;2;123m█[38;2;1;1;26m█[38;2;209;209;235m█[38;2;255;255;255m█[38;2;253;253;251m█[38;2;253;253;253m████████████[38;2;253;253;251m█[38;2;255;255;255m█[38;2;209;209;235m█[38;2;1;1;26m█[38;2;2;2;123m█[38;2;4;4;125m█[38;2;13;13;9m██[38;2;13;13;16m██
██[38;2;13;13;9m██[38;2;4;4;125m█[38;2;3;3;124m█[38;2;0;0;22m█[38;2;198;198;225m█[38;2;255;255;255m█[38;2;253;253;249m█[38;2;253;253;253m██[38;2;255;255;255m██[38;2;253;253;253m████[38;2;255;255;255m██[38;2;253;253;253m██[38;2;253;253;249m█[38;2;255;255;255m█[38;2;200;200;226m█[38;2;0;0;23m█[38;2;3;3;124m█[38;2;4;4;125m█[38;2;13;13;9m██[38;2;13;13;16m██
██[38;2;13;15;6m██[38;2;5;5;118m█[38;2;6;6;119m█[38;2;0;0;37m█[38;2;104;105;153m█[38;2;255;255;255m█[38;2;255;255;252m█[38;2;255;255;255m██[38;2;244;244;244m█[38;2;242;242;242m█[38;2;255;255;255m████[38;2;240;240;240m█[38;2;243;243;243m█[38;2;255;255;255m██[38;2;255;255;252m█[38;2;255;255;255m█[38;2;108;109;154m█[38;2;0;0;33m█[38;2;6;6;119m█[38;2;5;5;118m█[38;2;13;15;6m██[38;2;13;13;16m██
██[38;2;13;15;6m██[38;2;8;6;89m█[38;2;9;8;90m█[38;2;2;3;103m█[38;2;0;0;90m█[38;2;124;123;110m█[38;2;228;226;214m█[38;2;232;232;230m█[38;2;157;157;154m█[38;2;32;33;25m█[38;2;25;26;18m█[38;2;144;144;139m█[38;2;230;230;225m██[38;2;144;144;139m█[38;2;25;26;18m█[38;2;31;32;24m█[38;2;157;157;154m█[38;2;233;233;231m█[38;2;229;228;215m█[38;2;127;126;113m█[38;2;0;0;90m█[38;2;1;2;102m█[38;2;9;8;93m█[38;2;8;6;91m█[38;2;13;15;6m██[38;2;13;13;16m██
██[38;2;13;13;13m██[38;2;11;11;32m██[38;2;3;3;178m█[38;2;0;0;171m█[38;2;0;0;18m█[38;2;8;8;37m█[38;2;12;13;31m█[38;2;0;0;9m█[38;2;0;0;130m█[38;2;0;0;131m█[38;2;0;0;12m█[38;2;10;10;33m██[38;2;0;0;12m█[38;2;0;0;131m█[38;2;0;0;130m█[38;2;0;0;9m█[38;2;12;13;31m█[38;2;8;8;34m█[38;2;0;0;16m█[38;2;0;0;171m█[38;2;3;3;178m█[38;2;11;11;34m██[38;2;13;13;13m██[38;2;13;13;16m██
████[38;2;13;15;6m██[38;2;5;8;100m█[38;2;6;9;101m█[38;2;0;0;212m█[38;2;0;0;207m█[38;2;0;0;197m█[38;2;0;0;203m█[38;2;2;1;186m██[38;2;0;0;203m█[38;2;0;0;198m██[38;2;0;0;203m█[38;2;2;1;186m██[38;2;0;0;203m█[38;2;0;0;197m█[38;2;0;0;207m█[38;2;0;0;212m█[38;2;6;8;103m█[38;2;5;6;102m█[38;2;13;15;6m██[38;2;13;13;16m████
██████[38;2;13;13;11m██[38;2;9;9;73m█[38;2;10;10;74m█[38;2;10;9;80m█[38;2;9;8;79m█[38;2;13;13;13m██[38;2;9;9;74m█[38;2;10;10;75m██[38;2;9;9;74m█[38;2;13;13;13m██[38;2;9;8;79m█[38;2;10;9;80m█[38;2;10;10;74m█[38;2;9;9;73m█[38;2;13;13;11m██[38;2;13;13;16m██████
████████[38;2;13;13;9m██[38;2;13;15;6m██[38;2;13;13;13m██[38;2;13;15;6m████[38;2;13;13;13m██[38;2;13;15;6m██[38;2;13;13;9m██[38;2;13;13;16m████████
████████████████████████████████