[38;2;13;13;16m██████████████[38;2;13;13;13m████[38;2;13;13;16m██████████████
██████████[38;2;13;13;13m██[38;2;13;15;6m██[38;2;13;13;16m████[38;2;13;15;6m██[38;2;13;13;13m██[38;2;13;13;16m██████████
████████[38;2;13;13;11m██[38;2;13;13;16m██[38;2;6;6;122m██[38;2;2;0;200m██[38;2;0;1;200m██[38;2;6;6;122m██[38;2;13;13;16m██[38;2;13;13;11m██[38;2;13;13;16m████████
██████[38;2;13;13;13m████[38;2;3;3;162m█[38;2;4;4;164m█[38;2;0;0;182m█[38;2;0;0;172m█[38;2;0;0;73m█[38;2;0;0;70m██[38;2;0;0;73m█[38;2;0;0;173m█[38;2;0;0;183m█[38;2;4;4;164m█[38;2;3;3;162m█[38;2;13;13;13m████[38;2;13;13;16m██████
██████[38;2;13;15;4m██[38;2;5;5;118m█[38;2;8;8;120m█[38;2;1;2;155m█[38;2;0;0;137m█[38;2;0;0;0m█[38;2;47;47;45m█[38;2;100;101;89m█[38;2;129;130;118m██[38;2;100;101;89m█[38;2;47;47;45m█[38;2;0;0;0m█[38;2;0;0;137m█[38;2;1;2;155m█[38;2;8;8;120m█[38;2;5;5;118m█[38;2;13;15;4m██[38;2;13;13;16m██████
████[38;2;13;13;11m██[38;2;11;11;40m██[38;2;4;3;176m█[38;2;0;0;167m█[38;2;0;0;0m█[38;2;75;74;83m█[38;2;198;198;194m█[38;2;254;254;250m█[38;2;255;255;255m████[38;2;253;253;249m█[38;2;197;197;193m█[38;2;75;74;83m█[38;2;0;0;0m█[38;2;0;0;167m█[38;2;3;3;176m█[38;2;11;11;40m██[38;2;13;13;11m██[38;2;13;13;16m████
████[38;2;13;15;4m██[38;2;5;5;117m█[38;2;8;8;119m█[38;2;0;0;87m█[38;2;0;0;80m█[38;2;148;150;138m█[38;2;255;255;252m█[38;2;255;255;255m█[38;2;254;254;254m█[38;2;253;253;253m████[38;2;254;254;254m█[38;2;255;255;255m█[38;2;255;255;252m█[38;2;148;150;138m█[38;2;0;0;80m█[38;2;0;0;87m█[38;2;8;8;119m█[38;2;5;5;117m█[38;2;13;15;4m██[38;2;13;13;16m████
████[38;2;13;13;17m██[38;2;3;4;152m█[38;2;0;0;147m█[38;2;0;0;8m█[38;2;158;159;174m█[38;2;255;255;255m█[38;2;254;254;252m█[38;2;253;253;253m████████[38;2;254;254;252m█[38;2;255;255;255m█[38;2;157;158;173m█[38;2;0;0;8m█[38;2;0;0;147m█[38;2;3;4;152m█[38;2;13;13;17m██[38;2;13;13;16m████
██[38;2;13;13;11m██[38;2;11;10;51m██[38;2;5;5;132m█[38;2;0;0;108m█[38;2;105;107;96m█[38;2;255;255;255m█[38;2;254;254;254m█[38;2;253;253;253m██████████[38;2;254;254;254m█[38;2;255;255;255m█[38;2;105;107;96m█[38;2;0;0;108m█[38;2;5;5;132m█[38;2;11;10;51m██[38;2;13;13;11m██[38;2;13;13;16m██
██[38;2;13;15;6m██[38;2;8;8;84m█[38;2;9;9;86m█[38;2;1;0;88m█[38;2;11;10;98m█[38;2;231;232;222m█[38;2;255;255;252m█[38;2;255;255;255m██[38;2;253;253;253m██████████[38;2;255;255;250m█[38;2;231;232;222m█[38;2;11;10;98m█[38;2;1;0;88m█[38;2;9;9;86m█[38;2;8;8;84m█[38;2;13;15;6m██[38;2;13;13;16m██
██[38;2;13;15;6m██[38;2;5;6;108m█[38;2;6;8;109m█[38;2;0;0;45m█[38;2;94;94;151m█[38;2;255;255;255m█[38;2;231;232;224m█[38;2;145;145;145m█[38;2;222;222;222m█[38;2;255;255;255m██[38;2;253;253;253m████████[38;2;253;254;246m█[38;2;255;255;255m█[38;2;94;94;151m█[38;2;0;0;45m█[38;2;6;8;109m█[38;2;5;6;108m█[38;2;13;15;6m██[38;2;13;13;16m██
██[38;2;13;15;6m██[38;2;5;5;118m██[38;2;0;0;27m█[38;2;166;165;204m█[38;2;255;255;255m█[38;2;166;166;161m█[38;2;0;0;0m█[38;2;11;11;11m█[38;2;137;137;137m█[38;2;247;247;247m█[38;2;255;255;255m█[38;2;252;252;252m█[38;2;255;255;255m██████[38;2;255;255;254m█[38;2;255;255;255m█[38;2;166;165;204m█[38;2;0;0;27m█[38;2;6;6;119m█[38;2;5;5;118m█[38;2;13;15;6m██[38;2;13;13;16m██
██[38;2;13;13;9m██[38;2;6;5;126m█[38;2;4;3;124m█[38;2;0;0;24m█[38;2;200;200;226m█[38;2;255;255;255m█[38;2;246;246;242m█[38;2;137;137;137m█[38;2;19;19;19m█[38;2;0;0;0m█[38;2;39;39;39m█[38;2;189;189;189m█[38;2;255;255;255m█[38;2;212;212;212m█[38;2;110;110;110m█[38;2;109;109;109m███[38;2;107;107;107m█[38;2;197;197;193m█[38;2;255;255;255m█[38;2;200;200;226m█[38;2;0;0;24m█[38;2;3;3;124m█[38;2;4;4;125m█[38;2;13;13;9m██[38;2;13;13;16m██
██[38;2;13;13;9m██[38;2;5;5;126m█[38;2;2;2;123m█[38;2;0;0;25m█[38;2;208;208;233m█[38;2;255;255;255m███[38;2;123;123;123m█[38;2;0;0;0m██[38;2;90;90;90m█[38;2;255;255;255m█[38;2;141;141;141m█[38;2;0;0;0m█████[38;2;110;110;108m█[38;2;255;255;255m█[38;2;208;208;233m█[38;2;0;0;25m█[38;2;2;2;123m█[38;2;4;4;125m█[38;2;13;13;9m██[38;2;13;13;16m██
██[38;2;13;13;9m██[38;2;5;5;126m█[38;2;2;2;123m█[38;2;0;0;25m█[38;2;208;208;233m█[38;2;255;255;255m█[38;2;219;219;217m█[38;2;54;54;54m█[38;2;0;0;0m█[38;2;3;3;3m█[38;2;115;115;115m█[38;2;237;237;237m█[38;2;255;255;255m█[38;2;244;244;244m█[38;2;193;193;193m█[38;2;189;189;189m█[38;2;190;190;190m█[38;2;189;189;189m█[38;2;190;190;190m█[38;2;238;238;236m█[38;2;255;255;255m█[38;2;208;208;233m█[38;2;0;0;25m█[38;2;2;2;123m█[38;2;4;4;125m█[38;2;13;13;9m██[38;2;13;13;16m██
██[38;2;13;13;9m██[38;2;5;5;126m█[38;2;2;2;123m█[38;2;0;0;25m█[38;2;208;208;233m█[38;2;255;255;255m█[38;2;173;173;171m█[38;2;0;0;0m█[38;2;75;75;75m█[38;2;210;210;210m█[38;2;255;255;255m██[38;2;252;252;252m█[38;2;255;255;255m██████[38;2;255;255;253m█[38;2;255;255;255m█[38;2;208;208;233m█[38;2;0;0;25m█[38;2;2;2;123m█[38;2;4;4;125m█[38;2;13;13;9m██[38;2;13;13;16m██
██[38;2;13;13;9m██[38;2;5;5;126m█[38;2;2;2;123m█[38;2;0;0;25m█[38;2;208;208;233m█[38;2;255;255;255m█[38;2;251;251;249m█[38;2;221;221;221m█[38;2;255;255;255m██[38;2;253;253;253m█████████[38;2;253;253;251m█[38;2;255;255;255m█[38;2;208;208;233m█[38;2;0;0;25m█[38;2;2;2;123m█[38;2;4;4;125m█[38;2;13;13;9m██[38;2;13;13;16m██
██[38;2;13;13;9m██[38;2;5;5;126m█[38;2;2;2;123m█[38;2;0;0;25m█[38;2;208;208;233m█[38;2;255;255;255m█[38;2;254;254;252m█[38;2;255;255;255m█[38;2;254;254;254m█[38;2;253;253;253m██████████[38;2;253;253;251m█[38;2;255;255;255m█[38;2;208;208;233m█[38;2;0;0;25m█[38;2;2;2;123m█[38;2;4;4;125m█[38;2;13;13;9m██[38;2;13;13;16m██
██[38;2;13;13;9m██[38;2;5;5;126m█[38;2;2;2;123m█[38;2;0;0;25m█[38;2;208;208;233m█[38;2;255;255;255m█[38;2;253;253;251m█[38;2;253;253;253m████████████[38;2;253;253;251m█[38;2;255;255;255m█[38;2;208;208;233m█[38;2;0;0;25m█[38;2;2;2;123m█[38;2;4;4;125m█[38;2;13;13;9m██[38;2;13;13;16m██
██[38;2;13;13;9m██[38;2;5;5;126m█[38;2;2;2;123m█[38;2;0;0;25m█[38;2;208;208;233m█[38;2;255;255;255m█[38;2;253;253;251m█[38;2;253;253;253m████████████[38;2;253;253;251m█[38;2;255;255;255m█[38;2;208;208;233m█[38;2;0;0;25m█[38;2;2;2;123m█[38;2;4;4;125m█[38;2;13;13;9m██[38;2;13;13;16m██
██[38;2;13;13;9m██[38;2;5;5;126m█[38;2;2;2;123m█[38;2;0;0;25m█[38;2;208;208;233m█[38;2;255;255;255m█[38;2;253;253;251m█[38;2;253;253;253m████████████[38;2;253;253;251m█[38;2;255;255;255m█[38;2;208;208;233m█[38;2;0;0;25m█[38;2;2;2;123m█[38;2;5;5;126m█[38;2;13;13;9m██[38;2;13;13;16m██
██[38;2;13;13;9m██[38;2;5;5;126m█[38;2;2;2;123m█[38;2;0;0;25m█[38;2;208;208;233m█[38;2;255;255;255m█[38;2;253;253;251m█[38;2;253;253;253m████████████[38;2;253;253;251m█[38;2;255;255;255m█[38;2;208;208;233m█[38;2;0;0;25m█[38;2;2;2;123m█[38;2;4;4;125m█[38;2;13;13;9m██[38;2;13;13;16m██
██[38;2;13;13;9m██[38;2;5;5;126m█[38;2;2;2;123m█[38;2;0;0;25m█[38;2;208;208;233m█[38;2;255;255;255m█[38;2;253;253;251m█[38;2;253;253;253m████████████[38;2;253;253;251m█[38;2;255;255;255m█[38;2;208;208;233m█[38;2;0;0;25m█[38;2;2;2;123m█[38;2;4;4;125m█[38;2;13;13;9m██[38;2;13;13;16m██
██[38;2;13;13;9m██[38;2;6;5;126m█[38;2;3;2;123m█[38;2;1;1;26m█[38;2;209;209;235m█[38;2;255;255;255m█[38;2;253;253;251m█[38;2;253;253;253m████████████[38;2;253;253;251m█[38;2;255;255;255m█[38;2;209;209;235m█[38;2;1;1;26m█[38;2;2;2;123m█[38;2;4;4;125m█[38;2;13;13;9m██[38;2;13;13;16m██
██[38;2;13;13;9m██[38;2;4;4;125m█[38;2;3;3;124m█[38;2;0;0;23m█[38;2;201;201;228m█[38;2;255;255;255m█[38;2;253;253;249m█[38;2;253;253;253m██[38;2;255;255;255m██[38;2;253;253;253m████[38;2;255;255;255m██[38;2;253;253;253m██[38;2;253;253;251m█[38;2;255;255;255m█[38;2;202;202;229m█[38;2;0;0;23m█[38;2;3;3;124m█[38;2;4;4;125m█[38;2;13;13;9m██[38;2;13;13;16m██
██[38;2;13;15;6m██[38;2;5;5;118m█[38;2;6;6;119m█[38;2;0;0;33m█[38;2;113;115;160m█[38;2;255;255;255m█[38;2;255;255;251m█[38;2;255;255;255m██[38;2;251;251;251m█[38;2;249;249;249m█[38;2;255;255;255m████[38;2;249;249;249m█[38;2;250;250;250m█[38;2;255;255;255m██[38;2;255;255;253m█[38;2;255;255;255m█[38;2;117;119;161m█[38;2;0;0;31m█[38;2;6;6;119m█[38;2;5;5;118m█[38;2;13;15;6m██[38;2;13;13;16m██
██[38;2;13;15;6m██[38;2;8;6;94m█[38;2;9;8;95m█[38;2;1;2;97m█[38;2;0;0;88m█[38;2;140;139;126m█[38;2;238;237;224m█[38;2;243;243;240m█[38;2;172;172;169m█[38;2;44;45;34m█[38;2;37;38;27m█[38;2;159;159;157m█[38;2;240;240;238m██[38;2;160;160;158m█[38;2;37;38;27m█[38;2;42;44;33m█[38;2;172;172;169m█[38;2;243;243;240m█[38;2;239;238;225m█[38;2;144;143;130m█[38;2;0;0;87m█[38;2;0;2;94m█[38;2;9;8;95m█[38;2;8;6;94m█[38;2;13;15;6m██[38;2;13;13;16m██
██[38;2;13;13;11m██[38;2;11;11;37m██[38;2;3;3;176m█[38;2;0;0;168m█[38;2;0;0;8m█[38;2;16;17;34m█[38;2;24;23;32m█[38;2;0;0;3m█[38;2;0;0;113m█[38;2;0;0;116m█[38;2;0;0;6m█[38;2;19;20;35m██[38;2;0;0;6m█[38;2;0;0;116m█[38;2;0;0;115m█[38;2;0;0;3m█[38;2;25;24;33m█[38;2;17;18;35m█[38;2;0;0;9m█[38;2;0;0;167m█[38;2;3;3;176m█[38;2;11;11;38m██[38;2;13;13;11m██[38;2;13;13;16m██
████[38;2;13;15;6m██[38;2;5;6;110m█[38;2;6;8;111m█[38;2;0;0;208m█[38;2;0;0;202m█[38;2;0;0;190m█[38;2;0;0;196m█[38;2;1;2;197m██[38;2;0;0;198m█[38;2;0;0;192m█[38;2;0;0;190m█[38;2;0;0;197m█[38;2;1;2;197m█[38;2;0;1;196m█[38;2;0;0;196m█[38;2;0;0;189m█[38;2;0;0;201m█[38;2;0;0;208m█[38;2;6;6;113m█[38;2;5;5;112m█[38;2;13;15;6m██[38;2;13;13;16m████
██████[38;2;13;13;11m██[38;2;8;8;84m█[38;2;9;9;86m█[38;2;9;8;93m█[38;2;8;6;91m█[38;2;13;13;17m██[38;2;8;8;87m█[38;2;9;9;88m██[38;2;8;8;87m█[38;2;13;13;17m██[38;2;8;6;94m█[38;2;9;8;95m█[38;2;9;9;86m█[38;2;8;8;84m█[38;2;13;13;11m██[38;2;13;13;16m██████
████████[38;2;13;15;6m████[38;2;13;13;13m██[38;2;13;15;6m████[38;2;13;13;13m██[38;2;13;15;6m████[38;2;13;13;16m████████
████████████████████████████████