[38;2;13;13;16m████████████[38;2;13;13;9m██[38;2;13;15;4m████[38;2;13;13;9m██[38;2;13;13;16m████████████
██████████[38;2;13;15;6m██[38;2;11;10;53m██[38;2;4;5;123m█[38;2;5;6;124m█[38;2;4;5;123m██[38;2;9;11;53m██[38;2;13;15;6m██[38;2;13;13;16m██████████
████████[38;2;13;15;6m██[38;2;8;6;95m█[38;2;9;8;96m█[38;2;0;0;232m█[38;2;0;0;233m█[38;2;0;0;247m█[38;2;0;0;246m██[38;2;0;0;247m█[38;2;0;0;233m█[38;2;0;0;232m█[38;2;9;8;96m█[38;2;8;6;95m█[38;2;13;15;6m██[38;2;13;13;16m████████
██████[38;2;13;15;6m██[38;2;9;9;70m██[38;2;0;0;236m█[38;2;0;0;237m█[38;2;0;0;164m█[38;2;0;0;153m█[38;2;0;0;54m█[38;2;0;0;53m██[38;2;0;0;54m█[38;2;0;0;153m█[38;2;0;0;164m█[38;2;0;0;237m█[38;2;0;0;236m█[38;2;10;10;72m█[38;2;9;9;70m█[38;2;13;15;6m██[38;2;13;13;16m██████
████[38;2;13;13;13m██[38;2;13;13;17m██[38;2;2;0;196m█[38;2;3;1;197m█[38;2;2;1;144m█[38;2;0;0;125m█[38;2;2;3;0m█[38;2;56;58;49m█[38;2;112;113;102m█[38;2;141;143;131m██[38;2;112;113;102m█[38;2;56;58;49m█[38;2;2;3;0m█[38;2;0;0;125m█[38;2;2;1;144m█[38;2;1;2;197m█[38;2;0;1;196m█[38;2;13;13;17m██[38;2;13;13;13m██[38;2;13;13;16m████
████[38;2;13;15;6m██[38;2;8;6;89m█[38;2;9;8;90m█[38;2;3;1;195m█[38;2;0;0;185m█[38;2;0;0;0m█[38;2;87;87;89m█[38;2;208;208;203m█[38;2;255;255;253m█[38;2;255;255;255m████[38;2;255;255;253m█[38;2;208;208;203m█[38;2;87;87;89m█[38;2;0;0;0m█[38;2;0;0;185m█[38;2;3;1;195m█[38;2;9;8;90m█[38;2;8;6;89m█[38;2;13;15;6m██[38;2;13;13;16m████
████[38;2;13;13;9m██[38;2;2;2;165m█[38;2;4;4;167m█[38;2;0;0;80m█[38;2;0;0;77m█[38;2;160;161;150m█[38;2;255;255;254m█[38;2;255;255;255m█[38;2;254;254;254m█[38;2;253;253;253m████[38;2;254;254;254m█[38;2;255;255;255m█[38;2;255;255;254m█[38;2;160;161;150m█[38;2;0;0;77m█[38;2;0;0;80m█[38;2;4;4;167m█[38;2;2;2;165m█[38;2;13;13;9m██[38;2;13;13;16m████
██[38;2;13;13;13m██[38;2;11;11;34m██[38;2;2;2;179m█[38;2;0;0;173m█[38;2;0;0;4m█[38;2;169;168;178m█[38;2;255;255;255m█[38;2;254;254;252m█[38;2;253;253;253m████████[38;2;254;254;252m█[38;2;255;255;255m█[38;2;169;168;178m█[38;2;0;0;4m█[38;2;0;0;173m█[38;2;2;2;179m█[38;2;11;11;34m██[38;2;13;13;13m██[38;2;13;13;16m██
██[38;2;13;13;9m██[38;2;9;9;74m██[38;2;5;4;143m█[38;2;0;0;118m█[38;2;113;115;103m█[38;2;255;255;255m█[38;2;253;253;253m████████████[38;2;255;255;255m█[38;2;112;113;102m█[38;2;0;0;118m█[38;2;5;4;143m█[38;2;10;10;75m█[38;2;9;9;74m█[38;2;13;13;9m██[38;2;13;13;16m██
██[38;2;13;15;4m██[38;2;5;6;107m█[38;2;6;8;108m█[38;2;0;0;89m█[38;2;15;13;104m█[38;2;235;236;224m█[38;2;255;255;251m█[38;2;255;255;255m██[38;2;253;253;253m██████████[38;2;255;255;247m█[38;2;235;236;224m█[38;2;15;13;104m█[38;2;0;0;89m█[38;2;6;8;108m█[38;2;5;6;107m█[38;2;13;15;4m██[38;2;13;13;16m██
██[38;2;13;15;6m██[38;2;5;5;123m█[38;2;8;8;125m█[38;2;0;0;45m█[38;2;98;98;155m█[38;2;255;255;255m█[38;2;226;228;219m█[38;2;132;132;132m█[38;2;214;214;214m█[38;2;255;255;255m██[38;2;253;253;253m████████[38;2;253;254;246m█[38;2;255;255;255m█[38;2;98;98;155m█[38;2;0;0;45m█[38;2;5;6;124m█[38;2;4;5;123m█[38;2;13;15;6m██[38;2;13;13;16m██
██[38;2;13;15;6m██[38;2;4;4;127m██[38;2;0;0;25m█[38;2;168;167;204m█[38;2;255;255;255m█[38;2;167;167;162m█[38;2;0;0;0m█[38;2;4;4;4m█[38;2;125;125;125m█[38;2;242;242;242m█[38;2;255;255;255m█[38;2;252;252;252m█[38;2;255;255;255m██████[38;2;255;255;254m█[38;2;255;255;255m█[38;2;168;167;204m█[38;2;0;0;25m█[38;2;4;4;129m██[38;2;13;15;6m██[38;2;13;13;16m██
██[38;2;13;13;9m██[38;2;4;4;127m█[38;2;3;3;126m█[38;2;0;0;24m█[38;2;201;201;228m█[38;2;255;255;255m█[38;2;250;250;245m█[38;2;150;150;150m█[38;2;27;27;27m█[38;2;0;0;0m█[38;2;30;30;30m█[38;2;181;181;181m█[38;2;255;255;255m█[38;2;207;207;207m█[38;2;96;96;96m█[38;2;95;95;95m███[38;2;93;93;93m█[38;2;190;190;186m█[38;2;255;255;255m█[38;2;201;201;228m█[38;2;0;0;24m█[38;2;3;3;126m█[38;2;5;5;129m█[38;2;13;13;9m██[38;2;13;13;16m██
██[38;2;13;13;9m██[38;2;4;4;125m█[38;2;2;2;123m█[38;2;1;1;26m█[38;2;208;208;233m█[38;2;255;255;255m███[38;2;118;118;118m█[38;2;0;0;0m██[38;2;95;95;95m█[38;2;255;255;255m█[38;2;145;145;145m█[38;2;0;0;0m█████[38;2;113;113;111m█[38;2;255;255;255m█[38;2;208;208;233m█[38;2;0;0;25m█[38;2;2;2;123m█[38;2;4;4;125m█[38;2;13;13;9m██[38;2;13;13;16m██
██[38;2;13;13;9m██[38;2;4;4;125m█[38;2;2;2;123m█[38;2;0;0;25m█[38;2;208;208;233m█[38;2;255;255;255m█[38;2;214;214;211m█[38;2;42;42;42m█[38;2;0;0;0m█[38;2;9;9;9m█[38;2;126;126;126m█[38;2;242;242;242m█[38;2;255;255;255m█[38;2;246;246;246m█[38;2;203;203;203m█[38;2;200;200;200m█[38;2;201;201;201m█[38;2;200;200;200m█[38;2;201;201;201m█[38;2;242;242;239m█[38;2;255;255;255m█[38;2;208;208;233m█[38;2;0;0;25m█[38;2;2;2;123m█[38;2;4;4;125m█[38;2;13;13;9m██[38;2;13;13;16m██
██[38;2;13;13;9m██[38;2;4;4;125m█[38;2;2;2;123m█[38;2;0;0;25m█[38;2;208;208;233m█[38;2;255;255;255m█[38;2;175;175;173m█[38;2;0;0;0m█[38;2;87;87;87m█[38;2;219;219;219m█[38;2;255;255;255m██[38;2;253;253;253m█[38;2;254;254;254m█[38;2;255;255;255m█████[38;2;255;255;253m█[38;2;255;255;255m█[38;2;208;208;233m█[38;2;0;0;25m█[38;2;2;2;123m█[38;2;4;4;125m█[38;2;13;13;9m██[38;2;13;13;16m██
██[38;2;13;13;9m██[38;2;4;4;125m█[38;2;2;2;123m█[38;2;0;0;25m█[38;2;208;208;233m█[38;2;255;255;255m█[38;2;252;252;250m█[38;2;229;229;229m█[38;2;255;255;255m██[38;2;253;253;253m█████████[38;2;253;253;251m█[38;2;255;255;255m█[38;2;208;208;233m█[38;2;0;0;25m█[38;2;2;2;123m█[38;2;4;4;125m█[38;2;13;13;9m██[38;2;13;13;16m██
██[38;2;13;13;9m██[38;2;4;4;125m█[38;2;2;2;123m█[38;2;0;0;25m█[38;2;208;208;233m█[38;2;255;255;255m█[38;2;254;254;252m█[38;2;255;255;255m█[38;2;254;254;254m█[38;2;253;253;253m██████████[38;2;253;253;251m█[38;2;255;255;255m█[38;2;208;208;233m█[38;2;0;0;25m█[38;2;2;2;123m█[38;2;4;4;125m█[38;2;13;13;9m██[38;2;13;13;16m██
██[38;2;13;13;9m██[38;2;4;4;125m█[38;2;2;2;123m█[38;2;0;0;25m█[38;2;208;208;233m█[38;2;255;255;255m█[38;2;253;253;251m█[38;2;253;253;253m████████████[38;2;253;253;251m█[38;2;255;255;255m█[38;2;208;208;233m█[38;2;0;0;25m█[38;2;2;2;123m█[38;2;4;4;125m█[38;2;13;13;9m██[38;2;13;13;16m██
██[38;2;13;13;9m██[38;2;4;4;125m█[38;2;2;2;123m█[38;2;0;0;25m█[38;2;208;208;233m█[38;2;255;255;255m█[38;2;253;253;251m█[38;2;253;253;253m████████████[38;2;253;253;251m█[38;2;255;255;255m█[38;2;208;208;233m█[38;2;0;0;25m█[38;2;2;2;123m█[38;2;4;4;125m█[38;2;13;13;9m██[38;2;13;13;16m██
██[38;2;13;13;9m██[38;2;4;4;125m█[38;2;2;2;123m█[38;2;0;0;25m█[38;2;208;208;233m█[38;2;255;255;255m█[38;2;253;253;251m█[38;2;253;253;253m████████████[38;2;253;253;251m█[38;2;255;255;255m█[38;2;208;208;233m█[38;2;0;0;25m█[38;2;2;2;123m█[38;2;4;4;125m█[38;2;13;13;9m██[38;2;13;13;16m██
██[38;2;13;13;9m██[38;2;4;4;125m█[38;2;2;2;123m█[38;2;0;0;25m█[38;2;208;208;233m█[38;2;255;255;255m█[38;2;253;253;251m█[38;2;253;253;253m████████████[38;2;253;253;251m█[38;2;255;255;255m█[38;2;208;208;233m█[38;2;0;0;25m█[38;2;2;2;123m█[38;2;4;4;125m█[38;2;13;13;9m██[38;2;13;13;16m██
██[38;2;13;13;9m██[38;2;5;4;125m█[38;2;3;2;123m█[38;2;0;0;24m█[38;2;208;208;233m█[38;2;255;255;255m█[38;2;253;253;251m█[38;2;253;253;253m████████████[38;2;253;253;251m█[38;2;255;255;255m█[38;2;208;208;233m█[38;2;0;0;25m█[38;2;2;2;123m█[38;2;4;4;125m█[38;2;13;13;9m██[38;2;13;13;16m██
██[38;2;13;15;6m██[38;2;5;5;123m██[38;2;0;0;25m█[38;2;159;158;195m█[38;2;255;255;255m█[38;2;253;253;249m█[38;2;253;253;253m█[38;2;255;255;255m████[38;2;253;253;253m██[38;2;255;255;255m████[38;2;253;253;253m█[38;2;253;253;249m█[38;2;255;255;255m█[38;2;161;160;195m█[38;2;0;0;23m█[38;2;5;5;123m██[38;2;13;15;6m██[38;2;13;13;16m██
██[38;2;13;15;6m██[38;2;5;6;107m█[38;2;6;8;108m█[38;2;0;0;69m█[38;2;23;23;96m█[38;2;212;214;203m█[38;2;255;255;255m██[38;2;236;236;236m█[38;2;125;126;118m█[38;2;117;118;110m█[38;2;226;226;226m█[38;2;255;255;255m██[38;2;228;228;228m█[38;2;117;118;110m█[38;2;124;125;117m█[38;2;235;235;235m█[38;2;255;255;255m██[38;2;216;217;207m█[38;2;24;24;95m█[38;2;0;0;66m█[38;2;6;8;108m█[38;2;5;6;107m█[38;2;13;15;6m██[38;2;13;13;16m██
██[38;2;13;13;9m██[38;2;9;10;58m██[38;2;3;4;153m█[38;2;0;0;136m█[38;2;12;13;2m█[38;2;88;89;77m█[38;2;98;100;89m█[38;2;28;30;19m█[38;2;0;0;34m██[38;2;22;23;15m█[38;2;94;95;87m█[38;2;95;96;88m█[38;2;22;23;15m█[38;2;0;0;34m██[38;2;28;30;19m█[38;2;98;100;89m█[38;2;89;90;79m█[38;2;13;15;3m█[38;2;0;0;136m█[38;2;3;4;153m█[38;2;9;10;60m██[38;2;13;13;9m██[38;2;13;13;16m██
████[38;2;13;13;9m██[38;2;3;4;155m██[38;2;0;0;145m█[38;2;0;0;133m█[38;2;0;0;116m█[38;2;0;0;126m█[38;2;0;0;223m██[38;2;0;0;132m█[38;2;0;0;120m██[38;2;0;0;132m█[38;2;0;0;223m██[38;2;0;0;126m█[38;2;0;0;115m█[38;2;0;0;132m█[38;2;0;0;145m█[38;2;3;4;158m█[38;2;2;3;157m█[38;2;13;13;9m██[38;2;13;13;16m████
████[38;2;13;13;11m██[38;2;11;12;30m██[38;2;3;3;160m██[38;2;3;3;166m██[38;2;9;10;63m██[38;2;3;3;162m████[38;2;9;10;63m██[38;2;3;3;166m██[38;2;3;3;162m██[38;2;11;12;30m██[38;2;13;13;11m██[38;2;13;13;16m████
██████[38;2;13;13;13m██[38;2;13;13;9m████████████████[38;2;13;13;13m██[38;2;13;13;16m██████
████████████████████████████████
████████████████████████████████
████████████████████████████████