[38;2;13;13;16m████████████████████████████████
████████████[38;2;13;13;11m██[38;2;13;15;4m████[38;2;13;13;9m██[38;2;13;13;16m████████████
██████████[38;2;13;15;6m██[38;2;11;10;49m██[38;2;5;5;129m██[38;2;5;5;134m██[38;2;10;11;61m█[38;2;9;10;60m█[38;2;13;15;6m██[38;2;13;13;16m██████████
████████[38;2;13;15;4m██[38;2;8;6;89m█[38;2;9;8;90m█[38;2;0;0;215m█[38;2;0;0;212m█[38;2;0;0;168m█[38;2;0;0;164m█[38;2;0;0;157m█[38;2;0;0;160m█[38;2;0;0;211m█[38;2;0;0;215m█[38;2;6;6;113m█[38;2;5;5;112m█[38;2;13;15;6m██[38;2;13;13;16m████████
██████[38;2;13;13;9m██[38;2;9;10;61m██[38;2;1;2;201m█[38;2;0;0;194m█[38;2;0;0;40m█[38;2;0;0;44m█[38;2;23;24;12m█[38;2;45;46;34m█[38;2;48;49;38m█[38;2;31;32;20m█[38;2;1;0;34m█[38;2;0;0;22m█[38;2;0;0;180m█[38;2;2;1;192m█[38;2;9;9;88m█[38;2;8;8;87m█[38;2;13;15;6m██[38;2;13;13;16m██████
██████[38;2;13;13;13m██[38;2;3;3;171m██[38;2;0;0;53m█[38;2;0;0;60m█[38;2;97;98;84m█[38;2;193;194;180m█[38;2;238;238;238m█[38;2;253;253;253m█[38;2;254;254;254m█[38;2;244;244;244m█[38;2;211;212;201m█[38;2;132;133;122m█[38;2;24;23;55m█[38;2;0;0;19m█[38;2;0;0;178m█[38;2;2;2;181m█[38;2;11;12;27m██[38;2;13;13;13m██[38;2;13;13;16m████
████[38;2;13;15;6m██[38;2;8;9;76m█[38;2;9;10;77m█[38;2;5;4;143m█[38;2;0;0;119m█[38;2;45;46;34m█[38;2;204;205;194m█[38;2;255;255;255m███[38;2;254;254;254m██[38;2;255;255;255m███[38;2;239;238;225m█[38;2;100;98;86m█[38;2;0;0;89m█[38;2;1;1;108m█[38;2;6;8;109m█[38;2;5;6;108m█[38;2;13;15;4m██[38;2;13;13;16m████
████[38;2;13;15;6m██[38;2;4;3;138m█[38;2;5;4;139m█[38;2;0;0;39m█[38;2;51;52;102m█[38;2;240;242;233m█[38;2;255;255;255m█[38;2;253;253;253m████████[38;2;255;255;253m█[38;2;255;255;255m█[38;2;125;125;146m█[38;2;0;0;9m█[38;2;0;1;150m█[38;2;3;4;153m█[38;2;13;13;16m██████
██[38;2;13;13;13m██[38;2;13;12;27m██[38;2;6;5;148m█[38;2;0;0;136m█[38;2;22;22;24m█[38;2;229;229;231m█[38;2;255;255;255m█[38;2;253;253;253m██████████[38;2;255;255;255m█[38;2;255;255;254m█[38;2;93;94;83m█[38;2;0;0;112m█[38;2;5;4;137m█[38;2;11;10;51m██[38;2;13;13;11m██[38;2;13;13;16m██
██[38;2;13;13;9m██[38;2;9;10;58m██[38;2;5;5;120m█[38;2;0;0;97m█[38;2;154;155;145m█[38;2;255;255;255m██[38;2;253;253;253m███████████[38;2;255;255;250m█[38;2;232;233;223m█[38;2;13;12;100m█[38;2;0;0;86m█[38;2;9;8;90m█[38;2;8;6;89m█[38;2;13;15;6m██[38;2;13;13;16m██
██[38;2;13;15;6m██[38;2;8;8;84m█[38;2;9;9;86m█[38;2;0;0;82m█[38;2;25;24;109m█[38;2;246;247;237m█[38;2;240;242;231m█[38;2;232;232;232m█[38;2;255;255;255m██[38;2;253;253;253m█████████[38;2;253;254;246m█[38;2;255;255;255m█[38;2;111;112;162m█[38;2;0;0;38m█[38;2;6;6;116m█[38;2;5;5;115m█[38;2;13;15;6m██[38;2;13;13;16m██
██[38;2;13;15;6m██[38;2;5;6;104m█[38;2;6;8;105m█[38;2;0;0;47m█[38;2;95;95;154m█[38;2;255;255;255m█[38;2;68;69;61m█[38;2;8;8;8m█[38;2;140;140;140m█[38;2;249;249;249m█[38;2;255;255;255m█[38;2;253;253;253m██[38;2;255;255;255m██████[38;2;253;253;249m█[38;2;255;255;255m█[38;2;193;193;222m█[38;2;0;0;23m█[38;2;3;3;126m█[38;2;4;4;127m█[38;2;13;13;9m██[38;2;13;13;16m██
██[38;2;13;15;6m██[38;2;5;5;112m█[38;2;6;6;113m█[38;2;0;0;32m█[38;2;144;145;190m█[38;2;255;255;255m█[38;2;147;148;140m█[38;2;5;5;5m█[38;2;0;0;0m█[38;2;44;44;44m█[38;2;179;179;179m█[38;2;255;255;255m██[38;2;223;223;223m█[38;2;192;192;192m█[38;2;194;194;194m██[38;2;192;192;192m█[38;2;209;209;209m█[38;2;253;253;251m█[38;2;255;255;255m█[38;2;228;229;246m█[38;2;12;13;31m█[38;2;0;0;123m█[38;2;5;5;130m█[38;2;13;13;13m██[38;2;13;13;16m██
██[38;2;13;15;6m██[38;2;5;5;117m█[38;2;6;6;118m█[38;2;0;0;28m█[38;2;165;164;204m█[38;2;255;255;255m██[38;2;226;226;226m█[38;2;42;42;42m█[38;2;0;0;0m██[38;2;201;201;201m█[38;2;255;255;255m█[38;2;38;38;38m█[38;2;0;0;0m█████[38;2;212;212;210m█[38;2;255;255;255m█[38;2;240;239;253m█[38;2;26;25;39m█[38;2;0;0;123m█[38;2;5;5;132m█[38;2;13;13;13m██[38;2;13;13;16m██
██[38;2;13;15;6m██[38;2;5;5;117m█[38;2;6;6;118m█[38;2;0;0;27m█[38;2;166;165;204m█[38;2;255;255;255m█[38;2;215;215;210m█[38;2;82;82;82m█[38;2;0;0;0m██[38;2;93;93;93m█[38;2;239;239;239m█[38;2;255;255;255m█[38;2;154;154;154m█[38;2;100;100;100m█[38;2;104;104;104m██[38;2;102;102;102m█[38;2;125;125;125m█[38;2;242;242;239m█[38;2;255;255;255m█[38;2;240;239;253m█[38;2;26;25;39m█[38;2;0;0;123m█[38;2;5;5;132m█[38;2;13;13;13m██[38;2;13;13;16m██
██[38;2;13;15;6m██[38;2;5;5;117m█[38;2;6;6;118m█[38;2;0;0;27m█[38;2;168;167;207m█[38;2;255;255;255m█[38;2;52;52;47m█[38;2;0;0;0m█[38;2;56;56;56m█[38;2;193;193;193m█[38;2;255;255;255m██[38;2;253;253;253m█[38;2;255;255;255m██████[38;2;254;254;252m█[38;2;255;255;253m█[38;2;239;238;252m█[38;2;25;24;38m█[38;2;0;0;123m█[38;2;5;5;132m█[38;2;13;13;13m██[38;2;13;13;16m██
██[38;2;13;15;6m██[38;2;5;5;117m██[38;2;0;0;27m█[38;2;169;168;208m█[38;2;255;255;255m█[38;2;181;181;176m█[38;2;161;161;161m█[38;2;253;253;253m█[38;2;255;255;255m█[38;2;253;253;253m█████████[38;2;253;253;251m█[38;2;255;255;254m█[38;2;237;238;252m█[38;2;22;23;37m█[38;2;0;0;122m█[38;2;5;5;130m█[38;2;13;13;13m██[38;2;13;13;16m██
██[38;2;13;15;6m██[38;2;5;5;117m██[38;2;0;0;28m█[38;2;171;169;209m█[38;2;255;255;255m███[38;2;254;254;254m█[38;2;253;253;253m██████████[38;2;253;253;251m█[38;2;255;255;254m█[38;2;236;237;252m█[38;2;20;22;37m█[38;2;0;0;122m█[38;2;5;5;130m█[38;2;13;13;13m██[38;2;13;13;16m██
██[38;2;13;15;6m██[38;2;5;5;118m██[38;2;0;0;26m█[38;2;174;173;210m█[38;2;255;255;255m█[38;2;253;253;249m█[38;2;253;253;253m████████████[38;2;253;253;251m█[38;2;255;255;254m█[38;2;233;235;250m█[38;2;18;19;34m█[38;2;0;0;122m█[38;2;5;5;130m█[38;2;13;13;13m██[38;2;13;13;16m██
██[38;2;13;15;6m██[38;2;4;5;118m██[38;2;0;0;27m█[38;2;178;176;214m█[38;2;255;255;255m█[38;2;253;253;249m█[38;2;253;253;253m████████████[38;2;253;253;251m█[38;2;255;255;254m█[38;2;231;232;247m█[38;2;16;17;32m█[38;2;0;0;123m█[38;2;5;5;130m█[38;2;13;13;13m██[38;2;13;13;16m██
██[38;2;13;15;6m██[38;2;4;5;118m██[38;2;0;0;25m█[38;2;181;180;215m█[38;2;255;255;255m█[38;2;253;253;249m█[38;2;253;253;253m████████████[38;2;253;253;251m█[38;2;255;255;255m█[38;2;229;230;247m█[38;2;13;15;32m█[38;2;0;0;123m█[38;2;5;5;130m█[38;2;13;13;13m██[38;2;13;13;16m██
██[38;2;13;15;6m██[38;2;4;5;120m██[38;2;0;0;26m█[38;2;186;185;219m█[38;2;255;255;255m█[38;2;253;253;249m█[38;2;253;253;253m████████████[38;2;253;253;251m█[38;2;255;255;255m█[38;2;226;228;245m█[38;2;11;12;30m█[38;2;0;0;124m█[38;2;5;5;130m█[38;2;13;13;11m██[38;2;13;13;16m██
██[38;2;13;13;9m██[38;2;4;5;120m█[38;2;3;4;119m█[38;2;0;0;25m█[38;2;189;188;221m█[38;2;255;255;255m█[38;2;253;253;249m█[38;2;253;253;253m████████████[38;2;253;253;251m█[38;2;255;255;255m█[38;2;223;223;244m█[38;2;9;9;30m█[38;2;0;0;124m█[38;2;5;5;130m█[38;2;13;13;11m██[38;2;13;13;16m██
██[38;2;13;13;9m██[38;2;4;5;123m█[38;2;3;4;122m█[38;2;0;0;24m█[38;2;195;195;224m█[38;2;255;255;255m█[38;2;253;253;249m█[38;2;253;253;253m████████████[38;2;253;253;251m█[38;2;255;255;255m█[38;2;222;222;243m█[38;2;8;8;28m█[38;2;0;0;123m█[38;2;5;5;129m█[38;2;13;13;11m██[38;2;13;13;16m██
██[38;2;13;13;9m██[38;2;5;5;123m██[38;2;0;0;24m█[38;2;188;187;219m█[38;2;255;255;255m█[38;2;253;253;249m█[38;2;255;255;255m██[38;2;253;253;253m████[38;2;255;255;255m██[38;2;253;253;253m████[38;2;255;255;253m█[38;2;255;255;255m█[38;2;210;210;236m█[38;2;0;0;25m█[38;2;2;2;125m█[38;2;5;5;129m█[38;2;13;13;9m██[38;2;13;13;16m██
██[38;2;13;15;6m██[38;2;5;5;117m█[38;2;6;6;118m█[38;2;0;0;39m█[38;2;96;97;147m█[38;2;255;255;255m██[38;2;249;249;249m█[38;2;237;237;237m█[38;2;255;255;255m████[38;2;245;245;245m█[38;2;238;238;238m█[38;2;255;255;255m████[38;2;244;245;237m█[38;2;250;251;243m█[38;2;117;119;161m█[38;2;0;0;31m█[38;2;6;6;122m█[38;2;5;5;120m█[38;2;13;15;6m██[38;2;13;13;16m██
██[38;2;13;15;6m██[38;2;8;8;87m█[38;2;9;9;88m█[38;2;2;3;104m█[38;2;0;0;90m█[38;2;125;124;109m█[38;2;179;178;162m█[38;2;47;48;40m█[38;2;17;18;10m█[38;2;122;122;117m█[38;2;224;224;219m█[38;2;235;235;232m█[38;2;165;165;162m█[38;2;37;38;30m█[38;2;19;20;12m█[38;2;134;134;130m█[38;2;229;229;224m█[38;2;232;232;230m█[38;2;153;153;151m█[38;2;32;32;13m█[38;2;27;27;9m█[38;2;0;0;93m█[38;2;1;2;97m█[38;2;9;8;95m█[38;2;8;6;94m█[38;2;13;15;6m██[38;2;13;13;16m██
██[38;2;13;13;13m██[38;2;11;11;32m██[38;2;4;3;176m█[38;2;0;0;169m█[38;2;0;0;32m██[38;2;0;0;124m█[38;2;0;0;130m█[38;2;0;0;23m█[38;2;6;5;40m█[38;2;13;15;28m█[38;2;0;0;6m█[38;2;0;0;131m█[38;2;0;0;134m█[38;2;0;0;16m█[38;2;9;9;35m█[38;2;12;13;31m█[38;2;0;0;9m█[38;2;0;0;137m█[38;2;0;0;138m█[38;2;0;0;172m█[38;2;3;3;180m█[38;2;11;11;34m██[38;2;13;13;13m██[38;2;13;13;16m██
████[38;2;13;15;6m██[38;2;8;6;100m█[38;2;9;8;101m█[38;2;0;0;223m█[38;2;0;0;222m█[38;2;2;1;186m██[38;2;0;1;204m█[38;2;0;0;198m█[38;2;0;0;197m█[38;2;0;0;203m█[38;2;2;1;186m██[38;2;0;1;204m█[38;2;0;0;198m█[38;2;0;0;197m█[38;2;0;0;203m█[38;2;2;1;192m██[38;2;6;8;103m█[38;2;5;6;102m█[38;2;13;15;6m██[38;2;13;13;16m████
██████[38;2;13;13;13m██[38;2;9;10;55m█[38;2;10;11;56m█[38;2;13;13;17m██[38;2;9;9;70m█[38;2;10;10;72m█[38;2;9;9;82m█[38;2;8;8;81m█[38;2;13;13;13m██[38;2;9;9;74m█[38;2;10;10;75m█[38;2;9;9;80m█[38;2;8;8;79m█[38;2;13;13;13m██[38;2;13;13;11m██[38;2;13;13;16m██████
████████[38;2;13;13;9m██[38;2;13;13;13m██[38;2;13;13;9m██[38;2;13;15;6m██[38;2;13;13;13m██[38;2;13;13;9m██[38;2;13;15;6m██[38;2;13;13;13m██[38;2;13;13;16m████████
████████████████████████████████