[38;2;13;13;16m██████████[38;2;13;13;11m██[38;2;13;13;9m██[38;2;11;11;32m████[38;2;13;13;9m██[38;2;13;13;11m██[38;2;13;13;16m██████████
████████[38;2;13;13;9m██[38;2;11;12;27m██[38;2;3;4;155m██[38;2;0;0;215m█[38;2;0;0;214m██[38;2;0;0;215m█[38;2;3;4;155m██[38;2;11;12;27m██[38;2;13;13;9m██[38;2;13;13;16m████████
██████[38;2;13;13;13m██[38;2;13;12;24m██[38;2;2;1;183m██[38;2;0;0;147m█[38;2;0;0;136m█[38;2;0;0;37m█[38;2;0;0;38m█[38;2;0;0;35m█[38;2;0;0;34m█[38;2;0;0;136m█[38;2;0;0;147m█[38;2;2;1;183m██[38;2;13;12;24m██[38;2;13;13;13m██[38;2;13;13;16m██████
██████[38;2;13;15;6m██[38;2;4;3;140m█[38;2;6;5;143m█[38;2;0;0;126m█[38;2;0;0;108m█[38;2;16;15;2m█[38;2;84;83;70m█[38;2;141;143;132m█[38;2;169;171;160m██[38;2;141;143;132m█[38;2;84;83;70m█[38;2;16;15;2m█[38;2;0;0;108m█[38;2;0;0;126m█[38;2;6;5;143m█[38;2;4;3;140m█[38;2;13;15;6m██[38;2;13;13;16m██████
████[38;2;13;13;11m██[38;2;11;10;53m██[38;2;4;4;169m█[38;2;0;0;155m█[38;2;0;0;0m█[38;2;115;115;112m█[38;2;229;229;226m█[38;2;255;255;255m██████[38;2;229;229;226m█[38;2;113;113;111m█[38;2;0;0;0m█[38;2;0;0;155m█[38;2;4;4;169m█[38;2;11;10;53m██[38;2;13;13;11m██[38;2;13;13;16m████
████[38;2;13;15;4m██[38;2;4;4;127m█[38;2;6;6;130m█[38;2;0;0;68m█[38;2;6;6;80m█[38;2;185;186;175m█[38;2;255;255;255m██[38;2;253;253;253m██████[38;2;255;255;255m██[38;2;185;186;175m█[38;2;6;6;80m█[38;2;0;0;68m█[38;2;6;6;130m█[38;2;4;4;127m█[38;2;13;15;4m██[38;2;13;13;16m████
██[38;2;13;13;13m██[38;2;13;12;22m██[38;2;3;4;152m█[38;2;0;0;145m█[38;2;2;1;10m█[38;2;189;188;197m█[38;2;255;255;255m█[38;2;253;253;251m█[38;2;253;253;253m████████[38;2;253;253;251m█[38;2;255;255;255m█[38;2;189;188;197m█[38;2;2;1;10m█[38;2;0;0;145m█[38;2;3;4;152m█[38;2;13;12;22m██[38;2;13;13;13m██[38;2;13;13;16m██
██[38;2;13;13;11m██[38;2;9;10;55m██[38;2;6;5;129m█[38;2;0;0;103m█[38;2;131;132;122m█[38;2;255;255;255m█[38;2;253;253;253m████████████[38;2;255;255;255m█[38;2;131;132;122m█[38;2;0;0;103m█[38;2;6;5;129m█[38;2;9;10;55m██[38;2;13;13;11m██[38;2;13;13;16m██
██[38;2;13;15;6m██[38;2;8;6;89m█[38;2;9;8;90m█[38;2;0;0;82m█[38;2;23;22;107m█[38;2;243;244;233m█[38;2;255;255;247m█[38;2;253;253;253m█[38;2;255;255;255m███[38;2;253;253;253m████[38;2;254;254;254m█[38;2;255;255;255m██[38;2;253;253;253m█[38;2;255;255;247m█[38;2;242;243;232m█[38;2;23;22;107m█[38;2;0;0;82m█[38;2;9;8;90m█[38;2;8;6;89m█[38;2;13;15;6m██[38;2;13;13;16m██
██[38;2;13;15;6m██[38;2;5;6;110m█[38;2;6;8;111m█[38;2;0;0;41m█[38;2;108;109;162m█[38;2;255;255;255m█[38;2;254;255;247m█[38;2;255;255;255m█[38;2;237;237;237m█[38;2;219;219;219m█[38;2;247;247;247m█[38;2;255;255;255m█[38;2;253;253;253m██[38;2;255;255;255m█[38;2;253;253;253m█[38;2;222;222;222m█[38;2;230;230;230m█[38;2;255;255;255m█[38;2;255;255;250m█[38;2;255;255;255m█[38;2;108;109;162m█[38;2;0;0;41m█[38;2;6;8;111m█[38;2;5;6;110m█[38;2;13;15;6m██[38;2;13;13;16m██
██[38;2;13;15;6m██[38;2;5;5;120m██[38;2;0;0;26m█[38;2;174;173;210m█[38;2;255;255;255m█[38;2;254;254;250m█[38;2;119;119;119m█[38;2;55;55;55m█[38;2;67;67;67m█[38;2;55;55;55m█[38;2;176;176;176m█[38;2;255;255;255m██[38;2;200;200;200m█[38;2;62;62;62m█[38;2;66;66;66m█[38;2;58;58;58m█[38;2;98;98;98m█[38;2;244;244;239m█[38;2;255;255;255m█[38;2;174;173;210m█[38;2;0;0;26m█[38;2;5;5;120m██[38;2;13;15;6m██[38;2;13;13;16m██
██[38;2;13;13;9m██[38;2;5;4;125m█[38;2;4;3;124m█[38;2;0;0;24m█[38;2;203;203;230m█[38;2;255;255;255m█[38;2;138;138;133m█[38;2;47;47;47m█[38;2;122;122;122m█[38;2;136;136;136m█[38;2;91;91;91m█[38;2;27;27;27m█[38;2;225;225;225m█[38;2;240;240;240m█[38;2;39;39;39m█[38;2;104;104;104m█[38;2;124;124;124m█[38;2;127;127;127m█[38;2;37;37;37m█[38;2;116;116;111m█[38;2;255;255;255m█[38;2;203;203;230m█[38;2;0;0;24m█[38;2;3;3;124m█[38;2;4;4;125m█[38;2;13;13;9m██[38;2;13;13;16m██
██[38;2;13;13;9m██[38;2;4;4;125m█[38;2;2;2;123m█[38;2;1;1;26m█[38;2;209;209;235m█[38;2;255;255;255m█[38;2;63;63;61m█[38;2;104;104;104m█[38;2;19;19;19m█[38;2;49;49;49m█[38;2;54;54;54m█[38;2;66;66;66m█[38;2;174;174;174m█[38;2;183;183;183m█[38;2;60;60;60m█[38;2;61;61;61m█[38;2;51;51;51m█[38;2;12;12;12m█[38;2;108;108;108m█[38;2;59;59;56m█[38;2;255;255;255m█[38;2;209;209;235m█[38;2;0;0;25m█[38;2;2;2;123m█[38;2;5;5;126m█[38;2;13;13;9m██[38;2;13;13;16m██
██[38;2;13;13;9m██[38;2;4;4;125m█[38;2;2;2;123m█[38;2;0;0;25m█[38;2;208;208;233m█[38;2;255;255;255m█[38;2;65;65;62m█[38;2;102;102;102m█[38;2;23;23;23m█[38;2;59;59;59m█[38;2;13;13;13m█[38;2;34;34;34m█[38;2;209;209;209m█[38;2;181;181;181m█[38;2;59;59;59m█[38;2;62;62;62m█[38;2;56;56;56m█[38;2;12;12;12m█[38;2;34;34;34m█[38;2;93;93;90m█[38;2;255;255;255m█[38;2;208;208;233m█[38;2;0;0;25m█[38;2;2;2;123m█[38;2;4;4;125m█[38;2;13;13;9m██[38;2;13;13;16m██
██[38;2;13;13;9m██[38;2;4;4;125m█[38;2;2;2;123m█[38;2;0;0;25m█[38;2;208;208;233m█[38;2;255;255;255m█[38;2;146;146;144m█[38;2;39;39;39m█[38;2;102;102;102m█[38;2;132;132;132m█[38;2;124;124;124m█[38;2;166;166;166m█[38;2;255;255;255m█[38;2;239;239;239m█[38;2;42;42;42m█[38;2;89;89;89m█[38;2;105;105;105m█[38;2;144;144;144m█[38;2;120;120;120m█[38;2;229;229;226m█[38;2;255;255;255m█[38;2;208;208;233m█[38;2;0;0;25m█[38;2;2;2;123m█[38;2;4;4;125m█[38;2;13;13;9m██[38;2;13;13;16m██
██[38;2;13;13;9m██[38;2;4;4;125m█[38;2;2;2;123m█[38;2;0;0;25m█[38;2;208;208;233m█[38;2;255;255;255m█[38;2;255;255;254m█[38;2;133;133;133m█[38;2;55;55;55m█[38;2;56;56;56m█[38;2;171;171;171m█[38;2;255;255;255m█[38;2;253;253;253m█[38;2;255;255;255m█[38;2;209;209;209m█[38;2;72;72;72m█[38;2;58;58;58m█[38;2;88;88;88m█[38;2;253;253;253m█[38;2;255;255;255m██[38;2;208;208;233m█[38;2;0;0;25m█[38;2;2;2;123m█[38;2;4;4;125m█[38;2;13;13;9m██[38;2;13;13;16m██
██[38;2;13;13;9m██[38;2;4;4;125m█[38;2;2;2;123m█[38;2;0;0;25m█[38;2;208;208;233m█[38;2;255;255;255m█[38;2;254;254;252m█[38;2;255;255;255m█[38;2;245;245;245m█[38;2;229;229;229m█[38;2;246;246;246m█[38;2;254;254;254m█[38;2;253;253;253m██[38;2;255;255;255m██[38;2;233;233;233m█[38;2;236;236;236m█[38;2;253;253;253m█[38;2;253;253;251m█[38;2;255;255;255m█[38;2;208;208;233m█[38;2;0;0;25m█[38;2;2;2;123m█[38;2;4;4;125m█[38;2;13;13;9m██[38;2;13;13;16m██
██[38;2;13;13;9m██[38;2;4;4;125m█[38;2;2;2;123m█[38;2;0;0;25m█[38;2;208;208;233m█[38;2;255;255;255m█[38;2;253;253;251m█[38;2;253;253;253m█[38;2;255;255;255m██[38;2;254;254;254m█[38;2;253;253;253m████[38;2;254;254;254m█[38;2;255;255;255m██[38;2;253;253;253m█[38;2;253;253;251m█[38;2;255;255;255m█[38;2;208;208;233m█[38;2;0;0;25m█[38;2;2;2;123m█[38;2;4;4;125m█[38;2;13;13;9m██[38;2;13;13;16m██
██[38;2;13;13;9m██[38;2;4;4;125m█[38;2;2;2;123m█[38;2;0;0;25m█[38;2;208;208;233m█[38;2;255;255;255m█[38;2;253;253;251m█[38;2;253;253;253m████████████[38;2;253;253;251m█[38;2;255;255;255m█[38;2;208;208;233m█[38;2;0;0;25m█[38;2;2;2;123m█[38;2;4;4;125m█[38;2;13;13;9m██[38;2;13;13;16m██
██[38;2;13;13;9m██[38;2;4;4;125m█[38;2;2;2;123m█[38;2;0;0;25m█[38;2;208;208;233m█[38;2;255;255;255m█[38;2;253;253;251m█[38;2;253;253;253m████████████[38;2;253;253;251m█[38;2;255;255;255m█[38;2;208;208;233m█[38;2;0;0;25m█[38;2;2;2;123m█[38;2;4;4;125m█[38;2;13;13;9m██[38;2;13;13;16m██
██[38;2;13;13;9m██[38;2;4;4;125m█[38;2;2;2;123m█[38;2;0;0;25m█[38;2;208;208;233m█[38;2;255;255;255m█[38;2;253;253;251m█[38;2;253;253;253m████████████[38;2;253;253;251m█[38;2;255;255;255m█[38;2;208;208;233m█[38;2;0;0;25m█[38;2;2;2;123m█[38;2;4;4;125m█[38;2;13;13;9m██[38;2;13;13;16m██
██[38;2;13;13;9m██[38;2;4;4;125m█[38;2;2;2;123m█[38;2;0;0;25m█[38;2;208;208;233m█[38;2;255;255;255m█[38;2;253;253;251m█[38;2;253;253;253m████████████[38;2;253;253;251m█[38;2;255;255;255m█[38;2;208;208;233m█[38;2;0;0;25m█[38;2;2;2;123m█[38;2;4;4;125m█[38;2;13;13;9m██[38;2;13;13;16m██
██[38;2;13;13;9m██[38;2;4;4;125m█[38;2;2;2;123m█[38;2;0;0;25m█[38;2;208;208;233m█[38;2;255;255;255m█[38;2;253;253;251m█[38;2;253;253;253m████████████[38;2;253;253;251m█[38;2;255;255;255m█[38;2;208;208;233m█[38;2;0;0;25m█[38;2;2;2;123m█[38;2;5;5;126m█[38;2;13;13;9m██[38;2;13;13;16m██
██[38;2;13;13;9m██[38;2;4;4;125m█[38;2;2;2;123m█[38;2;0;0;25m█[38;2;209;209;235m█[38;2;255;255;255m█[38;2;253;253;251m█[38;2;253;253;253m████████████[38;2;253;253;251m█[38;2;255;255;255m█[38;2;209;209;235m█[38;2;0;0;25m█[38;2;2;2;123m█[38;2;5;5;126m█[38;2;13;13;9m██[38;2;13;13;16m██
██[38;2;13;13;9m██[38;2;4;4;129m██[38;2;0;0;22m█[38;2;178;176;209m█[38;2;255;255;255m█[38;2;253;253;249m█[38;2;253;253;253m█[38;2;254;254;254m█[38;2;255;255;255m███[38;2;253;253;253m██[38;2;255;255;255m███[38;2;254;254;254m█[38;2;253;253;253m█[38;2;253;253;249m█[38;2;255;255;255m█[38;2;180;179;211m█[38;2;0;0;23m█[38;2;4;4;127m██[38;2;13;13;9m██[38;2;13;13;16m██
██[38;2;13;15;4m██[38;2;5;5;123m█[38;2;8;8;125m█[38;2;0;0;54m█[38;2;48;48;110m█[38;2;244;245;235m█[38;2;255;255;255m███[38;2;176;176;172m█[38;2;169;169;165m█[38;2;251;251;251m█[38;2;255;255;255m██[38;2;251;251;251m█[38;2;168;168;164m█[38;2;174;174;169m█[38;2;255;255;255m███[38;2;246;247;237m█[38;2;52;52;113m█[38;2;0;0;54m█[38;2;6;8;125m█[38;2;4;5;123m█[38;2;13;15;4m██[38;2;13;13;16m██
██[38;2;13;15;6m██[38;2;8;6;89m█[38;2;9;8;90m█[38;2;5;4;143m█[38;2;0;0;122m█[38;2;42;41;26m█[38;2;141;140;125m█[38;2;151;152;141m█[38;2;67;68;58m█[38;2;0;0;6m█[38;2;0;0;4m█[38;2;56;58;49m█[38;2;147;148;140m██[38;2;56;58;49m█[38;2;0;0;4m█[38;2;0;0;6m█[38;2;67;68;58m█[38;2;152;153;143m█[38;2;144;144;125m█[38;2;45;45;26m█[38;2;0;0;120m█[38;2;4;3;140m█[38;2;9;8;90m█[38;2;8;6;89m█[38;2;13;15;6m██[38;2;13;13;16m██
██[38;2;13;13;13m██[38;2;11;12;27m██[38;2;0;1;200m██[38;2;0;0;91m█[38;2;0;0;81m█[38;2;0;0;63m█[38;2;0;0;70m█[38;2;0;0;208m█[38;2;0;0;209m█[38;2;0;0;80m█[38;2;0;0;72m█[38;2;0;0;70m█[38;2;0;0;79m█[38;2;0;0;209m█[38;2;0;0;208m█[38;2;0;0;70m█[38;2;0;0;63m█[38;2;0;0;79m█[38;2;0;0;88m█[38;2;0;1;200m██[38;2;11;12;30m██[38;2;13;13;13m██[38;2;13;13;16m██
████[38;2;13;15;6m██[38;2;8;6;94m█[38;2;9;8;95m█[38;2;0;0;239m█[38;2;0;0;238m█[38;2;0;0;236m█[38;2;0;0;237m█[38;2;2;2;175m██[38;2;0;0;233m█[38;2;0;0;232m██[38;2;0;0;233m█[38;2;2;2;175m██[38;2;0;0;237m█[38;2;0;0;236m█[38;2;0;0;238m█[38;2;0;0;239m█[38;2;9;8;96m█[38;2;8;6;95m█[38;2;13;15;6m██[38;2;13;13;16m████
██████[38;2;13;13;11m██[38;2;9;10;61m██[38;2;10;10;69m█[38;2;9;9;68m█[38;2;13;13;11m██[38;2;9;10;63m██[38;2;10;11;65m█[38;2;9;10;63m█[38;2;13;13;11m██[38;2;9;9;68m█[38;2;10;10;69m█[38;2;10;11;62m█[38;2;9;10;61m█[38;2;13;13;11m██[38;2;13;13;16m██████
████████[38;2;13;13;9m████[38;2;13;13;16m██[38;2;13;13;9m████[38;2;13;13;16m██[38;2;13;13;9m████[38;2;13;13;16m████████
████████████████████████████████