[38;2;13;13;16m██████████[38;2;13;13;9m██[38;2;13;13;17m██[38;2;9;10;61m████[38;2;13;13;17m██[38;2;13;13;9m██[38;2;13;13;16m██████████
████████[38;2;13;15;6m██[38;2;11;10;49m██[38;2;2;1;187m██[38;2;0;0;214m█[38;2;0;0;211m██[38;2;0;0;214m█[38;2;2;1;189m██[38;2;10;12;51m█[38;2;9;11;49m█[38;2;13;15;6m██[38;2;13;13;16m████████
██████[38;2;13;13;11m██[38;2;11;11;38m██[38;2;0;1;198m█[38;2;0;0;197m█[38;2;0;0;104m█[38;2;0;0;94m█[38;2;0;0;10m█[38;2;0;1;18m██[38;2;0;0;10m█[38;2;0;0;94m█[38;2;0;0;104m█[38;2;0;0;197m█[38;2;1;2;200m█[38;2;11;11;38m██[38;2;13;13;11m██[38;2;13;13;16m██████
██████[38;2;13;13;9m██[38;2;2;3;157m█[38;2;4;5;159m█[38;2;0;0;91m█[38;2;0;0;79m█[38;2;44;42;27m█[38;2;129;127;112m█[38;2;185;185;180m█[38;2;209;209;204m██[38;2;185;185;180m█[38;2;129;127;112m█[38;2;44;42;27m█[38;2;0;0;79m█[38;2;0;0;91m█[38;2;4;5;159m█[38;2;3;4;158m█[38;2;13;13;9m██[38;2;13;13;16m██████
████[38;2;13;13;9m██[38;2;9;9;66m█[38;2;10;10;67m█[38;2;3;4;155m█[38;2;0;0;137m█[38;2;17;18;8m█[38;2;158;159;148m█[38;2;252;252;252m█[38;2;255;255;255m██████[38;2;252;252;252m█[38;2;158;159;148m█[38;2;17;18;8m█[38;2;0;0;137m█[38;2;3;4;155m█[38;2;10;10;67m█[38;2;9;9;66m█[38;2;13;13;9m██[38;2;13;13;16m████
████[38;2;13;15;6m██[38;2;4;3;136m█[38;2;6;5;138m█[38;2;0;0;48m█[38;2;31;31;88m█[38;2;217;218;208m█[38;2;255;255;255m██[38;2;253;253;253m██████[38;2;255;255;255m██[38;2;217;218;208m█[38;2;31;31;88m█[38;2;0;0;48m█[38;2;6;5;138m█[38;2;4;3;136m█[38;2;13;15;6m██[38;2;13;13;16m████
██[38;2;13;13;13m██[38;2;13;12;27m██[38;2;5;3;150m█[38;2;0;0;138m█[38;2;17;17;19m█[38;2;217;217;219m█[38;2;255;255;255m█[38;2;253;253;253m██████████[38;2;255;255;255m█[38;2;217;217;219m█[38;2;17;17;19m█[38;2;0;0;138m█[38;2;4;5;151m█[38;2;11;12;27m██[38;2;13;13;13m██[38;2;13;13;16m██
██[38;2;13;13;9m██[38;2;9;10;61m██[38;2;5;5;120m█[38;2;0;0;97m█[38;2;157;158;146m█[38;2;255;255;255m█[38;2;253;253;253m████████████[38;2;255;255;255m█[38;2;158;159;147m█[38;2;0;0;97m█[38;2;5;5;120m█[38;2;9;10;61m██[38;2;13;13;9m██[38;2;13;13;16m██
██[38;2;13;15;6m██[38;2;8;6;94m█[38;2;9;8;95m█[38;2;0;0;72m█[38;2;37;37;113m█[38;2;251;252;242m█[38;2;255;255;250m█[38;2;255;255;255m███[38;2;253;253;253m█████████[38;2;255;255;246m█[38;2;251;252;242m█[38;2;37;37;113m█[38;2;0;0;72m█[38;2;9;8;95m█[38;2;8;6;94m█[38;2;13;15;6m██[38;2;13;13;16m██
██[38;2;13;15;6m██[38;2;5;5;112m█[38;2;6;6;113m█[38;2;0;0;37m█[38;2;122;123;173m█[38;2;255;255;255m█[38;2;200;201;193m█[38;2;54;54;54m█[38;2;153;153;153m█[38;2;254;254;254m█[38;2;255;255;255m█[38;2;253;253;253m███[38;2;255;255;255m█████[38;2;253;254;246m█[38;2;255;255;255m█[38;2;122;123;173m█[38;2;0;0;37m█[38;2;6;6;113m█[38;2;5;5;112m█[38;2;13;15;6m██[38;2;13;13;16m██
██[38;2;13;15;6m██[38;2;5;5;120m██[38;2;0;0;25m█[38;2;181;180;215m█[38;2;255;255;255m█[38;2;186;186;181m█[38;2;0;0;0m██[38;2;56;56;56m█[38;2;193;193;193m█[38;2;255;255;255m█[38;2;253;253;253m█[38;2;255;255;255m█[38;2;249;249;249m█[38;2;245;245;245m█[38;2;246;246;246m█[38;2;245;245;245m█[38;2;246;246;246m█[38;2;255;255;252m█[38;2;255;255;255m█[38;2;181;180;215m█[38;2;0;0;25m█[38;2;4;5;120m██[38;2;13;15;6m██[38;2;13;13;16m██
██[38;2;13;13;9m██[38;2;5;4;125m█[38;2;3;2;123m█[38;2;0;0;25m█[38;2;205;205;232m█[38;2;255;255;255m██[38;2;219;219;219m█[38;2;80;80;80m█[38;2;0;0;0m██[38;2;130;130;130m█[38;2;255;255;255m█[38;2;171;171;171m█[38;2;23;23;23m█[38;2;27;27;27m███[38;2;19;19;19m█[38;2;146;146;144m█[38;2;255;255;255m█[38;2;204;204;231m█[38;2;0;0;25m█[38;2;2;2;123m█[38;2;5;5;126m█[38;2;13;13;9m██[38;2;13;13;16m██
██[38;2;13;13;9m██[38;2;4;4;125m█[38;2;2;2;123m█[38;2;0;0;25m█[38;2;208;208;233m█[38;2;255;255;255m██[38;2;216;216;216m█[38;2;77;77;77m█[38;2;0;0;0m██[38;2;132;132;132m█[38;2;255;255;255m█[38;2;173;173;173m█[38;2;25;25;25m█[38;2;28;28;28m█[38;2;30;30;30m██[38;2;22;22;22m█[38;2;147;147;145m█[38;2;255;255;255m█[38;2;208;208;233m█[38;2;0;0;25m█[38;2;2;2;123m█[38;2;4;4;125m█[38;2;13;13;9m██[38;2;13;13;16m██
██[38;2;13;13;9m██[38;2;4;4;125m█[38;2;2;2;123m█[38;2;0;0;25m█[38;2;208;208;233m█[38;2;255;255;255m█[38;2;186;186;183m█[38;2;0;0;0m██[38;2;59;59;59m█[38;2;195;195;195m█[38;2;255;255;255m█[38;2;253;253;253m█[38;2;255;255;255m█[38;2;249;249;249m█[38;2;246;246;246m█[38;2;247;247;247m█[38;2;246;246;246m█[38;2;249;249;249m█[38;2;255;255;254m█[38;2;255;255;255m█[38;2;208;208;233m█[38;2;0;0;25m█[38;2;2;2;123m█[38;2;4;4;125m█[38;2;13;13;9m██[38;2;13;13;16m██
██[38;2;13;13;9m██[38;2;4;4;125m█[38;2;2;2;123m█[38;2;0;0;25m█[38;2;208;208;233m█[38;2;255;255;255m█[38;2;201;201;198m█[38;2;58;58;58m█[38;2;157;157;157m█[38;2;255;255;255m██[38;2;253;253;253m███[38;2;255;255;255m█████[38;2;253;253;251m█[38;2;255;255;255m█[38;2;208;208;233m█[38;2;0;0;25m█[38;2;2;2;123m█[38;2;4;4;125m█[38;2;13;13;9m██[38;2;13;13;16m██
██[38;2;13;13;9m██[38;2;4;4;125m█[38;2;2;2;123m█[38;2;0;0;25m█[38;2;208;208;233m█[38;2;255;255;255m█[38;2;255;255;254m█[38;2;255;255;255m██[38;2;254;254;254m█[38;2;253;253;253m█████████[38;2;253;253;251m█[38;2;255;255;255m█[38;2;208;208;233m█[38;2;0;0;25m█[38;2;2;2;123m█[38;2;4;4;125m█[38;2;13;13;9m██[38;2;13;13;16m██
██[38;2;13;13;9m██[38;2;4;4;125m█[38;2;2;2;123m█[38;2;0;0;25m█[38;2;208;208;233m█[38;2;255;255;255m█[38;2;253;253;251m█[38;2;254;254;254m█[38;2;253;253;253m███████████[38;2;253;253;251m█[38;2;255;255;255m█[38;2;208;208;233m█[38;2;0;0;25m█[38;2;2;2;123m█[38;2;4;4;125m█[38;2;13;13;9m██[38;2;13;13;16m██
██[38;2;13;13;9m██[38;2;4;4;125m█[38;2;2;2;123m█[38;2;0;0;25m█[38;2;208;208;233m█[38;2;255;255;255m█[38;2;253;253;251m█[38;2;253;253;253m████████████[38;2;253;253;251m█[38;2;255;255;255m█[38;2;208;208;233m█[38;2;0;0;25m█[38;2;2;2;123m█[38;2;4;4;125m█[38;2;13;13;9m██[38;2;13;13;16m██
██[38;2;13;13;9m██[38;2;4;4;125m█[38;2;2;2;123m█[38;2;0;0;25m█[38;2;208;208;233m█[38;2;255;255;255m█[38;2;253;253;251m█[38;2;253;253;253m████████████[38;2;253;253;251m█[38;2;255;255;255m█[38;2;208;208;233m█[38;2;0;0;25m█[38;2;2;2;123m█[38;2;4;4;125m█[38;2;13;13;9m██[38;2;13;13;16m██
██[38;2;13;13;9m██[38;2;4;4;125m█[38;2;2;2;123m█[38;2;0;0;25m█[38;2;208;208;233m█[38;2;255;255;255m█[38;2;253;253;251m█[38;2;253;253;253m████████████[38;2;253;253;251m█[38;2;255;255;255m█[38;2;208;208;233m█[38;2;0;0;25m█[38;2;2;2;123m█[38;2;4;4;125m█[38;2;13;13;9m██[38;2;13;13;16m██
██[38;2;13;13;9m██[38;2;4;4;125m█[38;2;2;2;123m█[38;2;0;0;25m█[38;2;208;208;233m█[38;2;255;255;255m█[38;2;253;253;251m█[38;2;253;253;253m████████████[38;2;253;253;251m█[38;2;255;255;255m█[38;2;208;208;233m█[38;2;0;0;25m█[38;2;2;2;123m█[38;2;4;4;125m█[38;2;13;13;9m██[38;2;13;13;16m██
██[38;2;13;13;9m██[38;2;5;4;125m█[38;2;3;2;123m█[38;2;0;0;25m█[38;2;208;208;233m█[38;2;255;255;255m█[38;2;253;253;251m█[38;2;253;253;253m████████████[38;2;253;253;251m█[38;2;255;255;255m█[38;2;208;208;233m█[38;2;0;0;25m█[38;2;2;2;123m█[38;2;4;4;125m█[38;2;13;13;9m██[38;2;13;13;16m██
██[38;2;13;13;9m██[38;2;5;4;125m█[38;2;3;2;123m█[38;2;1;1;26m█[38;2;208;208;233m█[38;2;255;255;255m█[38;2;253;253;251m█[38;2;253;253;253m████████████[38;2;253;253;251m█[38;2;255;255;255m█[38;2;208;208;233m█[38;2;1;1;26m█[38;2;2;2;123m█[38;2;4;4;125m█[38;2;13;13;9m██[38;2;13;13;16m██
██[38;2;13;13;9m██[38;2;5;4;125m█[38;2;3;2;123m█[38;2;0;0;24m█[38;2;207;207;232m█[38;2;255;255;255m█[38;2;253;253;251m█[38;2;253;253;253m████████████[38;2;253;253;251m█[38;2;255;255;255m█[38;2;208;208;233m█[38;2;0;0;24m█[38;2;2;2;123m█[38;2;4;4;125m█[38;2;13;13;9m██[38;2;13;13;16m██
██[38;2;13;15;6m██[38;2;4;4;131m█[38;2;5;5;132m█[38;2;0;0;25m█[38;2;151;150;187m█[38;2;255;255;255m█[38;2;253;253;249m█[38;2;253;253;253m█[38;2;255;255;255m████[38;2;253;253;253m██[38;2;255;255;255m████[38;2;253;253;253m█[38;2;253;253;249m█[38;2;255;255;255m█[38;2;154;153;190m█[38;2;0;0;25m█[38;2;5;5;130m█[38;2;4;4;129m█[38;2;13;15;6m██[38;2;13;13;16m██
██[38;2;13;15;4m██[38;2;5;5;123m█[38;2;6;6;124m█[38;2;0;0;74m█[38;2;15;15;91m█[38;2;198;200;188m█[38;2;255;255;253m█[38;2;255;255;255m█[38;2;225;225;225m█[38;2;107;108;100m█[38;2;98;100;91m█[38;2;215;215;215m█[38;2;255;255;255m██[38;2;216;216;216m█[38;2;98;100;91m█[38;2;105;107;98m█[38;2;225;225;225m█[38;2;255;255;255m█[38;2;255;255;254m█[38;2;202;203;192m█[38;2;17;17;93m█[38;2;0;0;73m█[38;2;6;8;125m█[38;2;4;5;123m█[38;2;13;15;4m██[38;2;13;13;16m██
██[38;2;13;15;6m██[38;2;8;8;79m██[38;2;4;4;172m█[38;2;0;0;155m█[38;2;5;6;0m█[38;2;70;72;61m█[38;2;80;81;73m█[38;2;18;19;11m█[38;2;0;0;46m██[38;2;12;12;8m█[38;2;76;76;72m██[38;2;12;12;8m█[38;2;0;0;47m█[38;2;0;0;46m█[38;2;18;19;11m█[38;2;80;81;73m█[38;2;72;73;62m█[38;2;6;8;0m█[38;2;0;0;153m█[38;2;4;4;169m█[38;2;9;9;82m█[38;2;8;8;81m█[38;2;13;15;6m██[38;2;13;13;16m██
██[38;2;13;13;13m██[38;2;13;13;19m██[38;2;0;1;198m█[38;2;1;2;200m█[38;2;0;0;157m█[38;2;0;0;145m█[38;2;0;0;126m█[38;2;0;0;137m█[38;2;0;0;238m█[38;2;0;0;239m█[38;2;0;0;145m█[38;2;0;0;133m██[38;2;0;0;145m█[38;2;0;0;239m█[38;2;0;0;238m█[38;2;0;0;137m█[38;2;0;0;126m█[38;2;0;0;141m█[38;2;0;0;154m█[38;2;1;2;201m█[38;2;0;1;200m█[38;2;13;12;22m██[38;2;13;13;13m██[38;2;13;13;16m██
████[38;2;13;15;6m██[38;2;9;9;73m█[38;2;10;10;74m█[38;2;0;0;228m█[38;2;0;0;229m██[38;2;0;0;228m█[38;2;5;4;145m██[38;2;0;0;223m█[38;2;0;0;224m██[38;2;0;0;223m█[38;2;5;4;145m██[38;2;0;0;229m███[38;2;0;0;228m█[38;2;8;9;74m██[38;2;13;15;6m██[38;2;13;13;16m████
██████[38;2;13;13;9m██[38;2;11;11;40m██[38;2;11;10;47m██[38;2;13;15;6m██[38;2;11;10;42m████[38;2;13;15;6m██[38;2;11;10;45m█[38;2;12;11;46m█[38;2;11;11;40m██[38;2;13;13;9m██[38;2;13;13;16m██████
████████[38;2;13;13;11m████[38;2;13;13;16m██[38;2;13;13;11m████[38;2;13;13;16m██[38;2;13;13;11m████[38;2;13;13;16m████████
████████████████████████████████