[38;2;13;13;16m██████████[38;2;13;15;6m██[38;2;13;12;26m██[38;2;8;8;83m█[38;2;9;9;84m███[38;2;11;12;26m██[38;2;13;15;6m██[38;2;13;13;16m██████████
████████[38;2;13;15;6m██[38;2;9;9;66m█[38;2;10;10;67m█[38;2;0;1;202m██[38;2;0;0;203m█[38;2;0;0;201m██[38;2;0;0;203m█[38;2;0;1;202m██[38;2;10;10;67m█[38;2;9;9;66m█[38;2;13;15;6m██[38;2;13;13;16m████████
██████[38;2;13;13;9m██[38;2;11;10;49m██[38;2;1;2;203m█[38;2;0;0;198m█[38;2;0;0;77m█[38;2;0;0;70m█[38;2;1;1;3m█[38;2;13;13;16m█[38;2;13;13;17m█[38;2;2;2;5m█[38;2;0;0;70m█[38;2;0;0;77m█[38;2;0;0;198m█[38;2;1;2;203m█[38;2;11;10;49m██[38;2;13;13;9m██[38;2;13;13;16m██████
██████[38;2;13;13;11m██[38;2;3;3;166m██[38;2;0;0;70m█[38;2;0;0;66m█[38;2;67;66;51m█[38;2;157;155;140m█[38;2;208;208;205m█[38;2;229;229;226m██[38;2;208;208;205m█[38;2;157;155;140m█[38;2;67;66;51m█[38;2;0;0;66m█[38;2;0;0;70m█[38;2;3;3;166m██[38;2;13;13;11m██[38;2;13;13;16m██████
████[38;2;13;15;6m██[38;2;9;9;74m█[38;2;10;10;75m█[38;2;5;4;147m█[38;2;0;0;125m█[38;2;32;33;22m█[38;2;183;185;173m█[38;2;255;255;255m████████[38;2;183;185;173m█[38;2;32;33;22m█[38;2;0;0;125m█[38;2;5;4;147m█[38;2;10;10;77m█[38;2;9;9;76m█[38;2;13;15;6m██[38;2;13;13;16m████
████[38;2;13;15;6m██[38;2;4;3;140m█[38;2;5;4;141m█[38;2;0;0;39m█[38;2;48;49;100m█[38;2;235;236;228m█[38;2;255;255;255m█[38;2;254;254;254m█[38;2;253;253;253m██████[38;2;254;254;254m█[38;2;255;255;255m█[38;2;235;236;228m█[38;2;48;49;100m█[38;2;0;0;39m█[38;2;5;4;141m█[38;2;4;3;140m█[38;2;13;15;6m██[38;2;13;13;16m████
██[38;2;13;13;13m██[38;2;11;12;30m██[38;2;6;5;148m█[38;2;0;0;133m█[38;2;28;28;28m█[38;2;232;232;232m█[38;2;255;255;255m█[38;2;253;253;253m██████████[38;2;255;255;255m█[38;2;232;232;232m█[38;2;28;28;28m█[38;2;0;0;133m█[38;2;6;5;148m█[38;2;11;12;30m██[38;2;13;13;13m██[38;2;13;13;16m██
██[38;2;13;13;9m██[38;2;9;9;66m█[38;2;10;10;67m█[38;2;4;4;116m█[38;2;0;0;96m█[38;2;173;174;162m█[38;2;255;255;255m█[38;2;254;254;254m█[38;2;253;253;253m███████████[38;2;255;255;255m█[38;2;173;174;162m█[38;2;0;0;96m█[38;2;4;4;116m█[38;2;10;10;67m█[38;2;9;9;66m█[38;2;13;13;9m██[38;2;13;13;16m██
██[38;2;13;15;6m██[38;2;8;6;95m█[38;2;9;8;96m█[38;2;0;0;69m█[38;2;46;46;122m█[38;2;255;255;246m█[38;2;255;255;249m█[38;2;251;251;251m█[38;2;255;255;255m██[38;2;253;253;253m█████████[38;2;254;255;245m█[38;2;255;255;246m█[38;2;46;46;122m█[38;2;0;0;69m█[38;2;9;8;96m█[38;2;8;6;95m█[38;2;13;15;6m██[38;2;13;13;16m██
██[38;2;13;15;6m██[38;2;5;5;115m█[38;2;6;6;116m█[38;2;0;0;34m█[38;2;130;131;179m█[38;2;255;255;255m█[38;2;189;190;182m█[38;2;28;28;28m█[38;2;126;126;126m█[38;2;244;244;244m█[38;2;255;255;255m█[38;2;254;254;254m█[38;2;253;253;253m██[38;2;255;255;255m█████[38;2;254;255;247m█[38;2;255;255;255m█[38;2;130;131;179m█[38;2;0;0;34m█[38;2;6;6;116m█[38;2;5;5;115m█[38;2;13;15;6m██[38;2;13;13;16m██
██[38;2;13;13;9m██[38;2;5;5;123m██[38;2;0;0;24m█[38;2;186;185;217m█[38;2;255;255;255m█[38;2;196;196;192m█[38;2;9;9;9m█[38;2;0;0;0m█[38;2;34;34;34m█[38;2;167;167;167m█[38;2;254;254;254m███[38;2;233;233;233m█[38;2;230;230;230m█[38;2;231;231;231m█[38;2;230;230;230m█[38;2;232;232;232m█[38;2;253;253;249m█[38;2;255;255;255m█[38;2;186;185;217m█[38;2;0;0;24m█[38;2;5;5;123m██[38;2;13;13;9m██[38;2;13;13;16m██
██[38;2;13;13;9m██[38;2;5;4;125m█[38;2;3;2;123m█[38;2;0;0;26m█[38;2;205;205;232m█[38;2;255;255;255m██[38;2;239;239;239m█[38;2;97;97;97m█[38;2;0;0;0m██[38;2;113;113;113m█[38;2;255;255;255m█[38;2;159;159;159m█[38;2;0;0;0m█[38;2;6;6;6m███[38;2;0;0;0m█[38;2;131;131;129m█[38;2;255;255;255m█[38;2;205;205;232m█[38;2;0;0;26m█[38;2;2;2;123m█[38;2;5;5;126m█[38;2;13;13;9m██[38;2;13;13;16m██
██[38;2;13;13;9m██[38;2;4;4;125m█[38;2;2;2;123m█[38;2;0;0;25m█[38;2;208;208;233m█[38;2;255;255;255m█[38;2;255;255;254m█[38;2;192;192;192m█[38;2;58;58;58m█[38;2;0;0;0m█[38;2;3;3;3m█[38;2;151;151;151m█[38;2;255;255;255m█[38;2;186;186;186m█[38;2;52;52;52m█[38;2;53;53;53m█[38;2;54;54;54m██[38;2;48;48;48m█[38;2;165;165;162m█[38;2;255;255;255m█[38;2;208;208;233m█[38;2;0;0;25m█[38;2;2;2;123m█[38;2;4;4;125m█[38;2;13;13;9m██[38;2;13;13;16m██
██[38;2;13;13;9m██[38;2;4;4;125m█[38;2;2;2;123m█[38;2;0;0;25m█[38;2;208;208;233m█[38;2;255;255;255m█[38;2;176;176;174m█[38;2;0;0;0m██[38;2;83;83;83m█[38;2;216;216;216m█[38;2;255;255;255m█[38;2;253;253;253m█[38;2;255;255;255m████████[38;2;208;208;233m█[38;2;0;0;25m█[38;2;2;2;123m█[38;2;4;4;125m█[38;2;13;13;9m██[38;2;13;13;16m██
██[38;2;13;13;9m██[38;2;4;4;125m█[38;2;2;2;123m█[38;2;0;0;25m█[38;2;208;208;233m█[38;2;255;255;255m█[38;2;211;211;209m█[38;2;86;86;86m█[38;2;181;181;181m█[38;2;255;255;255m██[38;2;253;253;253m███[38;2;254;254;254m█████[38;2;253;253;251m█[38;2;255;255;255m█[38;2;208;208;233m█[38;2;0;0;25m█[38;2;2;2;123m█[38;2;4;4;125m█[38;2;13;13;9m██[38;2;13;13;16m██
██[38;2;13;13;9m██[38;2;4;4;125m█[38;2;2;2;123m█[38;2;0;0;25m█[38;2;208;208;233m█[38;2;255;255;255m█[38;2;255;255;254m█[38;2;255;255;255m██[38;2;254;254;254m█[38;2;253;253;253m█████████[38;2;253;253;251m█[38;2;255;255;255m█[38;2;208;208;233m█[38;2;0;0;25m█[38;2;2;2;123m█[38;2;4;4;125m█[38;2;13;13;9m██[38;2;13;13;16m██
██[38;2;13;13;9m██[38;2;4;4;125m█[38;2;2;2;123m█[38;2;0;0;25m█[38;2;208;208;233m█[38;2;255;255;255m█[38;2;253;253;251m█[38;2;253;253;253m████████████[38;2;253;253;251m█[38;2;255;255;255m█[38;2;208;208;233m█[38;2;0;0;25m█[38;2;2;2;123m█[38;2;4;4;125m█[38;2;13;13;9m██[38;2;13;13;16m██
██[38;2;13;13;9m██[38;2;4;4;125m█[38;2;2;2;123m█[38;2;0;0;25m█[38;2;208;208;233m█[38;2;255;255;255m█[38;2;253;253;251m█[38;2;253;253;253m████████████[38;2;253;253;251m█[38;2;255;255;255m█[38;2;208;208;233m█[38;2;0;0;25m█[38;2;2;2;123m█[38;2;4;4;125m█[38;2;13;13;9m██[38;2;13;13;16m██
██[38;2;13;13;9m██[38;2;4;4;125m█[38;2;2;2;123m█[38;2;0;0;25m█[38;2;208;208;233m█[38;2;255;255;255m█[38;2;253;253;251m█[38;2;253;253;253m████████████[38;2;253;253;251m█[38;2;255;255;255m█[38;2;208;208;233m█[38;2;0;0;25m█[38;2;2;2;123m█[38;2;4;4;125m█[38;2;13;13;9m██[38;2;13;13;16m██
██[38;2;13;13;9m██[38;2;4;4;125m█[38;2;2;2;123m█[38;2;0;0;25m█[38;2;208;208;233m█[38;2;255;255;255m█[38;2;253;253;251m█[38;2;253;253;253m████████████[38;2;253;253;251m█[38;2;255;255;255m█[38;2;208;208;233m█[38;2;0;0;25m█[38;2;2;2;123m█[38;2;4;4;125m█[38;2;13;13;9m██[38;2;13;13;16m██
██[38;2;13;13;9m██[38;2;5;4;125m█[38;2;3;2;123m█[38;2;0;0;25m█[38;2;208;208;233m█[38;2;255;255;255m█[38;2;253;253;251m█[38;2;253;253;253m████████████[38;2;253;253;251m█[38;2;255;255;255m█[38;2;208;208;233m█[38;2;0;0;25m█[38;2;2;2;123m█[38;2;4;4;125m█[38;2;13;13;9m██[38;2;13;13;16m██
██[38;2;13;13;9m██[38;2;5;4;125m█[38;2;3;2;123m█[38;2;0;0;25m█[38;2;208;208;233m█[38;2;255;255;255m█[38;2;253;253;251m█[38;2;253;253;253m████████████[38;2;253;253;251m█[38;2;255;255;255m█[38;2;208;208;233m█[38;2;0;0;25m█[38;2;2;2;123m█[38;2;4;4;125m█[38;2;13;13;9m██[38;2;13;13;16m██
██[38;2;13;13;9m██[38;2;5;4;125m█[38;2;3;2;123m█[38;2;1;1;26m█[38;2;209;209;235m█[38;2;255;255;255m█[38;2;253;253;251m█[38;2;253;253;253m████████████[38;2;253;253;251m█[38;2;255;255;255m█[38;2;209;209;235m█[38;2;1;1;26m█[38;2;2;2;123m█[38;2;4;4;125m█[38;2;13;13;9m██[38;2;13;13;16m██
██[38;2;13;13;9m██[38;2;4;4;127m█[38;2;3;3;126m█[38;2;0;0;22m█[38;2;200;200;226m█[38;2;255;255;255m█[38;2;253;253;249m█[38;2;253;253;253m██[38;2;255;255;255m██[38;2;253;253;253m████[38;2;255;255;255m██[38;2;253;253;253m██[38;2;253;253;249m█[38;2;255;255;255m█[38;2;201;201;228m█[38;2;0;0;23m█[38;2;3;3;126m█[38;2;4;4;127m█[38;2;13;13;9m██[38;2;13;13;16m██
██[38;2;13;15;6m██[38;2;4;4;133m█[38;2;5;5;134m█[38;2;0;0;33m█[38;2;107;108;153m█[38;2;255;255;255m█[38;2;255;255;252m█[38;2;255;255;255m██[38;2;246;246;246m█[38;2;243;243;243m█[38;2;255;255;255m████[38;2;243;243;243m█[38;2;245;245;245m█[38;2;255;255;255m██[38;2;255;255;252m█[38;2;255;255;255m█[38;2;110;111;157m█[38;2;0;0;33m█[38;2;5;5;134m█[38;2;4;4;133m█[38;2;13;15;6m██[38;2;13;13;16m██
██[38;2;13;15;4m██[38;2;5;5;118m█[38;2;6;6;119m█[38;2;1;2;103m█[38;2;0;0;91m█[38;2;127;126;113m█[38;2;230;229;216m█[38;2;236;236;233m█[38;2;160;160;158m█[38;2;34;35;27m█[38;2;28;30;22m█[38;2;148;148;146m█[38;2;233;233;231m██[38;2;148;148;146m█[38;2;27;28;20m█[38;2;33;34;26m█[38;2;161;161;159m█[38;2;236;236;233m█[38;2;231;230;217m█[38;2;132;131;118m█[38;2;0;0;91m█[38;2;1;2;102m█[38;2;6;6;119m█[38;2;5;5;118m█[38;2;13;15;4m██[38;2;13;13;16m██
██[38;2;13;13;9m██[38;2;9;9;66m█[38;2;10;10;67m█[38;2;1;2;201m█[38;2;0;0;194m█[38;2;0;0;10m█[38;2;10;10;31m█[38;2;17;16;30m█[38;2;0;0;5m█[38;2;0;0;120m█[38;2;0;0;122m█[38;2;0;0;11m█[38;2;12;12;33m██[38;2;0;0;11m█[38;2;0;0;122m█[38;2;0;0;120m█[38;2;0;0;5m█[38;2;17;16;30m█[38;2;10;11;28m█[38;2;0;0;8m█[38;2;0;0;192m█[38;2;1;2;200m█[38;2;9;9;66m██[38;2;13;13;9m██[38;2;13;13;16m██
██[38;2;13;13;13m████[38;2;2;2;181m█[38;2;3;3;182m█[38;2;0;0;217m█[38;2;0;0;211m█[38;2;0;0;197m█[38;2;0;0;203m█[38;2;0;0;247m██[38;2;0;0;205m█[38;2;0;0;200m██[38;2;0;0;205m█[38;2;0;0;247m██[38;2;0;0;203m█[38;2;0;0;197m█[38;2;0;0;211m█[38;2;0;0;217m█[38;2;3;2;185m█[38;2;2;1;183m█[38;2;13;13;13m████[38;2;13;13;16m██
████[38;2;13;13;9m██[38;2;11;10;47m██[38;2;2;0;194m██[38;2;2;0;198m██[38;2;8;6;100m██[38;2;2;1;192m██[38;2;2;0;194m██[38;2;8;5;102m██[38;2;2;0;198m██[38;2;2;0;194m██[38;2;11;10;49m██[38;2;13;13;9m██[38;2;13;13;16m████
██████[38;2;13;13;11m██[38;2;13;13;19m██[38;2;13;12;22m██[38;2;13;15;4m██[38;2;13;13;19m████[38;2;13;15;4m██[38;2;13;12;22m██[38;2;13;13;19m██[38;2;13;13;11m██[38;2;13;13;16m██████
████████[38;2;13;13;13m████[38;2;13;13;16m██[38;2;13;13;13m████[38;2;13;13;16m██[38;2;13;13;13m████[38;2;13;13;16m████████
████████████████████████████████