[38;2;13;13;16m████████████████████████████████
████████████[38;2;13;15;6m████████[38;2;13;13;16m████████████
████████[38;2;13;13;13m██[38;2;13;13;11m██[38;2;8;6;89m█[38;2;9;8;90m█[38;2;3;3;168m██[38;2;3;3;162m██[38;2;10;10;75m█[38;2;9;9;74m█[38;2;13;15;6m██[38;2;13;13;16m██████████
██████[38;2;13;13;13m██[38;2;13;13;11m██[38;2;4;3;144m█[38;2;5;4;145m█[38;2;0;0;230m█[38;2;0;0;228m█[38;2;0;0;173m█[38;2;0;0;169m█[38;2;0;0;176m█[38;2;0;0;181m█[38;2;0;0;231m█[38;2;0;0;233m█[38;2;6;6;116m█[38;2;5;5;115m█[38;2;13;15;6m██[38;2;13;13;16m████████
██████[38;2;13;15;4m██[38;2;5;5;112m█[38;2;6;6;113m█[38;2;0;1;204m█[38;2;0;0;195m█[38;2;0;0;27m█[38;2;0;0;35m█[38;2;22;23;12m█[38;2;37;38;27m█[38;2;32;33;25m█[38;2;12;13;5m█[38;2;0;0;51m█[38;2;0;0;54m█[38;2;0;0;214m█[38;2;1;0;218m█[38;2;9;10;77m█[38;2;8;9;76m█[38;2;13;15;6m██[38;2;13;13;16m██████
████[38;2;13;13;11m██[38;2;11;11;40m██[38;2;1;2;200m█[38;2;0;0;195m█[38;2;0;0;22m█[38;2;18;17;52m█[38;2;119;120;109m█[38;2;201;202;190m█[38;2;237;237;237m█[38;2;247;247;247m█[38;2;245;245;245m█[38;2;226;226;226m█[38;2;175;174;159m█[38;2;79;77;62m█[38;2;0;0;63m█[38;2;0;0;67m█[38;2;2;1;187m██[38;2;13;13;17m██[38;2;13;13;13m██[38;2;13;13;16m████
████[38;2;13;15;4m██[38;2;4;4;127m█[38;2;5;5;129m█[38;2;1;1;112m█[38;2;0;0;94m█[38;2;94;93;80m█[38;2;235;233;221m█[38;2;255;255;255m████████[38;2;185;186;174m█[38;2;27;28;17m█[38;2;0;0;134m█[38;2;3;4;155m█[38;2;9;9;86m█[38;2;8;8;84m█[38;2;13;15;6m██[38;2;13;13;16m████
██[38;2;13;13;13m██[38;2;13;12;22m██[38;2;3;3;168m█[38;2;0;0;165m█[38;2;0;0;6m█[38;2;123;124;141m█[38;2;255;255;255m██[38;2;253;253;253m███████[38;2;254;254;254m█[38;2;255;255;255m█[38;2;226;228;217m█[38;2;32;32;91m█[38;2;0;0;51m█[38;2;6;4;151m█[38;2;4;2;148m█[38;2;13;15;6m██[38;2;13;13;16m████
██[38;2;13;13;9m██[38;2;9;10;61m██[38;2;5;4;141m█[38;2;0;0;117m█[38;2;95;96;86m█[38;2;255;255;254m█[38;2;255;255;255m█[38;2;253;253;253m█████████[38;2;253;253;251m█[38;2;255;255;255m█[38;2;211;211;217m█[38;2;10;10;16m█[38;2;0;0;148m█[38;2;4;5;159m█[38;2;11;12;27m██[38;2;13;13;13m██[38;2;13;13;16m██
██[38;2;13;15;6m██[38;2;8;5;102m█[38;2;9;6;103m█[38;2;0;0;84m█[38;2;17;16;103m█[38;2;236;237;226m█[38;2;255;255;251m█[38;2;255;255;255m█[38;2;253;253;253m███████████[38;2;255;255;255m█[38;2;132;133;123m█[38;2;0;0;107m█[38;2;5;5;132m█[38;2;9;10;60m██[38;2;13;13;9m██[38;2;13;13;16m██
██[38;2;13;15;6m██[38;2;5;5;123m█[38;2;6;6;124m█[38;2;0;0;34m█[38;2;119;120;168m█[38;2;255;255;255m█[38;2;251;252;244m█[38;2;235;235;235m█[38;2;255;255;255m██[38;2;253;253;253m█████████[38;2;255;255;247m█[38;2;233;235;223m█[38;2;12;11;104m█[38;2;1;0;93m█[38;2;9;9;86m█[38;2;8;8;84m█[38;2;13;15;6m██[38;2;13;13;16m██
██[38;2;13;13;11m██[38;2;5;5;132m█[38;2;2;2;129m█[38;2;0;0;23m█[38;2;201;201;226m█[38;2;255;255;255m█[38;2;145;145;143m█[38;2;2;2;2m█[38;2;115;115;115m█[38;2;237;237;237m█[38;2;255;255;255m█[38;2;254;254;254m█[38;2;253;253;253m█[38;2;255;255;255m██████[38;2;254;255;245m█[38;2;255;255;254m█[38;2;75;76;141m█[38;2;0;0;55m█[38;2;6;8;105m█[38;2;5;6;104m█[38;2;13;15;6m██[38;2;13;13;16m██
██[38;2;13;13;13m██[38;2;5;5;134m█[38;2;0;0;126m█[38;2;19;20;34m█[38;2;236;237;251m█[38;2;255;255;255m█[38;2;188;188;186m█[38;2;19;19;19m█[38;2;0;0;0m█[38;2;25;25;25m█[38;2;154;154;154m█[38;2;251;251;251m█[38;2;255;255;255m█[38;2;244;244;244m█[38;2;207;207;207m█[38;2;205;205;205m███[38;2;210;210;210m█[38;2;249;250;242m█[38;2;255;255;255m█[38;2;126;127;178m█[38;2;0;0;37m█[38;2;6;6;113m█[38;2;5;5;112m█[38;2;13;15;6m██[38;2;13;13;16m██
████[38;2;5;5;132m█[38;2;0;0;122m█[38;2;35;34;46m█[38;2;247;246;255m█[38;2;254;254;252m█[38;2;255;255;255m█[38;2;250;250;250m█[38;2;89;89;89m█[38;2;0;0;0m██[38;2;133;133;133m█[38;2;255;255;255m█[38;2;112;112;112m█[38;2;0;0;0m█████[38;2;151;151;146m█[38;2;255;255;255m█[38;2;147;148;194m█[38;2;0;0;32m█[38;2;6;6;113m█[38;2;5;5;112m█[38;2;13;15;6m██[38;2;13;13;16m██
████[38;2;5;5;132m█[38;2;0;0;120m█[38;2;35;34;46m█[38;2;247;246;255m█[38;2;255;255;255m█[38;2;245;245;243m█[38;2;139;139;139m█[38;2;20;20;20m█[38;2;0;0;0m█[38;2;38;38;38m█[38;2;197;197;197m█[38;2;255;255;255m█[38;2;183;183;183m█[38;2;83;83;83m█[38;2;87;87;87m███[38;2;88;88;88m█[38;2;205;205;201m█[38;2;255;255;255m█[38;2;150;152;194m█[38;2;0;0;30m█[38;2;6;6;113m█[38;2;5;5;112m█[38;2;13;15;6m██[38;2;13;13;16m██
████[38;2;5;5;132m█[38;2;0;0;122m█[38;2;34;33;45m█[38;2;246;245;255m█[38;2;255;255;255m█[38;2;136;136;133m█[38;2;0;0;0m█[38;2;10;10;10m█[38;2;136;136;136m█[38;2;247;247;247m█[38;2;255;255;255m█[38;2;252;252;252m█[38;2;255;255;255m██████[38;2;255;255;253m█[38;2;255;255;255m█[38;2;151;153;195m█[38;2;0;0;30m█[38;2;6;6;116m█[38;2;5;5;115m█[38;2;13;15;6m██[38;2;13;13;16m██
████[38;2;5;5;132m█[38;2;0;0;122m█[38;2;33;32;44m█[38;2;245;244;255m█[38;2;255;255;255m█[38;2;210;210;208m█[38;2;125;125;125m█[38;2;222;222;222m█[38;2;255;255;255m██[38;2;253;253;253m████████[38;2;253;253;249m█[38;2;255;255;255m█[38;2;153;155;197m█[38;2;0;0;30m█[38;2;6;6;116m█[38;2;5;5;115m█[38;2;13;15;6m██[38;2;13;13;16m██
████[38;2;5;5;132m█[38;2;0;0;122m█[38;2;31;30;41m█[38;2;244;243;254m█[38;2;255;255;253m█[38;2;255;255;255m███[38;2;253;253;253m██████████[38;2;253;253;249m█[38;2;255;255;255m█[38;2;157;159;201m█[38;2;0;0;31m█[38;2;6;6;116m█[38;2;5;5;115m█[38;2;13;15;6m██[38;2;13;13;16m██
████[38;2;5;5;132m█[38;2;0;0;123m█[38;2;28;27;41m█[38;2;242;240;254m█[38;2;255;255;253m█[38;2;253;253;251m█[38;2;253;253;253m████████████[38;2;253;253;249m█[38;2;255;255;255m█[38;2;161;164;203m█[38;2;0;0;28m█[38;2;6;6;118m█[38;2;5;5;117m█[38;2;13;15;6m██[38;2;13;13;16m██
██[38;2;13;13;13m██[38;2;5;5;132m█[38;2;0;0;124m█[38;2;23;24;38m█[38;2;237;238;252m█[38;2;255;255;254m█[38;2;253;253;251m█[38;2;253;253;253m████████████[38;2;253;253;249m█[38;2;255;255;255m█[38;2;165;167;205m█[38;2;0;0;27m█[38;2;6;6;118m█[38;2;5;5;117m█[38;2;13;15;6m██[38;2;13;13;16m██
██[38;2;13;13;13m██[38;2;5;5;130m█[38;2;0;0;122m█[38;2;19;20;35m█[38;2;235;236;251m█[38;2;255;255;254m█[38;2;253;253;251m█[38;2;253;253;253m████████████[38;2;253;253;249m█[38;2;255;255;255m█[38;2;173;172;209m█[38;2;0;0;26m█[38;2;5;5;118m██[38;2;13;15;6m██[38;2;13;13;16m██
██[38;2;13;13;13m██[38;2;5;5;130m█[38;2;0;0;123m█[38;2;16;17;32m█[38;2;231;232;247m█[38;2;255;255;254m█[38;2;253;253;251m█[38;2;253;253;253m████████████[38;2;253;253;249m█[38;2;255;255;255m█[38;2;179;178;215m█[38;2;0;0;27m█[38;2;4;5;120m██[38;2;13;15;6m██[38;2;13;13;16m██
██[38;2;13;13;11m██[38;2;5;5;130m█[38;2;0;0;123m█[38;2;12;13;31m█[38;2;228;229;246m█[38;2;255;255;255m█[38;2;253;253;251m█[38;2;253;253;253m████████████[38;2;253;253;249m█[38;2;255;255;255m█[38;2;185;183;218m█[38;2;0;0;26m█[38;2;5;5;120m██[38;2;13;15;6m██[38;2;13;13;16m██
██[38;2;13;13;11m██[38;2;5;5;130m█[38;2;1;1;125m█[38;2;6;6;27m█[38;2;223;223;244m█[38;2;255;255;255m█[38;2;253;253;251m█[38;2;253;253;253m████████████[38;2;253;253;249m█[38;2;255;255;255m█[38;2;188;187;219m█[38;2;0;0;24m█[38;2;5;5;120m██[38;2;13;15;6m██[38;2;13;13;16m██
██[38;2;13;13;9m██[38;2;5;4;125m██[38;2;0;0;24m█[38;2;161;160;195m█[38;2;255;255;255m█[38;2;254;254;250m█[38;2;253;253;253m█[38;2;255;255;255m████[38;2;254;254;254m█[38;2;253;253;253m█[38;2;255;255;255m████[38;2;253;253;253m█[38;2;254;254;250m█[38;2;255;255;255m█[38;2;126;129;171m█[38;2;0;0;31m█[38;2;6;6;119m█[38;2;5;5;118m█[38;2;13;15;6m██[38;2;13;13;16m██
██[38;2;13;15;6m██[38;2;5;6;107m█[38;2;8;9;109m█[38;2;0;0;73m█[38;2;15;15;90m█[38;2;187;188;176m█[38;2;255;255;249m█[38;2;255;255;255m█[38;2;221;221;221m█[38;2;96;97;87m█[38;2;80;81;70m█[38;2;197;197;195m█[38;2;255;255;255m██[38;2;210;210;210m█[38;2;87;88;77m█[38;2;86;87;76m█[38;2;208;208;208m█[38;2;255;255;255m█[38;2;255;255;250m█[38;2;181;182;171m█[38;2;5;4;89m█[38;2;0;0;83m█[38;2;9;8;98m█[38;2;8;6;97m█[38;2;13;15;6m██[38;2;13;13;16m██
██[38;2;13;13;11m██[38;2;11;10;53m██[38;2;4;4;166m█[38;2;0;0;151m█[38;2;0;0;0m█[38;2;55;55;53m█[38;2;68;69;61m█[38;2;15;16;8m█[38;2;0;0;61m█[38;2;0;0;63m█[38;2;3;3;5m█[38;2;60;60;62m█[38;2;65;65;60m█[38;2;9;9;4m█[38;2;0;0;62m██[38;2;8;8;5m█[38;2;63;63;61m█[38;2;56;56;54m█[38;2;0;0;0m█[38;2;0;0;152m█[38;2;4;4;166m█[38;2;11;10;47m██[38;2;13;13;11m██[38;2;13;13;16m██
████[38;2;13;15;6m██[38;2;4;3;140m█[38;2;6;5;143m█[38;2;0;0;180m█[38;2;0;0;168m█[38;2;0;0;145m█[38;2;0;0;154m█[38;2;0;0;219m█[38;2;1;0;221m█[38;2;0;0;166m█[38;2;0;0;154m█[38;2;0;0;148m█[38;2;0;0;158m█[38;2;1;0;221m██[38;2;0;0;160m█[38;2;0;0;150m█[38;2;0;0;166m█[38;2;0;0;176m█[38;2;6;5;140m█[38;2;4;3;138m█[38;2;13;15;6m██[38;2;13;13;16m████
████[38;2;13;13;13m██[38;2;13;13;19m██[38;2;6;5;129m██[38;2;5;4;143m██[38;2;11;10;42m██[38;2;5;5;130m██[38;2;5;4;139m██[38;2;11;10;42m██[38;2;5;5;134m██[38;2;5;5;132m██[38;2;13;13;19m██[38;2;13;13;13m██[38;2;13;13;16m████
██████[38;2;13;13;13m██[38;2;13;15;6m██[38;2;13;15;4m██[38;2;13;13;11m██[38;2;13;15;6m████[38;2;13;13;11m██[38;2;13;15;6m████[38;2;13;13;13m██[38;2;13;13;16m██████
████████████████████████████████
████████████████████████████████