[38;2;13;13;16m████████████████████████████████
████████████[38;2;13;13;9m██[38;2;13;15;4m████[38;2;13;13;9m██[38;2;13;13;16m████████████
████████[38;2;13;13;13m██[38;2;13;13;9m██[38;2;9;9;73m█[38;2;10;10;74m█[38;2;5;4;145m██[38;2;5;4;137m██[38;2;11;10;51m██[38;2;13;15;6m██[38;2;13;13;16m██████████
████████[38;2;13;13;9m██[38;2;5;4;129m█[38;2;6;5;130m█[38;2;0;0;210m█[38;2;0;0;204m█[38;2;0;0;145m█[38;2;0;0;143m█[38;2;0;0;154m█[38;2;0;0;159m█[38;2;0;0;212m█[38;2;1;1;216m█[38;2;9;8;90m█[38;2;8;6;89m█[38;2;13;15;4m██[38;2;13;13;16m████████
██████[38;2;13;15;4m██[38;2;5;6;107m█[38;2;6;8;108m█[38;2;1;1;180m█[38;2;0;0;166m█[38;2;0;0;9m█[38;2;9;9;30m█[38;2;44;42;30m█[38;2;60;59;46m█[38;2;53;54;42m█[38;2;26;27;16m█[38;2;0;0;44m█[38;2;0;0;40m█[38;2;0;0;194m█[38;2;1;2;201m█[38;2;10;11;59m█[38;2;9;10;58m█[38;2;13;13;9m██[38;2;13;13;16m██████
████[38;2;13;13;11m██[38;2;11;11;38m██[38;2;2;2;181m█[38;2;0;0;174m█[38;2;0;0;6m█[38;2;45;46;63m█[38;2;157;158;147m█[38;2;225;226;216m█[38;2;251;251;251m█[38;2;255;255;255m██[38;2;242;242;242m█[38;2;195;194;181m█[38;2;95;94;81m█[38;2;0;0;60m█[38;2;0;0;59m█[38;2;3;3;165m██[38;2;13;13;11m██[38;2;13;13;16m██████
████[38;2;13;15;4m██[38;2;5;5;123m█[38;2;8;8;125m█[38;2;0;0;86m█[38;2;0;0;80m█[38;2;134;136;124m█[38;2;253;254;243m█[38;2;255;255;255m██[38;2;254;254;254m███[38;2;255;255;255m███[38;2;196;197;187m█[38;2;32;33;23m█[38;2;0;0;126m█[38;2;5;4;147m█[38;2;10;10;69m█[38;2;9;9;68m█[38;2;13;13;9m██[38;2;13;13;16m████
██[38;2;13;13;13m██[38;2;13;12;24m██[38;2;3;4;155m█[38;2;0;0;148m█[38;2;0;0;6m█[38;2;169;168;178m█[38;2;255;255;255m█[38;2;255;255;253m█[38;2;253;253;253m████████[38;2;255;255;255m█[38;2;229;230;219m█[38;2;32;32;94m█[38;2;0;0;53m█[38;2;6;6;131m█[38;2;4;4;129m█[38;2;13;15;6m██[38;2;13;13;16m████
██[38;2;13;13;9m██[38;2;9;9;66m█[38;2;10;10;67m█[38;2;5;5;123m█[38;2;0;0;100m█[38;2;137;138;126m█[38;2;255;255;255m█[38;2;253;253;253m██████████[38;2;253;253;251m█[38;2;255;255;255m█[38;2;208;207;216m█[38;2;6;5;15m█[38;2;0;0;141m█[38;2;3;4;150m█[38;2;13;12;22m██[38;2;13;13;13m██[38;2;13;13;16m██
██[38;2;13;15;6m██[38;2;8;5;104m█[38;2;9;6;105m█[38;2;0;0;63m█[38;2;45;45;116m█[38;2;254;255;245m█[38;2;255;255;246m█[38;2;255;255;255m██[38;2;253;253;253m██████████[38;2;255;255;255m█[38;2;122;123;112m█[38;2;0;0;105m█[38;2;5;5;130m█[38;2;11;10;47m██[38;2;13;13;11m██[38;2;13;13;16m██
██[38;2;13;15;6m██[38;2;5;4;125m██[38;2;0;0;24m█[38;2;159;158;195m█[38;2;255;255;255m█[38;2;255;255;251m█[38;2;229;229;229m██[38;2;255;255;255m██[38;2;253;253;253m████████[38;2;255;255;249m█[38;2;223;224;212m█[38;2;2;3;98m█[38;2;1;2;97m█[38;2;10;10;75m█[38;2;9;9;74m█[38;2;13;13;9m██[38;2;13;13;16m██
██[38;2;13;13;13m██[38;2;5;5;132m█[38;2;0;0;126m█[38;2;10;11;28m█[38;2;225;226;244m█[38;2;255;255;255m█[38;2;253;253;251m█[38;2;45;45;45m█[38;2;8;8;8m█[38;2;140;140;140m█[38;2;249;249;249m█[38;2;255;255;255m█[38;2;253;253;253m██[38;2;255;255;255m█████[38;2;255;255;252m█[38;2;255;255;250m█[38;2;56;56;130m█[38;2;0;0;66m█[38;2;9;8;93m█[38;2;8;6;91m█[38;2;13;15;6m██[38;2;13;13;16m██
██[38;2;13;13;17m██[38;2;5;5;134m█[38;2;0;0;122m█[38;2;44;42;52m█[38;2;252;251;255m█[38;2;255;255;253m█[38;2;255;255;255m█[38;2;141;141;141m█[38;2;6;6;6m█[38;2;0;0;0m█[38;2;44;44;44m█[38;2;180;180;180m█[38;2;255;255;255m██[38;2;210;210;210m█[38;2;180;180;180m█[38;2;183;183;183m██[38;2;181;181;181m█[38;2;204;205;197m█[38;2;255;255;255m█[38;2;103;103;162m█[38;2;0;0;47m█[38;2;6;8;103m█[38;2;5;6;102m█[38;2;13;15;6m██[38;2;13;13;16m██
██[38;2;13;13;19m██[38;2;5;5;132m█[38;2;0;0;117m█[38;2;58;58;61m█[38;2;255;255;255m█[38;2;254;254;254m█[38;2;253;253;253m█[38;2;255;255;255m█[38;2;219;219;219m█[38;2;33;33;33m█[38;2;0;0;0m██[38;2;216;216;216m█[38;2;247;247;247m█[38;2;18;18;18m█[38;2;0;0;0m████[38;2;1;2;0m█[38;2;238;239;231m█[38;2;126;127;179m█[38;2;0;0;39m█[38;2;8;9;109m█[38;2;5;6;107m█[38;2;13;15;6m██[38;2;13;13;16m██
██[38;2;13;13;19m██[38;2;5;5;132m█[38;2;0;0;117m█[38;2;56;56;62m█[38;2;255;255;255m█[38;2;254;254;254m█[38;2;255;255;255m█[38;2;197;197;197m█[38;2;62;62;62m█[38;2;0;0;0m█[38;2;2;2;2m█[38;2;116;116;116m█[38;2;247;247;247m█[38;2;255;255;255m█[38;2;155;155;155m█[38;2;112;112;112m█[38;2;117;117;117m██[38;2;113;113;113m█[38;2;145;146;138m█[38;2;255;255;254m█[38;2;125;126;178m█[38;2;0;0;39m█[38;2;6;8;108m█[38;2;5;6;107m█[38;2;13;15;6m██[38;2;13;13;16m██
██[38;2;13;13;19m██[38;2;5;5;132m█[38;2;0;0;117m█[38;2;54;54;60m█[38;2;255;255;255m██[38;2;254;254;254m█[38;2;37;37;37m█[38;2;0;0;0m█[38;2;74;74;74m█[38;2;209;209;209m█[38;2;255;255;255m██[38;2;253;253;253m█[38;2;255;255;255m███████[38;2;125;126;178m█[38;2;0;0;38m█[38;2;6;8;109m█[38;2;5;6;108m█[38;2;13;15;6m██[38;2;13;13;16m██
██[38;2;13;13;17m██[38;2;5;5;132m█[38;2;0;0;118m█[38;2;52;52;58m█[38;2;254;254;255m█[38;2;254;254;254m█[38;2;255;255;255m█[38;2;186;186;186m█[38;2;175;175;175m█[38;2;255;255;255m██[38;2;253;253;253m████████[38;2;253;254;246m█[38;2;255;255;255m█[38;2;129;130;180m█[38;2;0;0;37m█[38;2;6;8;109m█[38;2;5;6;108m█[38;2;13;15;6m██[38;2;13;13;16m██
██[38;2;13;13;17m██[38;2;5;5;132m█[38;2;0;0;119m█[38;2;48;48;54m█[38;2;253;253;255m█[38;2;254;254;252m█[38;2;253;253;251m█[38;2;255;255;255m██[38;2;254;254;254m█[38;2;253;253;253m█████████[38;2;253;254;246m█[38;2;255;255;255m█[38;2;133;134;185m█[38;2;0;0;37m█[38;2;6;8;111m█[38;2;5;6;110m█[38;2;13;15;6m██[38;2;13;13;16m██
██[38;2;13;13;17m██[38;2;5;5;132m█[38;2;0;0;119m█[38;2;44;42;52m█[38;2;251;250;255m█[38;2;254;254;252m█[38;2;253;253;251m█[38;2;253;253;253m████████████[38;2;253;254;246m█[38;2;255;255;255m█[38;2;139;140;188m█[38;2;0;0;34m█[38;2;6;8;111m█[38;2;5;6;110m█[38;2;13;15;6m██[38;2;13;13;16m██
████[38;2;5;5;132m█[38;2;0;0;120m█[38;2;38;37;46m█[38;2;249;247;255m█[38;2;255;255;253m█[38;2;253;253;251m█[38;2;253;253;253m████████████[38;2;253;253;249m█[38;2;255;255;255m█[38;2;146;147;193m█[38;2;0;0;32m█[38;2;6;6;113m█[38;2;5;5;112m█[38;2;13;15;6m██[38;2;13;13;16m██
████[38;2;5;5;132m█[38;2;0;0;122m█[38;2;33;32;44m█[38;2;245;244;255m█[38;2;255;255;253m█[38;2;253;253;251m█[38;2;253;253;253m████████████[38;2;253;253;249m█[38;2;255;255;255m█[38;2;154;157;198m█[38;2;0;0;30m█[38;2;6;6;116m█[38;2;5;5;115m█[38;2;13;15;6m██[38;2;13;13;16m██
██[38;2;13;13;13m██[38;2;5;5;132m█[38;2;0;0;123m█[38;2;25;26;40m█[38;2;239;240;254m█[38;2;255;255;254m█[38;2;253;253;251m█[38;2;253;253;253m████████████[38;2;253;253;249m█[38;2;255;255;255m█[38;2;162;165;204m█[38;2;0;0;28m█[38;2;6;6;118m█[38;2;5;5;117m█[38;2;13;15;6m██[38;2;13;13;16m██
██[38;2;13;13;13m██[38;2;5;5;130m█[38;2;0;0;122m█[38;2;19;20;35m█[38;2;235;236;251m█[38;2;255;255;254m█[38;2;253;253;251m█[38;2;253;253;253m████████████[38;2;253;253;249m█[38;2;255;255;255m█[38;2;173;172;211m█[38;2;0;0;28m█[38;2;5;5;118m██[38;2;13;15;6m██[38;2;13;13;16m██
██[38;2;13;13;13m██[38;2;5;5;130m█[38;2;0;0;123m█[38;2;15;16;33m█[38;2;231;232;250m█[38;2;255;255;254m█[38;2;253;253;251m█[38;2;253;253;253m████████████[38;2;253;253;249m█[38;2;255;255;255m█[38;2;182;181;216m█[38;2;0;0;25m█[38;2;5;5;120m██[38;2;13;15;6m██[38;2;13;13;16m██
██[38;2;13;13;11m██[38;2;5;5;130m█[38;2;1;1;125m█[38;2;4;4;25m█[38;2;219;219;240m█[38;2;255;255;255m█[38;2;253;253;251m█[38;2;253;253;253m███[38;2;255;255;255m█[38;2;254;254;254m█[38;2;253;253;253m████[38;2;255;255;255m█[38;2;254;254;254m█[38;2;253;253;253m█[38;2;253;253;249m█[38;2;255;255;255m█[38;2;180;179;214m█[38;2;0;0;24m█[38;2;5;5;120m██[38;2;13;15;6m██[38;2;13;13;16m██
██[38;2;13;15;6m██[38;2;5;5;123m█[38;2;6;6;124m█[38;2;0;0;27m█[38;2;124;123;162m█[38;2;255;255;254m█[38;2;255;255;255m████[38;2;240;240;240m█[38;2;252;252;252m█[38;2;255;255;255m████[38;2;239;239;239m█[38;2;253;253;253m█[38;2;255;255;255m█[38;2;255;255;252m█[38;2;255;255;255m█[38;2;94;95;145m█[38;2;0;0;39m█[38;2;6;6;116m█[38;2;5;5;115m█[38;2;13;15;6m██[38;2;13;13;16m██
██[38;2;13;15;6m██[38;2;8;6;95m█[38;2;9;8;96m█[38;2;1;2;97m█[38;2;0;0;86m█[38;2;46;45;30m█[38;2;174;173;158m█[38;2;238;238;236m█[38;2;229;229;226m█[38;2;126;127;119m█[38;2;20;22;13m█[38;2;53;54;46m█[38;2;183;185;176m█[38;2;239;239;237m█[38;2;224;224;222m█[38;2;113;115;107m█[38;2;17;18;10m█[38;2;61;61;56m█[38;2;195;195;190m█[38;2;232;231;218m█[38;2;126;125;112m█[38;2;0;0;90m█[38;2;2;3;104m█[38;2;9;9;88m█[38;2;8;8;87m█[38;2;13;15;6m██[38;2;13;13;16m██
██[38;2;13;13;11m██[38;2;11;11;34m██[38;2;2;0;198m█[38;2;0;0;195m█[38;2;0;0;69m█[38;2;0;0;66m█[38;2;20;22;10m█[38;2;12;13;2m█[38;2;0;0;86m█[38;2;0;0;98m█[38;2;0;0;67m█[38;2;0;0;66m█[38;2;22;23;12m█[38;2;10;11;1m█[38;2;0;0;93m█[38;2;0;0;107m█[38;2;0;0;55m█[38;2;0;0;59m█[38;2;9;9;32m█[38;2;0;0;12m█[38;2;0;0;171m█[38;2;4;3;178m█[38;2;11;11;32m██[38;2;13;13;13m██[38;2;13;13;16m██
████[38;2;13;15;6m██[38;2;8;6;94m█[38;2;9;8;95m█[38;2;1;1;208m█[38;2;0;0;204m█[38;2;0;0;192m█[38;2;0;0;194m█[38;2;2;0;196m██[38;2;3;1;201m█[38;2;0;0;197m█[38;2;0;0;192m█[38;2;0;0;194m█[38;2;2;0;196m██[38;2;0;1;200m█[38;2;0;0;196m█[38;2;0;0;209m█[38;2;0;0;214m█[38;2;6;8;105m█[38;2;5;6;104m█[38;2;13;15;6m██[38;2;13;13;16m████
██████[38;2;13;15;4m██[38;2;11;10;45m██[38;2;9;6;103m██[38;2;11;11;32m██[38;2;11;10;47m██[38;2;9;6;103m██[38;2;13;12;27m██[38;2;11;10;51m█[38;2;12;11;52m█[38;2;10;10;77m█[38;2;9;9;76m█[38;2;13;13;11m██[38;2;13;13;16m██████
████████[38;2;13;13;11m██[38;2;13;15;4m██[38;2;13;13;13m██[38;2;13;13;11m██[38;2;13;15;4m██[38;2;13;13;13m██[38;2;13;13;11m██[38;2;13;15;6m██[38;2;13;13;16m████████
████████████████████████████████