[38;2;13;13;16m██████████[38;2;13;13;13m██[38;2;13;13;11m██[38;2;9;9;66m█[38;2;10;10;67m█[38;2;9;8;95m██[38;2;11;10;49m██[38;2;13;15;6m██[38;2;13;13;13m██[38;2;13;13;16m████████
████████[38;2;13;13;13m██[38;2;13;13;17m██[38;2;3;4;158m██[38;2;0;0;219m█[38;2;0;0;216m█[38;2;0;0;194m██[38;2;0;0;209m█[38;2;0;0;212m█[38;2;6;6;133m█[38;2;5;5;132m█[38;2;13;13;13m████[38;2;13;13;16m██████
████████[38;2;13;15;6m██[38;2;4;3;140m█[38;2;5;4;141m█[38;2;1;1;174m█[38;2;0;0;160m█[38;2;0;0;12m█[38;2;0;0;22m█[38;2;12;12;10m█[38;2;15;15;12m█[38;2;1;1;30m█[38;2;0;0;18m█[38;2;0;0;148m█[38;2;0;0;162m█[38;2;6;5;144m█[38;2;5;4;143m█[38;2;13;13;9m██[38;2;13;13;16m██████
██████[38;2;13;13;9m██[38;2;9;10;58m██[38;2;3;2;185m█[38;2;0;0;175m█[38;2;0;0;0m█[38;2;42;42;48m█[38;2;141;143;134m█[38;2;203;204;196m█[38;2;228;228;228m█[38;2;229;229;229m█[38;2;212;214;205m█[38;2;167;168;160m█[38;2;87;87;82m█[38;2;9;9;4m█[38;2;0;0;137m█[38;2;1;2;155m█[38;2;9;8;95m█[38;2;8;6;94m█[38;2;13;15;4m██[38;2;13;13;16m████
██████[38;2;13;15;4m██[38;2;4;3;136m█[38;2;6;5;138m█[38;2;0;0;77m█[38;2;0;0;68m█[38;2;130;131;119m█[38;2;251;252;240m█[38;2;255;255;255m███████[38;2;218;218;214m█[38;2;86;87;104m█[38;2;0;0;9m█[38;2;0;0;161m█[38;2;4;4;169m█[38;2;13;12;27m██[38;2;13;13;13m██[38;2;13;13;16m██
████[38;2;13;13;13m██[38;2;13;12;24m██[38;2;3;4;158m█[38;2;0;0;152m█[38;2;0;0;1m█[38;2;152;151;160m█[38;2;255;255;255m█[38;2;255;255;254m█[38;2;253;253;253m███████[38;2;255;255;255m█[38;2;255;255;253m█[38;2;152;153;141m█[38;2;0;0;90m█[38;2;0;0;97m█[38;2;8;9;104m█[38;2;5;6;102m█[38;2;13;15;6m██[38;2;13;13;16m██
████[38;2;13;13;11m██[38;2;9;10;58m██[38;2;5;5;132m█[38;2;0;0;107m█[38;2;101;102;91m█[38;2;255;255;255m█[38;2;254;254;254m█[38;2;253;253;253m█████████[38;2;254;254;252m█[38;2;255;255;255m█[38;2;157;157;178m█[38;2;0;0;12m█[38;2;2;1;144m█[38;2;5;4;147m█[38;2;13;13;13m██[38;2;13;13;16m██
████[38;2;13;15;6m██[38;2;8;6;89m█[38;2;9;8;90m█[38;2;0;0;87m█[38;2;10;9;97m█[38;2;230;231;221m█[38;2;255;255;250m█[38;2;253;253;253m███████[38;2;254;254;254m█[38;2;253;253;253m███[38;2;254;254;254m█[38;2;255;255;255m█[38;2;104;105;97m█[38;2;0;0;109m█[38;2;5;5;132m█[38;2;11;10;45m██[38;2;13;13;11m██
[38;2;13;13;16m████[38;2;13;15;6m██[38;2;5;5;112m█[38;2;6;6;113m█[38;2;0;0;42m█[38;2;95;96;150m█[38;2;255;255;255m█[38;2;253;254;246m█[38;2;253;253;253m██████[38;2;255;255;255m█[38;2;252;252;252m█[38;2;255;255;255m██[38;2;253;253;253m██[38;2;255;255;249m█[38;2;230;231;219m█[38;2;11;10;101m█[38;2;1;0;90m█[38;2;9;9;80m█[38;2;8;8;79m█[38;2;13;15;6m██
[38;2;13;13;16m████[38;2;13;15;6m██[38;2;4;5;123m██[38;2;0;0;23m█[38;2;172;171;205m█[38;2;255;255;255m█[38;2;253;253;249m█[38;2;253;253;253m█████[38;2;255;255;255m█[38;2;150;150;150m█[38;2;31;31;31m█[38;2;154;154;154m█[38;2;253;253;253m█[38;2;255;255;255m█[38;2;253;253;253m█[38;2;253;254;246m█[38;2;255;255;255m█[38;2;93;93;154m█[38;2;0;0;51m█[38;2;8;9;107m█[38;2;5;6;104m█[38;2;13;15;6m██
[38;2;13;13;16m████[38;2;13;13;11m██[38;2;5;5;129m█[38;2;2;2;125m█[38;2;2;2;25m█[38;2;211;211;235m█[38;2;255;255;255m█[38;2;253;253;251m█[38;2;253;253;253m█████[38;2;255;255;255m█[38;2;165;165;165m█[38;2;0;0;0m██[38;2;54;54;54m█[38;2;188;188;188m█[38;2;255;255;255m█[38;2;254;254;250m█[38;2;255;255;255m█[38;2;139;141;183m█[38;2;0;0;31m█[38;2;6;6;116m█[38;2;5;5;115m█[38;2;13;15;6m██
[38;2;13;13;16m████[38;2;13;13;11m██[38;2;5;5;130m█[38;2;0;0;124m█[38;2;11;12;30m█[38;2;225;226;244m█[38;2;255;255;255m█[38;2;253;253;251m█[38;2;253;253;253m██████[38;2;255;255;255m█[38;2;226;226;226m█[38;2;74;74;74m█[38;2;0;0;0m██[38;2;147;147;147m█[38;2;255;255;255m█[38;2;126;126;122m█[38;2;0;0;27m█[38;2;0;0;31m█[38;2;5;5;120m██[38;2;13;15;6m██
[38;2;13;13;16m████[38;2;13;13;11m██[38;2;5;5;130m█[38;2;0;0;123m█[38;2;12;13;31m█[38;2;226;228;245m█[38;2;255;255;255m█[38;2;253;253;251m█[38;2;253;253;253m█████[38;2;254;254;254m█[38;2;253;253;253m█[38;2;174;174;174m█[38;2;40;40;40m█[38;2;0;0;0m█[38;2;13;13;13m█[38;2;179;179;179m█[38;2;255;255;255m█[38;2;162;162;158m█[38;2;31;30;65m█[38;2;0;0;30m█[38;2;5;5;120m██[38;2;13;15;6m██
[38;2;13;13;16m████[38;2;13;13;11m██[38;2;5;5;130m█[38;2;0;0;123m█[38;2;13;15;32m█[38;2;229;230;247m█[38;2;255;255;255m█[38;2;253;253;251m█[38;2;253;253;253m█████[38;2;255;255;255m█[38;2;138;138;138m█[38;2;0;0;0m██[38;2;105;105;105m█[38;2;230;230;230m█[38;2;255;255;255m█[38;2;252;252;247m█[38;2;255;255;255m█[38;2;186;185;219m█[38;2;0;0;25m█[38;2;5;5;118m██[38;2;13;15;6m██
[38;2;13;13;16m████[38;2;13;13;13m██[38;2;5;5;130m█[38;2;0;0;122m█[38;2;18;19;34m█[38;2;232;233;249m█[38;2;255;255;254m█[38;2;253;253;251m█[38;2;253;253;253m█████[38;2;255;255;255m█[38;2;183;183;183m█[38;2;89;89;89m█[38;2;203;203;203m█[38;2;255;255;255m██[38;2;253;253;253m█[38;2;253;253;249m█[38;2;255;255;255m█[38;2;175;174;211m█[38;2;0;0;26m█[38;2;5;5;118m██[38;2;13;15;6m██
[38;2;13;13;16m████[38;2;13;13;13m██[38;2;5;5;132m█[38;2;0;0;123m█[38;2;25;26;40m█[38;2;239;240;254m█[38;2;255;255;253m█[38;2;253;253;251m█[38;2;253;253;253m██████[38;2;255;255;255m███[38;2;253;253;253m███[38;2;253;253;249m█[38;2;255;255;255m█[38;2;161;164;203m█[38;2;0;0;28m█[38;2;6;6;118m█[38;2;5;5;117m█[38;2;13;15;6m██
[38;2;13;13;16m████[38;2;13;13;17m██[38;2;5;5;132m█[38;2;0;0;120m█[38;2;39;38;47m█[38;2;250;249;255m█[38;2;255;255;253m█[38;2;253;253;251m█[38;2;253;253;253m████████████[38;2;253;254;246m█[38;2;255;255;255m█[38;2;145;146;192m█[38;2;0;0;32m█[38;2;6;6;113m█[38;2;5;5;112m█[38;2;13;15;6m██
[38;2;13;13;16m████[38;2;13;13;19m██[38;2;5;5;132m█[38;2;0;0;117m█[38;2;58;58;61m█[38;2;255;255;255m█[38;2;254;254;254m█[38;2;253;253;253m█████████████[38;2;253;254;246m█[38;2;255;255;255m█[38;2;122;123;176m█[38;2;0;0;41m█[38;2;6;8;108m█[38;2;5;6;107m█[38;2;13;15;6m██
[38;2;13;13;16m██[38;2;13;13;13m██[38;2;13;12;26m██[38;2;5;5;132m█[38;2;0;0;112m█[38;2;84;84;84m█[38;2;255;255;255m█[38;2;253;253;253m██████████████[38;2;253;254;246m█[38;2;255;255;255m█[38;2;91;91;155m█[38;2;0;0;53m█[38;2;9;8;98m█[38;2;8;6;97m█[38;2;13;15;6m██
[38;2;13;13;16m██[38;2;13;13;13m██[38;2;11;11;32m██[38;2;5;5;129m█[38;2;0;0;105m█[38;2;120;120;116m█[38;2;255;255;255m█[38;2;253;253;253m██████████████[38;2;254;255;245m█[38;2;255;255;250m█[38;2;56;56;132m█[38;2;0;0;68m█[38;2;9;9;88m█[38;2;8;8;87m█[38;2;13;15;6m██
[38;2;13;13;16m██[38;2;13;13;11m██[38;2;11;10;42m██[38;2;6;6;124m█[38;2;0;0;101m█[38;2;162;164;155m█[38;2;255;255;255m█[38;2;253;253;253m██████████████[38;2;255;255;246m█[38;2;243;244;233m█[38;2;24;23;111m█[38;2;0;0;87m█[38;2;10;10;75m█[38;2;9;9;74m█[38;2;13;13;9m██
[38;2;13;13;16m██[38;2;13;13;11m██[38;2;9;10;55m██[38;2;4;4;111m█[38;2;0;0;98m█[38;2;203;204;194m█[38;2;255;255;252m█[38;2;253;253;253m██████████████[38;2;255;255;250m█[38;2;216;217;207m█[38;2;0;0;100m█[38;2;2;3;104m█[38;2;10;11;61m█[38;2;9;10;60m█[38;2;13;13;9m██
[38;2;13;13;16m██[38;2;13;13;9m██[38;2;9;9;70m█[38;2;10;10;72m█[38;2;0;1;93m█[38;2;12;15;107m█[38;2;235;236;225m█[38;2;255;255;247m█[38;2;253;253;253m██████████████[38;2;255;255;254m█[38;2;180;181;171m█[38;2;0;0;97m█[38;2;5;5;118m█[38;2;11;10;47m██[38;2;13;13;11m██
[38;2;13;13;16m██[38;2;13;15;6m██[38;2;8;8;84m█[38;2;9;9;86m█[38;2;0;0;77m█[38;2;37;35;118m█[38;2;255;255;246m█[38;2;255;255;249m█[38;2;253;253;253m████[38;2;255;255;255m██[38;2;253;253;253m████[38;2;255;255;255m██[38;2;253;253;253m██[38;2;255;255;255m█[38;2;122;122;117m█[38;2;0;0;107m█[38;2;5;5;130m█[38;2;11;11;37m██[38;2;13;13;13m██
[38;2;13;13;16m██[38;2;13;15;6m██[38;2;8;6;94m█[38;2;9;8;95m█[38;2;1;0;93m█[38;2;8;6;100m█[38;2;210;211;200m█[38;2;250;251;239m█[38;2;255;255;255m████[38;2;243;243;243m█[38;2;245;245;245m█[38;2;255;255;255m████[38;2;240;240;240m█[38;2;249;249;249m█[38;2;255;255;255m██[38;2;223;222;231m█[38;2;20;19;28m█[38;2;0;0;140m█[38;2;3;4;150m█[38;2;13;12;22m██[38;2;13;13;13m██
[38;2;13;13;16m██[38;2;13;15;6m██[38;2;8;8;83m█[38;2;9;9;84m█[38;2;5;4;143m█[38;2;0;0;127m█[38;2;15;13;0m█[38;2;34;33;18m█[38;2;155;155;153m█[38;2;236;236;233m█[38;2;230;230;225m█[38;2;141;141;137m█[38;2;27;28;20m█[38;2;34;35;27m█[38;2;169;169;167m█[38;2;238;238;236m█[38;2;226;226;222m█[38;2;129;129;124m█[38;2;23;24;16m█[38;2;45;46;38m█[38;2;183;185;173m█[38;2;186;187;175m█[38;2;31;31;93m█[38;2;0;0;54m█[38;2;4;5;153m█[38;2;2;3;151m█[38;2;13;15;6m██[38;2;13;13;16m██
██[38;2;13;13;11m██[38;2;11;10;42m██[38;2;0;0;207m█[38;2;0;0;204m█[38;2;0;0;132m█[38;2;0;0;126m█[38;2;0;0;1m█[38;2;17;16;25m█[38;2;10;9;41m█[38;2;0;0;20m█[38;2;0;0;120m█[38;2;0;0;117m█[38;2;0;0;0m█[38;2;19;19;23m█[38;2;9;8;45m█[38;2;0;0;25m█[38;2;0;0;116m█[38;2;0;0;109m█[38;2;0;0;10m██[38;2;0;0;167m█[38;2;3;3;182m█[38;2;9;8;95m█[38;2;8;6;94m█[38;2;13;15;6m██[38;2;13;13;16m██
████[38;2;13;13;9m██[38;2;2;2;161m█[38;2;3;3;162m█[38;2;0;0;254m██[38;2;0;0;201m█[38;2;0;0;195m█[38;2;0;0;207m█[38;2;0;0;212m█[38;2;0;0;245m██[38;2;0;0;196m█[38;2;0;0;190m█[38;2;0;0;209m█[38;2;0;0;215m█[38;2;0;0;244m██[38;2;0;0;223m██[38;2;1;2;197m█[38;2;0;1;196m█[38;2;13;13;19m██[38;2;13;13;13m██[38;2;13;13;16m██
████[38;2;13;13;11m██[38;2;11;11;37m██[38;2;5;6;107m█[38;2;6;8;108m█[38;2;0;0;207m██[38;2;3;2;175m██[38;2;5;6;107m█[38;2;6;8;108m█[38;2;0;0;210m██[38;2;3;3;171m██[38;2;5;6;110m█[38;2;6;8;111m█[38;2;2;1;189m██[38;2;10;11;59m█[38;2;9;10;58m█[38;2;13;13;9m██[38;2;13;13;16m████
██████[38;2;13;13;11m██[38;2;13;15;6m██[38;2;13;12;24m██[38;2;13;13;17m██[38;2;13;15;6m██[38;2;13;12;26m██[38;2;13;13;16m██[38;2;13;15;6m██[38;2;13;13;16m██[38;2;13;13;11m██[38;2;13;13;16m██████
██████████[38;2;13;13;13m████[38;2;13;13;16m██[38;2;13;13;13m████[38;2;13;13;16m██[38;2;13;13;13m██[38;2;13;13;16m████████
████████████████████████████████