[38;2;13;13;16m████████████████████████████████
██████████[38;2;13;13;13m██[38;2;13;15;6m██[38;2;13;13;11m██[38;2;13;13;9m██[38;2;13;15;6m██[38;2;13;13;16m████████████
████████[38;2;13;13;13m████[38;2;5;6;104m█[38;2;6;8;105m█[38;2;2;1;183m█[38;2;3;2;185m█[38;2;2;2;179m██[38;2;9;8;93m█[38;2;8;6;91m█[38;2;13;13;9m██[38;2;13;13;13m██[38;2;13;13;16m████████
██████[38;2;13;13;13m████[38;2;3;4;155m█[38;2;4;5;157m█[38;2;0;0;232m█[38;2;0;0;229m█[38;2;0;0;166m█[38;2;0;0;164m█[38;2;0;0;167m█[38;2;0;0;172m█[38;2;0;0;232m█[38;2;0;0;235m█[38;2;5;5;132m█[38;2;4;4;131m█[38;2;13;15;6m██[38;2;13;13;16m████████
██████[38;2;13;15;4m██[38;2;5;5;120m█[38;2;6;6;122m█[38;2;0;1;202m█[38;2;0;0;192m█[38;2;0;0;24m█[38;2;0;0;33m█[38;2;25;26;16m█[38;2;41;42;32m█[38;2;38;39;28m█[38;2;17;18;8m█[38;2;0;0;46m██[38;2;0;0;212m█[38;2;1;0;218m█[38;2;9;8;90m█[38;2;8;6;89m█[38;2;13;15;6m██[38;2;13;13;16m██████
████[38;2;13;13;11m██[38;2;11;10;42m██[38;2;1;2;201m█[38;2;0;0;196m█[38;2;0;0;19m█[38;2;19;18;51m█[38;2;123;124;112m█[38;2;204;205;194m█[38;2;240;240;240m█[38;2;251;251;251m█[38;2;249;249;249m█[38;2;232;232;232m█[38;2;185;183;171m█[38;2;89;88;75m█[38;2;0;0;59m█[38;2;0;0;56m█[38;2;2;0;194m██[38;2;13;12;22m██[38;2;13;13;13m██[38;2;13;13;16m████
████[38;2;13;15;4m██[38;2;4;4;129m█[38;2;5;5;130m█[38;2;2;2;113m█[38;2;0;0;94m█[38;2;93;91;79m█[38;2;235;233;221m█[38;2;255;255;255m███[38;2;254;254;254m█[38;2;255;255;255m████[38;2;196;197;186m█[38;2;37;38;26m█[38;2;0;0;130m█[38;2;3;4;152m█[38;2;9;8;96m█[38;2;8;6;95m█[38;2;13;15;6m██[38;2;13;13;16m████
██[38;2;13;13;13m██[38;2;13;12;22m██[38;2;3;3;171m█[38;2;1;1;168m█[38;2;0;0;9m█[38;2;119;119;140m█[38;2;255;255;255m█[38;2;255;255;254m█[38;2;253;253;253m████████[38;2;255;255;255m█[38;2;236;237;229m█[38;2;44;45;96m█[38;2;0;0;41m█[38;2;4;5;157m█[38;2;3;4;155m█[38;2;13;13;9m██[38;2;13;13;16m████
██[38;2;13;13;9m██[38;2;9;10;61m██[38;2;5;4;143m█[38;2;0;0;119m█[38;2;89;90;80m█[38;2;255;255;253m█[38;2;255;255;255m█[38;2;253;253;253m██████████[38;2;255;255;255m█[38;2;223;223;225m█[38;2;17;17;19m█[38;2;0;0;150m█[38;2;4;4;161m█[38;2;11;11;32m██[38;2;13;13;13m██[38;2;13;13;16m██
██[38;2;13;15;6m██[38;2;8;6;100m█[38;2;9;8;101m█[38;2;0;0;87m█[38;2;12;11;100m█[38;2;230;231;219m█[38;2;255;255;250m█[38;2;255;255;255m█[38;2;253;253;253m███████████[38;2;255;255;255m█[38;2;148;150;138m█[38;2;0;0;104m█[38;2;4;4;127m█[38;2;10;10;67m█[38;2;9;9;66m█[38;2;13;13;9m██[38;2;13;13;16m██
██[38;2;13;15;6m██[38;2;5;5;123m█[38;2;6;6;124m█[38;2;0;0;38m█[38;2;110;111;161m█[38;2;255;255;255m█[38;2;250;251;243m█[38;2;230;230;230m█[38;2;255;255;255m██[38;2;253;253;253m█████████[38;2;255;255;247m█[38;2;242;243;232m█[38;2;20;19;108m█[38;2;0;0;86m█[38;2;9;8;95m█[38;2;8;6;94m█[38;2;13;15;6m██[38;2;13;13;16m██
██[38;2;13;13;9m██[38;2;5;5;132m█[38;2;3;3;130m█[38;2;0;0;20m█[38;2;192;192;218m█[38;2;255;255;255m█[38;2;146;146;141m█[38;2;0;0;0m█[38;2;105;105;105m█[38;2;231;231;231m█[38;2;255;255;255m██[38;2;253;253;253m█[38;2;255;255;255m██████[38;2;254;255;247m█[38;2;255;255;255m█[38;2;90;90;152m█[38;2;0;0;51m█[38;2;8;9;110m█[38;2;5;6;108m█[38;2;13;15;6m██[38;2;13;13;16m██
██[38;2;13;13;13m██[38;2;5;5;134m█[38;2;0;0;127m█[38;2;13;15;30m█[38;2;229;230;245m█[38;2;255;255;255m█[38;2;195;195;193m█[38;2;27;27;27m█[38;2;0;0;0m█[38;2;19;19;19m█[38;2;145;145;145m█[38;2;249;249;249m█[38;2;255;255;255m█[38;2;242;242;242m█[38;2;202;202;202m█[38;2;201;201;201m███[38;2;204;204;204m█[38;2;247;249;240m█[38;2;255;255;255m█[38;2;140;141;189m█[38;2;0;0;34m█[38;2;6;6;116m█[38;2;5;5;115m█[38;2;13;15;6m██[38;2;13;13;16m██
██[38;2;13;13;13m██[38;2;5;5;132m█[38;2;0;0;123m█[38;2;27;26;40m█[38;2;242;240;254m█[38;2;255;255;253m█[38;2;255;255;255m█[38;2;254;254;254m█[38;2;95;95;95m█[38;2;0;0;0m██[38;2;126;126;126m█[38;2;255;255;255m█[38;2;113;113;113m█[38;2;0;0;0m█████[38;2;145;145;140m█[38;2;255;255;255m█[38;2;160;162;202m█[38;2;0;0;28m█[38;2;6;6;118m█[38;2;5;5;117m█[38;2;13;15;6m██[38;2;13;13;16m██
██[38;2;13;13;13m██[38;2;5;5;130m█[38;2;0;0;120m█[38;2;27;26;40m█[38;2;242;240;254m█[38;2;255;255;255m█[38;2;244;244;242m█[38;2;133;133;133m█[38;2;18;18;18m█[38;2;0;0;0m█[38;2;42;42;42m█[38;2;200;200;200m█[38;2;255;255;255m█[38;2;190;190;190m█[38;2;91;91;91m█[38;2;95;95;95m██[38;2;94;94;94m█[38;2;95;95;95m█[38;2;207;207;202m█[38;2;255;255;255m█[38;2;161;164;203m█[38;2;0;0;28m█[38;2;6;6;118m█[38;2;5;5;117m█[38;2;13;15;6m██[38;2;13;13;16m██
██[38;2;13;13;13m██[38;2;5;5;132m█[38;2;0;0;123m█[38;2;26;25;39m█[38;2;240;239;253m█[38;2;255;255;255m█[38;2;138;138;136m█[38;2;0;0;0m█[38;2;13;13;13m█[38;2;140;140;140m█[38;2;249;249;249m█[38;2;255;255;255m█[38;2;252;252;252m█[38;2;255;255;255m██████[38;2;255;255;253m█[38;2;255;255;255m█[38;2;162;165;204m█[38;2;0;0;28m█[38;2;6;6;118m█[38;2;5;5;117m█[38;2;13;15;6m██[38;2;13;13;16m██
██[38;2;13;13;13m██[38;2;5;5;130m█[38;2;0;0;120m█[38;2;23;24;38m█[38;2;237;238;252m█[38;2;255;255;255m█[38;2;215;215;212m█[38;2;132;132;132m█[38;2;224;224;224m█[38;2;255;255;255m██[38;2;253;253;253m████████[38;2;253;253;249m█[38;2;255;255;255m█[38;2;165;167;205m█[38;2;0;0;27m█[38;2;6;6;118m█[38;2;5;5;117m█[38;2;13;15;6m██[38;2;13;13;16m██
██[38;2;13;13;13m██[38;2;5;5;130m█[38;2;0;0;122m█[38;2;22;23;37m█[38;2;236;237;251m█[38;2;255;255;253m█[38;2;255;255;255m███[38;2;253;253;253m██████████[38;2;253;253;249m█[38;2;255;255;255m█[38;2;167;169;208m█[38;2;0;0;27m█[38;2;6;6;118m█[38;2;5;5;117m█[38;2;13;15;6m██[38;2;13;13;16m██
██[38;2;13;13;13m██[38;2;5;5;130m█[38;2;0;0;122m█[38;2;19;20;35m█[38;2;235;236;251m█[38;2;255;255;254m█[38;2;253;253;251m█[38;2;253;253;253m████████████[38;2;253;253;249m█[38;2;255;255;255m█[38;2;172;171;210m█[38;2;0;0;28m█[38;2;5;5;118m██[38;2;13;15;6m██[38;2;13;13;16m██
██[38;2;13;13;13m██[38;2;5;5;130m█[38;2;0;0;123m█[38;2;17;18;33m█[38;2;232;233;249m█[38;2;255;255;254m█[38;2;253;253;251m█[38;2;253;253;253m████████████[38;2;253;253;249m█[38;2;255;255;255m█[38;2;175;174;211m█[38;2;0;0;26m█[38;2;5;5;118m██[38;2;13;15;6m██[38;2;13;13;16m██
██[38;2;13;13;13m██[38;2;5;5;130m█[38;2;0;0;123m█[38;2;15;16;33m█[38;2;230;231;249m█[38;2;255;255;255m█[38;2;253;253;251m█[38;2;253;253;253m████████████[38;2;253;253;249m█[38;2;255;255;255m█[38;2;180;179;214m█[38;2;0;0;25m█[38;2;5;5;120m██[38;2;13;15;6m██[38;2;13;13;16m██
██[38;2;13;13;11m██[38;2;5;5;130m█[38;2;0;0;124m█[38;2;12;13;31m█[38;2;226;228;245m█[38;2;255;255;255m█[38;2;253;253;251m█[38;2;253;253;253m████████████[38;2;253;253;249m█[38;2;255;255;255m█[38;2;185;183;218m█[38;2;0;0;26m█[38;2;4;5;120m██[38;2;13;15;6m██[38;2;13;13;16m██
██[38;2;13;13;11m██[38;2;5;5;129m█[38;2;0;0;123m█[38;2;10;10;31m█[38;2;224;224;245m█[38;2;255;255;255m█[38;2;253;253;251m█[38;2;253;253;253m████████████[38;2;253;253;249m█[38;2;255;255;255m█[38;2;189;188;221m█[38;2;0;0;25m█[38;2;5;5;120m██[38;2;13;13;9m██[38;2;13;13;16m██
██[38;2;13;13;11m██[38;2;5;5;129m█[38;2;1;1;124m█[38;2;3;3;26m█[38;2;217;217;240m█[38;2;255;255;255m█[38;2;253;253;251m█[38;2;253;253;253m██[38;2;254;254;254m██[38;2;253;253;253m████[38;2;254;254;254m██[38;2;253;253;253m██[38;2;253;253;249m█[38;2;255;255;255m█[38;2;188;187;219m█[38;2;0;0;24m█[38;2;5;5;120m██[38;2;13;13;9m██[38;2;13;13;16m██
██[38;2;13;15;6m██[38;2;5;5;123m█[38;2;6;6;124m█[38;2;0;0;25m█[38;2;141;140;178m█[38;2;255;255;255m█[38;2;255;255;251m█[38;2;254;254;254m█[38;2;255;255;255m███████████[38;2;255;255;250m█[38;2;255;255;255m█[38;2;113;115;160m█[38;2;0;0;33m█[38;2;6;6;118m█[38;2;5;5;117m█[38;2;13;15;6m██[38;2;13;13;16m██
██[38;2;13;15;6m██[38;2;8;6;100m█[38;2;9;8;101m█[38;2;0;0;86m█[38;2;2;1;88m█[38;2;160;161;150m█[38;2;247;249;237m█[38;2;253;253;251m█[38;2;194;194;192m█[38;2;63;65;54m█[38;2;52;53;42m█[38;2;174;174;172m█[38;2;250;250;247m█[38;2;251;251;249m█[38;2;182;182;180m█[38;2;55;56;46m█[38;2;58;59;48m█[38;2;186;186;183m█[38;2;251;251;249m█[38;2;247;249;235m█[38;2;154;155;141m█[38;2;0;0;87m█[38;2;2;1;91m█[38;2;9;8;95m█[38;2;8;6;94m█[38;2;13;15;6m██[38;2;13;13;16m██
██[38;2;13;13;11m██[38;2;11;10;42m██[38;2;4;3;174m█[38;2;0;0;162m█[38;2;0;0;2m█[38;2;32;31;40m█[38;2;40;40;40m█[38;2;1;1;1m█[38;2;0;0;91m█[38;2;0;0;94m█[38;2;0;0;4m█[38;2;34;33;42m█[38;2;37;37;40m█[38;2;0;0;1m█[38;2;0;0;93m██[38;2;0;0;2m█[38;2;37;37;40m█[38;2;31;30;39m█[38;2;0;0;2m█[38;2;0;0;161m█[38;2;4;4;172m█[38;2;11;11;40m██[38;2;13;13;11m██[38;2;13;13;16m██
████[38;2;13;15;6m██[38;2;5;5;123m█[38;2;6;6;124m█[38;2;0;0;197m█[38;2;0;0;189m█[38;2;0;0;174m█[38;2;0;0;182m█[38;2;1;1;210m██[38;2;0;0;187m█[38;2;0;0;179m█[38;2;0;0;175m█[38;2;0;0;183m█[38;2;1;1;210m██[38;2;0;0;183m█[38;2;0;0;175m█[38;2;0;0;189m█[38;2;0;0;197m█[38;2;6;6;122m█[38;2;5;5;120m█[38;2;13;15;6m██[38;2;13;13;16m████
████[38;2;13;13;13m████[38;2;9;6;103m██[38;2;6;6;116m██[38;2;13;12;26m██[38;2;9;6;103m██[38;2;6;8;109m██[38;2;13;12;26m██[38;2;6;8;109m██[38;2;6;8;105m██[38;2;13;13;16m██[38;2;13;13;13m██[38;2;13;13;16m████
████████[38;2;13;15;6m██[38;2;13;15;4m██[38;2;13;13;13m██[38;2;13;15;6m████[38;2;13;13;13m██[38;2;13;15;6m████[38;2;13;13;16m████████
████████████████████████████████
████████████████████████████████