[38;2;13;13;16m████████████[38;2;13;15;6m██████[38;2;13;13;9m██[38;2;13;13;16m████████████
████████[38;2;13;13;13m██[38;2;13;13;11m██[38;2;8;8;83m██[38;2;2;3;154m█[38;2;3;4;155m█[38;2;5;4;147m██[38;2;9;10;63m██[38;2;13;15;6m██[38;2;13;13;16m██████████
██████[38;2;13;13;13m██[38;2;13;13;11m██[38;2;4;3;138m█[38;2;5;4;139m█[38;2;0;0;247m██[38;2;0;0;238m██[38;2;0;0;243m██[38;2;0;0;239m█[38;2;0;0;238m█[38;2;9;8;98m█[38;2;8;6;97m█[38;2;13;15;6m██[38;2;13;13;16m████████
██████[38;2;13;15;4m██[38;2;5;5;112m█[38;2;6;6;113m█[38;2;0;0;242m█[38;2;0;0;239m█[38;2;0;0;117m█[38;2;0;0;107m█[38;2;0;0;27m█[38;2;0;0;28m█[38;2;0;0;39m█[38;2;0;0;38m█[38;2;0;0;148m█[38;2;0;0;160m█[38;2;0;0;235m█[38;2;0;0;233m█[38;2;9;10;61m██[38;2;13;13;9m██[38;2;13;13;16m██████
████[38;2;13;13;11m██[38;2;11;11;40m██[38;2;0;0;222m█[38;2;1;0;223m█[38;2;0;0;83m█[38;2;0;0;72m█[38;2;33;32;17m█[38;2;103;102;87m█[38;2;152;153;145m█[38;2;172;173;165m█[38;2;164;165;154m█[38;2;126;127;117m█[38;2;60;61;53m█[38;2;0;1;0m█[38;2;0;0;138m█[38;2;2;3;157m█[38;2;3;2;185m█[38;2;2;1;183m█[38;2;13;13;11m██[38;2;13;13;16m██████
████[38;2;13;15;4m██[38;2;4;3;136m█[38;2;5;4;137m█[38;2;2;3;154m█[38;2;0;0;133m█[38;2;26;25;15m█[38;2;159;158;147m█[38;2;246;246;246m█[38;2;255;255;255m█████[38;2;255;255;254m█[38;2;201;201;196m█[38;2;66;65;76m█[38;2;0;0;0m█[38;2;0;0;200m█[38;2;1;2;205m█[38;2;9;9;66m██[38;2;13;13;9m██[38;2;13;13;16m████
██[38;2;13;13;13m██[38;2;13;12;24m██[38;2;2;1;189m██[38;2;0;0;22m█[38;2;60;59;94m█[38;2;232;233;225m█[38;2;255;255;255m██[38;2;253;253;253m█████[38;2;254;254;254m█[38;2;255;255;255m█[38;2;255;255;245m█[38;2;117;118;104m█[38;2;0;0;94m█[38;2;2;2;113m█[38;2;6;5;144m█[38;2;4;3;141m█[38;2;13;15;4m██[38;2;13;13;16m████
██[38;2;13;13;9m██[38;2;9;9;70m█[38;2;10;10;72m█[38;2;4;4;161m█[38;2;0;0;140m█[38;2;53;54;44m█[38;2;246;247;237m█[38;2;255;255;255m█[38;2;253;253;253m█████████[38;2;255;255;252m█[38;2;255;255;255m█[38;2;104;103;136m█[38;2;0;0;18m█[38;2;3;2;175m██[38;2;13;13;17m██[38;2;13;13;13m██[38;2;13;13;16m██
██[38;2;13;15;4m██[38;2;5;5;115m█[38;2;6;6;116m█[38;2;1;0;95m█[38;2;4;2;98m█[38;2;216;217;205m█[38;2;255;255;252m█[38;2;253;253;253m███████████[38;2;255;255;255m█[38;2;249;249;246m█[38;2;42;42;40m█[38;2;0;0;145m█[38;2;4;4;161m█[38;2;11;10;45m██[38;2;13;13;11m██[38;2;13;13;16m██
██[38;2;13;15;6m██[38;2;4;3;140m█[38;2;5;4;141m█[38;2;0;0;34m█[38;2;110;111;159m█[38;2;255;255;255m█[38;2;253;254;246m█[38;2;253;253;253m████████████[38;2;255;255;255m█[38;2;166;167;155m█[38;2;0;0;105m█[38;2;4;4;127m█[38;2;10;10;74m█[38;2;9;9;73m█[38;2;13;13;9m██[38;2;13;13;16m██
██[38;2;13;13;13m██[38;2;5;4;145m█[38;2;2;1;141m█[38;2;1;1;22m█[38;2;216;216;237m█[38;2;255;255;255m█[38;2;253;253;251m█[38;2;253;253;253m████████████[38;2;255;255;246m█[38;2;240;242;230m█[38;2;19;18;109m█[38;2;0;0;89m█[38;2;9;8;95m█[38;2;8;6;94m█[38;2;13;15;6m██[38;2;13;13;16m██
██[38;2;13;13;19m██[38;2;5;4;141m█[38;2;0;0;136m█[38;2;0;0;8m█[38;2;111;110;119m█[38;2;237;237;235m█[38;2;255;255;255m█[38;2;252;252;252m█[38;2;255;255;255m███████[38;2;253;253;253m████[38;2;253;254;244m█[38;2;255;255;253m█[38;2;68;68;139m█[38;2;0;0;61m█[38;2;9;6;103m█[38;2;8;5;102m█[38;2;13;15;6m██[38;2;13;13;16m██
██[38;2;13;12;22m██[38;2;5;5;132m█[38;2;0;0;125m█[38;2;0;0;2m█[38;2;0;0;0m█[38;2;22;22;22m█[38;2;182;182;182m█[38;2;255;255;255m█[38;2;174;174;174m█[38;2;63;63;63m█[38;2;67;67;67m█[38;2;68;68;68m█[38;2;67;67;67m██[38;2;193;193;193m█[38;2;255;255;255m█[38;2;253;253;253m███[38;2;253;254;246m█[38;2;255;255;255m█[38;2;102;102;161m█[38;2;0;0;47m█[38;2;6;8;103m█[38;2;5;6;102m█[38;2;13;15;6m██[38;2;13;13;16m██
██[38;2;13;12;22m██[38;2;5;5;132m█[38;2;0;0;125m█[38;2;1;1;3m█[38;2;0;0;0m██[38;2;133;133;133m█[38;2;255;255;255m█[38;2;126;126;126m█[38;2;0;0;0m█████[38;2;151;151;151m█[38;2;255;255;255m█[38;2;253;253;253m███[38;2;253;254;246m█[38;2;255;255;255m█[38;2;110;110;167m█[38;2;0;0;44m█[38;2;6;8;103m█[38;2;5;6;102m█[38;2;13;15;6m██[38;2;13;13;16m██
██[38;2;13;12;22m██[38;2;5;5;132m█[38;2;0;0;125m█[38;2;0;0;0m█[38;2;34;34;38m█[38;2;168;168;168m█[38;2;254;254;254m█[38;2;255;255;255m█[38;2;250;250;250m█[38;2;222;222;222m█[38;2;221;221;221m███[38;2;224;224;224m█[38;2;252;252;252m█[38;2;253;253;253m████[38;2;253;254;246m█[38;2;255;255;255m█[38;2;111;111;168m█[38;2;0;0;44m█[38;2;6;8;105m█[38;2;5;6;104m█[38;2;13;15;6m██[38;2;13;13;16m██
██[38;2;13;12;22m██[38;2;5;5;132m█[38;2;0;0;118m█[38;2;45;45;48m█[38;2;243;243;246m█[38;2;255;255;255m█[38;2;254;254;254m█[38;2;253;253;253m█[38;2;254;254;254m█[38;2;255;255;255m█████[38;2;254;254;254m█[38;2;253;253;253m████[38;2;253;254;246m█[38;2;255;255;255m█[38;2;113;113;171m█[38;2;0;0;44m█[38;2;6;8;105m█[38;2;5;6;104m█[38;2;13;15;6m██[38;2;13;13;16m██
██[38;2;13;13;19m██[38;2;5;5;132m█[38;2;0;0;116m█[38;2;63;63;67m█[38;2;255;255;255m█[38;2;253;253;253m██████████████[38;2;253;254;246m█[38;2;255;255;255m█[38;2;117;118;172m█[38;2;0;0;41m█[38;2;8;9;109m█[38;2;5;6;107m█[38;2;13;15;6m██[38;2;13;13;16m██
██[38;2;13;13;19m██[38;2;5;5;132m█[38;2;0;0;117m█[38;2;56;56;60m█[38;2;255;255;255m█[38;2;254;254;254m█[38;2;253;253;253m█████████████[38;2;253;254;246m█[38;2;255;255;255m█[38;2;123;124;175m█[38;2;0;0;39m█[38;2;8;9;109m█[38;2;5;6;107m█[38;2;13;15;6m██[38;2;13;13;16m██
██[38;2;13;13;19m██[38;2;5;5;132m█[38;2;0;0;118m█[38;2;52;52;58m█[38;2;255;255;255m█[38;2;254;254;254m█[38;2;253;253;253m█████████████[38;2;253;254;246m█[38;2;255;255;255m█[38;2;129;130;180m█[38;2;0;0;37m█[38;2;6;8;109m█[38;2;5;6;108m█[38;2;13;15;6m██[38;2;13;13;16m██
██[38;2;13;13;17m██[38;2;5;5;134m█[38;2;0;0;122m█[38;2;45;44;53m█[38;2;252;251;255m█[38;2;254;254;252m█[38;2;253;253;251m█[38;2;253;253;253m████████████[38;2;253;254;246m█[38;2;255;255;255m█[38;2;137;138;186m█[38;2;0;0;34m█[38;2;6;8;111m█[38;2;5;6;110m█[38;2;13;15;6m██[38;2;13;13;16m██
████[38;2;5;5;132m█[38;2;0;0;120m█[38;2;38;37;46m█[38;2;249;247;255m█[38;2;255;255;253m█[38;2;253;253;251m█[38;2;253;253;253m████████████[38;2;253;253;249m█[38;2;255;255;255m█[38;2;146;147;193m█[38;2;0;0;32m█[38;2;6;6;113m█[38;2;5;5;112m█[38;2;13;15;6m██[38;2;13;13;16m██
████[38;2;5;5;132m█[38;2;0;0;122m█[38;2;32;31;42m█[38;2;245;244;255m█[38;2;255;255;253m█[38;2;253;253;251m█[38;2;253;253;253m████████████[38;2;253;253;249m█[38;2;255;255;255m█[38;2;157;159;198m█[38;2;0;0;28m█[38;2;6;6;116m█[38;2;5;5;115m█[38;2;13;15;6m██[38;2;13;13;16m██
██[38;2;13;13;13m██[38;2;5;5;132m█[38;2;0;0;124m█[38;2;20;22;35m█[38;2;238;239;253m█[38;2;255;255;254m█[38;2;253;253;251m█[38;2;253;253;253m████████████[38;2;253;253;249m█[38;2;255;255;255m█[38;2;164;166;204m█[38;2;0;0;27m█[38;2;6;6;118m█[38;2;5;5;117m█[38;2;13;15;6m██[38;2;13;13;16m██
██[38;2;13;13;9m██[38;2;5;5;130m█[38;2;3;3;127m█[38;2;0;0;20m█[38;2;186;186;212m█[38;2;255;255;255m█[38;2;254;254;252m█[38;2;253;253;253m█[38;2;255;255;255m████[38;2;254;254;254m█[38;2;253;253;253m█[38;2;255;255;255m████[38;2;253;253;253m█[38;2;254;255;247m█[38;2;255;255;255m█[38;2;115;116;164m█[38;2;0;0;35m█[38;2;6;6;116m█[38;2;5;5;115m█[38;2;13;15;6m██[38;2;13;13;16m██
██[38;2;13;15;4m██[38;2;5;5;112m█[38;2;6;6;113m█[38;2;0;0;61m█[38;2;24;24;89m█[38;2;172;173;161m█[38;2;255;255;246m█[38;2;255;255;255m█[38;2;247;247;247m█[38;2;139;140;132m█[38;2;81;82;74m█[38;2;180;180;178m█[38;2;255;255;255m██[38;2;243;243;243m█[38;2;127;129;120m█[38;2;86;87;79m█[38;2;192;192;189m█[38;2;255;255;255m█[38;2;255;255;254m█[38;2;185;186;174m█[38;2;3;2;89m█[38;2;1;0;87m█[38;2;9;8;96m█[38;2;8;6;95m█[38;2;13;15;6m██[38;2;13;13;16m██
██[38;2;13;13;9m██[38;2;9;10;60m██[38;2;3;3;168m█[38;2;0;0;153m█[38;2;0;0;0m█[38;2;53;53;55m█[38;2;88;87;74m█[38;2;40;39;26m█[38;2;0;0;45m█[38;2;0;0;46m█[38;2;0;0;5m█[38;2;60;59;68m█[38;2;88;87;74m█[38;2;34;33;20m█[38;2;0;0;46m█[38;2;0;0;48m█[38;2;2;2;5m█[38;2;66;66;69m█[38;2;67;68;60m█[38;2;2;3;0m█[38;2;0;0;150m█[38;2;4;4;164m█[38;2;11;10;49m██[38;2;13;13;11m██[38;2;13;13;16m██
████[38;2;13;13;9m██[38;2;2;3;151m█[38;2;4;5;153m█[38;2;0;0;181m█[38;2;0;0;168m█[38;2;0;0;122m█[38;2;0;0;129m█[38;2;0;0;218m█[38;2;0;0;221m█[38;2;0;0;167m█[38;2;0;0;154m█[38;2;0;0;123m█[38;2;0;0;131m█[38;2;0;0;218m█[38;2;1;0;221m█[38;2;0;0;164m█[38;2;0;0;152m█[38;2;0;0;155m█[38;2;0;0;167m█[38;2;5;4;143m█[38;2;4;3;141m█[38;2;13;15;6m██[38;2;13;13;16m████
████[38;2;13;13;13m██[38;2;13;13;16m██[38;2;6;6;124m██[38;2;4;4;167m█[38;2;3;3;166m█[38;2;10;11;59m█[38;2;9;10;58m█[38;2;5;5;126m██[38;2;3;3;166m██[38;2;9;10;55m██[38;2;5;5;132m██[38;2;5;4;145m██[38;2;13;12;24m██[38;2;13;13;13m██[38;2;13;13;16m████
██████[38;2;13;13;13m██[38;2;13;15;6m████[38;2;13;13;9m██[38;2;13;15;6m████[38;2;13;13;9m██[38;2;13;15;6m████[38;2;13;13;13m██[38;2;13;13;16m██████
████████████████████████████████
████████████████████████████████
████████████████████████████████