[38;2;13;13;16m██████████[38;2;13;13;11m██[38;2;13;15;6m██[38;2;13;12;27m████[38;2;13;13;9m██[38;2;13;13;11m██[38;2;13;13;16m██████████
████████[38;2;13;13;11m██[38;2;13;12;26m██[38;2;4;3;141m█[38;2;5;4;143m█[38;2;0;0;217m██[38;2;1;0;218m█[38;2;0;0;217m█[38;2;5;4;143m██[38;2;13;12;26m██[38;2;13;13;11m██[38;2;13;13;16m████████
██████[38;2;13;13;13m██[38;2;13;13;19m██[38;2;2;2;181m██[38;2;0;0;244m█[38;2;0;0;242m█[38;2;0;0;181m█[38;2;0;0;178m██[38;2;0;0;181m█[38;2;0;0;242m█[38;2;0;0;244m█[38;2;2;2;181m██[38;2;13;13;19m██[38;2;13;13;13m██[38;2;13;13;16m██████
██████[38;2;13;15;4m██[38;2;4;4;133m█[38;2;5;5;134m█[38;2;0;0;223m█[38;2;0;0;216m█[38;2;0;0;51m█[38;2;0;0;49m█[38;2;10;10;5m█[38;2;25;25;20m██[38;2;10;10;5m█[38;2;0;0;47m█[38;2;0;0;48m█[38;2;0;0;216m█[38;2;0;0;223m█[38;2;5;5;134m█[38;2;4;4;133m█[38;2;13;15;4m██[38;2;13;13;16m██████
████[38;2;13;13;11m██[38;2;11;10;45m██[38;2;0;0;217m██[38;2;0;0;46m█[38;2;0;0;51m█[38;2;87;86;73m█[38;2;178;176;164m█[38;2;224;224;224m█[38;2;240;240;240m██[38;2;224;224;224m█[38;2;178;176;164m█[38;2;87;86;73m█[38;2;0;0;53m█[38;2;0;0;48m█[38;2;0;0;217m██[38;2;11;10;45m██[38;2;13;13;11m██[38;2;13;13;16m████
████[38;2;13;15;4m██[38;2;4;4;131m█[38;2;5;5;132m█[38;2;4;3;144m█[38;2;0;0;120m█[38;2;47;48;34m█[38;2;201;202;188m█[38;2;255;255;255m████████[38;2;202;201;188m█[38;2;48;47;34m█[38;2;0;0;120m█[38;2;4;3;144m█[38;2;5;5;132m█[38;2;4;4;131m█[38;2;13;15;4m██[38;2;13;13;16m████
██[38;2;13;13;13m██[38;2;13;13;17m██[38;2;2;2;181m██[38;2;0;0;27m█[38;2;66;65;104m█[38;2;245;246;238m█[38;2;255;255;255m█[38;2;253;253;253m████████[38;2;255;255;255m█[38;2;245;246;238m█[38;2;65;63;103m█[38;2;0;0;27m█[38;2;2;2;181m██[38;2;13;13;17m██[38;2;13;13;13m██[38;2;13;13;16m██
██[38;2;13;13;11m██[38;2;9;11;53m██[38;2;4;4;166m█[38;2;0;0;148m█[38;2;38;38;33m█[38;2;240;240;236m█[38;2;255;255;255m█[38;2;253;253;253m██████████[38;2;255;255;255m█[38;2;240;240;236m█[38;2;38;38;33m█[38;2;0;0;148m█[38;2;4;4;166m█[38;2;9;11;53m██[38;2;13;13;11m██[38;2;13;13;16m██
██[38;2;13;15;6m██[38;2;8;6;91m█[38;2;9;8;93m█[38;2;3;3;116m█[38;2;0;0;100m█[38;2;183;185;173m█[38;2;255;255;255m██[38;2;254;254;254m█[38;2;253;253;253m██████████[38;2;255;255;255m█[38;2;183;185;173m█[38;2;0;0;100m█[38;2;3;3;116m█[38;2;9;8;93m█[38;2;8;6;91m█[38;2;13;15;6m██[38;2;13;13;16m██
██[38;2;13;15;4m██[38;2;5;5;117m█[38;2;8;8;119m█[38;2;0;0;66m█[38;2;53;53;126m█[38;2;255;255;250m█[38;2;250;251;240m█[38;2;209;209;209m█[38;2;252;252;252m█[38;2;255;255;255m█[38;2;253;253;253m█████████[38;2;254;255;245m█[38;2;255;255;249m█[38;2;53;53;126m█[38;2;0;0;66m█[38;2;8;8;117m█[38;2;5;5;115m█[38;2;13;15;4m██[38;2;13;13;16m██
██[38;2;13;15;6m██[38;2;5;4;127m█[38;2;6;5;129m█[38;2;0;0;32m█[38;2;136;137;182m█[38;2;255;255;255m█[38;2;169;171;162m█[38;2;0;0;0m█[38;2;61;61;61m█[38;2;198;198;198m█[38;2;255;255;255m██[38;2;252;252;252m█[38;2;255;255;255m██████[38;2;255;255;250m█[38;2;255;255;255m█[38;2;136;137;182m█[38;2;0;0;32m█[38;2;5;5;129m█[38;2;4;4;127m█[38;2;13;15;6m██[38;2;13;13;16m██
██[38;2;13;13;9m██[38;2;4;4;127m██[38;2;0;0;24m█[38;2;188;187;219m█[38;2;255;255;255m█[38;2;225;225;221m█[38;2;68;68;68m█[38;2;0;0;0m██[38;2;100;100;100m█[38;2;229;229;229m█[38;2;255;255;255m█[38;2;239;239;239m█[38;2;180;180;180m█[38;2;175;175;175m█[38;2;176;176;176m███[38;2;232;232;228m█[38;2;255;255;255m█[38;2;188;187;219m█[38;2;0;0;24m█[38;2;4;4;127m██[38;2;13;13;9m██[38;2;13;13;16m██
██[38;2;13;13;9m██[38;2;5;5;126m█[38;2;2;2;123m█[38;2;0;0;25m█[38;2;207;207;232m█[38;2;255;255;255m███[38;2;126;126;126m█[38;2;0;0;0m██[38;2;88;88;88m█[38;2;255;255;255m█[38;2;139;139;139m█[38;2;0;0;0m█████[38;2;108;108;105m█[38;2;255;255;255m█[38;2;207;207;232m█[38;2;0;0;25m█[38;2;2;2;123m█[38;2;4;4;125m█[38;2;13;13;9m██[38;2;13;13;16m██
██[38;2;13;13;9m██[38;2;5;5;126m█[38;2;2;2;123m█[38;2;0;0;25m█[38;2;208;208;233m█[38;2;255;255;255m█[38;2;243;243;240m█[38;2;120;120;120m█[38;2;10;10;10m█[38;2;0;0;0m█[38;2;51;51;51m█[38;2;200;200;200m█[38;2;255;255;255m█[38;2;219;219;219m█[38;2;126;126;126m█[38;2;123;123;123m█[38;2;124;124;124m██[38;2;122;122;122m█[38;2;207;207;204m█[38;2;255;255;255m█[38;2;208;208;233m█[38;2;0;0;25m█[38;2;2;2;123m█[38;2;4;4;125m█[38;2;13;13;9m██[38;2;13;13;16m██
██[38;2;13;13;9m██[38;2;5;5;126m█[38;2;2;2;123m█[38;2;0;0;25m█[38;2;208;208;233m█[38;2;255;255;255m█[38;2;165;165;162m█[38;2;0;0;0m█[38;2;20;20;20m█[38;2;152;152;152m█[38;2;253;253;253m█[38;2;255;255;255m█[38;2;252;252;252m█[38;2;255;255;255m████████[38;2;208;208;233m█[38;2;0;0;25m█[38;2;2;2;123m█[38;2;4;4;125m█[38;2;13;13;9m██[38;2;13;13;16m██
██[38;2;13;13;9m██[38;2;5;5;126m█[38;2;2;2;123m█[38;2;0;0;25m█[38;2;208;208;233m█[38;2;255;255;255m█[38;2;236;236;233m█[38;2;161;161;161m█[38;2;230;230;230m█[38;2;255;255;255m██[38;2;253;253;253m████████[38;2;253;253;251m█[38;2;255;255;255m█[38;2;208;208;233m█[38;2;0;0;25m█[38;2;2;2;123m█[38;2;4;4;125m█[38;2;13;13;9m██[38;2;13;13;16m██
██[38;2;13;13;9m██[38;2;5;5;126m█[38;2;2;2;123m█[38;2;0;0;25m█[38;2;208;208;233m█[38;2;255;255;255m█[38;2;255;255;253m█[38;2;255;255;255m██[38;2;253;253;253m██████████[38;2;253;253;251m█[38;2;255;255;255m█[38;2;208;208;233m█[38;2;0;0;25m█[38;2;2;2;123m█[38;2;4;4;125m█[38;2;13;13;9m██[38;2;13;13;16m██
██[38;2;13;13;9m██[38;2;5;5;126m█[38;2;2;2;123m█[38;2;0;0;25m█[38;2;208;208;233m█[38;2;255;255;255m█[38;2;253;253;251m█[38;2;253;253;253m████████████[38;2;253;253;251m█[38;2;255;255;255m█[38;2;208;208;233m█[38;2;0;0;25m█[38;2;2;2;123m█[38;2;4;4;125m█[38;2;13;13;9m██[38;2;13;13;16m██
██[38;2;13;13;9m██[38;2;5;5;126m█[38;2;2;2;123m█[38;2;0;0;25m█[38;2;208;208;233m█[38;2;255;255;255m█[38;2;253;253;251m█[38;2;253;253;253m████████████[38;2;253;253;251m█[38;2;255;255;255m█[38;2;208;208;233m█[38;2;0;0;25m█[38;2;2;2;123m█[38;2;4;4;125m█[38;2;13;13;9m██[38;2;13;13;16m██
██[38;2;13;13;9m██[38;2;5;5;126m█[38;2;2;2;123m█[38;2;0;0;25m█[38;2;208;208;233m█[38;2;255;255;255m█[38;2;253;253;251m█[38;2;253;253;253m████████████[38;2;253;253;251m█[38;2;255;255;255m█[38;2;208;208;233m█[38;2;0;0;25m█[38;2;2;2;123m█[38;2;4;4;125m█[38;2;13;13;9m██[38;2;13;13;16m██
██[38;2;13;13;9m██[38;2;5;5;126m█[38;2;2;2;123m█[38;2;0;0;25m█[38;2;208;208;233m█[38;2;255;255;255m█[38;2;253;253;251m█[38;2;253;253;253m████████████[38;2;253;253;251m█[38;2;255;255;255m█[38;2;207;207;232m█[38;2;0;0;25m█[38;2;2;2;123m█[38;2;4;4;125m█[38;2;13;13;9m██[38;2;13;13;16m██
██[38;2;13;13;9m██[38;2;5;5;126m█[38;2;2;2;123m█[38;2;1;1;26m█[38;2;208;208;233m█[38;2;255;255;255m█[38;2;253;253;251m█[38;2;253;253;253m████████████[38;2;253;253;251m█[38;2;255;255;255m█[38;2;208;208;233m█[38;2;1;1;26m█[38;2;2;2;123m█[38;2;4;4;125m█[38;2;13;13;9m██[38;2;13;13;16m██
██[38;2;13;13;9m██[38;2;4;4;125m█[38;2;2;2;123m█[38;2;0;0;24m█[38;2;205;205;232m█[38;2;255;255;255m█[38;2;253;253;251m█[38;2;253;253;253m██[38;2;254;254;254m██[38;2;253;253;253m████[38;2;254;254;254m██[38;2;253;253;253m██[38;2;253;253;251m█[38;2;255;255;255m█[38;2;204;204;231m█[38;2;0;0;24m█[38;2;3;3;124m█[38;2;4;4;125m█[38;2;13;13;9m██[38;2;13;13;16m██
██[38;2;13;15;6m██[38;2;5;5;120m█[38;2;6;6;122m█[38;2;0;0;28m█[38;2;136;134;175m█[38;2;255;255;255m█[38;2;255;255;251m█[38;2;254;254;254m█[38;2;255;255;255m████[38;2;254;254;254m██[38;2;255;255;255m████[38;2;254;254;254m█[38;2;255;255;251m█[38;2;255;255;255m█[38;2;136;134;175m█[38;2;0;0;28m█[38;2;6;6;122m█[38;2;5;5;120m█[38;2;13;15;6m██[38;2;13;13;16m██
██[38;2;13;15;6m██[38;2;8;6;97m█[38;2;9;8;98m█[38;2;0;0;83m█[38;2;3;2;87m█[38;2;172;173;161m█[38;2;254;255;244m█[38;2;255;255;255m█[38;2;201;201;198m█[38;2;74;75;65m█[38;2;66;67;56m█[38;2;190;190;188m█[38;2;255;255;253m██[38;2;190;190;188m█[38;2;65;66;55m█[38;2;72;73;62m█[38;2;201;201;198m█[38;2;255;255;254m█[38;2;254;255;244m█[38;2;173;174;162m█[38;2;3;2;87m█[38;2;0;0;83m█[38;2;6;9;101m█[38;2;5;8;100m█[38;2;13;15;6m██[38;2;13;13;16m██
██[38;2;13;13;11m██[38;2;11;10;45m██[38;2;4;4;169m█[38;2;0;0;158m█[38;2;0;0;0m█[38;2;41;41;44m█[38;2;49;49;47m█[38;2;4;4;2m█[38;2;0;0;80m█[38;2;0;0;81m█[38;2;0;0;2m█[38;2;46;46;48m██[38;2;0;0;2m█[38;2;0;0;81m█[38;2;0;0;80m█[38;2;3;3;3m█[38;2;49;49;49m█[38;2;41;41;44m█[38;2;0;0;0m█[38;2;0;0;157m█[38;2;4;4;169m█[38;2;11;10;45m██[38;2;13;13;11m██[38;2;13;13;16m██
████[38;2;13;15;6m██[38;2;4;4;129m█[38;2;6;6;131m█[38;2;0;0;189m█[38;2;0;0;179m█[38;2;0;0;165m█[38;2;0;0;174m█[38;2;1;1;216m██[38;2;0;0;178m█[38;2;0;0;168m██[38;2;0;0;178m█[38;2;1;1;216m█[38;2;0;0;215m█[38;2;0;0;174m█[38;2;0;0;165m█[38;2;0;0;179m█[38;2;0;0;188m█[38;2;6;6;133m█[38;2;4;4;131m█[38;2;13;15;6m██[38;2;13;13;16m████
████[38;2;13;13;13m██[38;2;13;13;17m██[38;2;6;6;116m██[38;2;6;6;124m██[38;2;11;11;32m██[38;2;6;6;118m████[38;2;11;11;32m██[38;2;6;6;122m██[38;2;6;6;116m██[38;2;13;13;17m██[38;2;13;13;13m██[38;2;13;13;16m████
██████[38;2;13;13;13m██[38;2;13;15;4m████[38;2;13;13;11m██[38;2;13;15;4m████[38;2;13;13;11m██[38;2;13;15;4m████[38;2;13;13;13m██[38;2;13;13;16m██████
████████████████████████████████
████████████████████████████████
████████████████████████████████