[38;2;13;13;16m██████████[38;2;13;13;13m██[38;2;13;13;9m██[38;2;9;10;55m██[38;2;9;9;82m██[38;2;11;11;38m██[38;2;13;15;6m██[38;2;13;13;13m██[38;2;13;13;16m████████
████████[38;2;13;13;13m██[38;2;13;13;16m██[38;2;4;2;148m█[38;2;5;3;150m█[38;2;0;0;222m█[38;2;0;0;219m█[38;2;0;0;202m██[38;2;0;0;208m█[38;2;0;0;210m█[38;2;6;6;118m█[38;2;5;5;117m█[38;2;13;13;9m██[38;2;13;13;13m██[38;2;13;13;16m██████
████████[38;2;13;15;6m██[38;2;4;3;136m█[38;2;5;4;137m█[38;2;1;1;180m█[38;2;0;0;167m█[38;2;0;0;18m█[38;2;0;0;25m█[38;2;6;6;10m██[38;2;0;0;38m█[38;2;0;0;30m█[38;2;0;0;161m█[38;2;0;0;175m█[38;2;6;6;131m█[38;2;4;4;129m█[38;2;13;15;6m██[38;2;13;13;16m██████
██████[38;2;13;13;9m██[38;2;9;10;58m██[38;2;2;1;186m█[38;2;0;0;178m█[38;2;0;0;0m█[38;2;37;37;42m█[38;2;131;132;122m█[38;2;194;195;185m█[38;2;217;217;215m█[38;2;218;218;216m█[38;2;198;200;189m█[38;2;148;150;139m█[38;2;68;68;70m█[38;2;1;1;3m█[38;2;0;0;150m█[38;2;2;2;167m█[38;2;9;9;84m█[38;2;8;8;83m█[38;2;13;15;6m██[38;2;13;13;16m████
██████[38;2;13;15;4m██[38;2;4;3;138m█[38;2;6;5;140m█[38;2;0;0;77m█[38;2;0;0;68m█[38;2;126;127;116m█[38;2;247;249;237m█[38;2;255;255;255m██████[38;2;255;255;254m█[38;2;202;203;195m█[38;2;63;63;90m█[38;2;0;0;15m█[38;2;0;0;161m█[38;2;3;3;166m█[38;2;13;12;22m██[38;2;13;13;13m██[38;2;13;13;16m██
████[38;2;13;13;13m██[38;2;13;12;26m██[38;2;3;3;160m█[38;2;0;0;154m█[38;2;0;0;2m█[38;2;155;154;164m█[38;2;255;255;255m█[38;2;255;255;254m█[38;2;253;253;253m██████[38;2;254;254;254m█[38;2;255;255;255m█[38;2;255;255;245m█[38;2;125;126;112m█[38;2;0;0;94m█[38;2;1;1;110m█[38;2;9;8;93m█[38;2;8;6;91m█[38;2;13;15;6m██[38;2;13;13;16m██
████[38;2;13;13;9m██[38;2;9;10;61m██[38;2;5;5;130m█[38;2;0;0;104m█[38;2;111;112;101m█[38;2;255;255;255m█[38;2;254;254;254m█[38;2;253;253;253m█████████[38;2;255;255;251m█[38;2;255;255;255m█[38;2;127;127;157m█[38;2;0;0;17m█[38;2;3;2;140m█[38;2;5;4;143m█[38;2;13;13;11m██[38;2;13;13;16m██
████[38;2;13;15;6m██[38;2;8;6;95m█[38;2;9;8;96m█[38;2;0;0;80m█[38;2;18;17;100m█[38;2;238;239;229m█[38;2;255;255;249m█[38;2;253;253;253m██████[38;2;254;254;254m█[38;2;253;253;253m████[38;2;255;255;255m██[38;2;76;76;72m█[38;2;0;0;118m█[38;2;6;5;140m█[38;2;11;11;37m██[38;2;13;13;13m██
[38;2;13;13;16m████[38;2;13;15;6m██[38;2;5;5;117m█[38;2;6;6;118m█[38;2;0;0;37m█[38;2;112;113;164m█[38;2;255;255;255m█[38;2;253;254;246m█[38;2;253;253;253m█████[38;2;255;255;255m███[38;2;254;254;254m█[38;2;253;253;253m███[38;2;255;255;251m█[38;2;209;210;198m█[38;2;0;0;97m█[38;2;2;3;104m█[38;2;10;10;72m█[38;2;9;9;70m█[38;2;13;13;9m██
[38;2;13;13;16m████[38;2;13;13;9m██[38;2;4;4;127m█[38;2;3;3;126m█[38;2;0;0;22m█[38;2;189;189;218m█[38;2;255;255;255m█[38;2;253;253;249m█[38;2;253;253;253m████[38;2;255;255;255m█[38;2;130;130;130m█[38;2;53;53;53m█[38;2;186;186;186m█[38;2;255;255;255m██[38;2;253;253;253m██[38;2;254;255;245m█[38;2;255;255;255m█[38;2;63;63;134m█[38;2;0;0;62m█[38;2;9;8;96m█[38;2;8;6;95m█[38;2;13;15;6m██
[38;2;13;13;16m████[38;2;13;13;13m██[38;2;5;5;130m█[38;2;0;0;124m█[38;2;11;12;30m█[38;2;226;228;245m█[38;2;255;255;255m█[38;2;253;253;251m█[38;2;253;253;253m████[38;2;255;255;255m█[38;2;126;126;126m█[38;2;0;0;0m██[38;2;83;83;83m█[38;2;215;215;215m█[38;2;255;255;255m█[38;2;254;254;254m█[38;2;253;254;246m█[38;2;252;253;245m█[38;2;118;119;169m█[38;2;0;0;38m█[38;2;6;8;109m█[38;2;5;6;108m█[38;2;13;15;6m██
[38;2;13;13;16m████[38;2;13;13;13m██[38;2;5;5;132m█[38;2;0;0;123m█[38;2;25;26;40m█[38;2;239;240;254m█[38;2;255;255;254m█[38;2;253;253;251m█[38;2;253;253;253m█████[38;2;255;255;255m█[38;2;198;198;198m█[38;2;46;46;46m█[38;2;0;0;0m██[38;2;185;185;185m█[38;2;255;255;255m█[38;2;104;104;100m█[38;2;10;10;5m█[38;2;6;9;51m█[38;2;0;0;40m█[38;2;6;6;116m█[38;2;5;5;115m█[38;2;13;15;6m██
[38;2;13;13;16m██████[38;2;5;5;132m█[38;2;0;0;123m█[38;2;27;28;42m█[38;2;240;242;255m█[38;2;255;255;253m█[38;2;253;253;251m█[38;2;253;253;253m████[38;2;254;254;254m█[38;2;253;253;253m█[38;2;172;172;172m█[38;2;32;32;32m█[38;2;0;0;0m█[38;2;17;17;17m█[38;2;196;196;196m█[38;2;255;255;255m█[38;2;124;124;119m█[38;2;34;34;30m█[38;2;22;24;63m█[38;2;0;0;37m█[38;2;6;6;116m█[38;2;5;5;115m█[38;2;13;15;6m██
[38;2;13;13;16m██████[38;2;5;5;132m█[38;2;0;0;122m█[38;2;31;30;41m█[38;2;244;243;254m█[38;2;255;255;253m█[38;2;253;253;251m█[38;2;253;253;253m████[38;2;255;255;255m█[38;2;111;111;111m█[38;2;0;0;0m██[38;2;110;110;110m█[38;2;233;233;233m█[38;2;255;255;255m█[38;2;253;253;253m█[38;2;255;255;254m█[38;2;255;255;255m█[38;2;155;158;200m█[38;2;0;0;31m█[38;2;6;6;116m█[38;2;5;5;115m█[38;2;13;15;6m██
[38;2;13;13;16m██████[38;2;5;5;132m█[38;2;0;0;120m█[38;2;35;34;46m█[38;2;247;246;255m█[38;2;255;255;253m█[38;2;253;253;251m█[38;2;253;253;253m████[38;2;255;255;255m█[38;2;151;151;151m█[38;2;82;82;82m█[38;2;208;208;208m█[38;2;255;255;255m██[38;2;253;253;253m██[38;2;253;253;249m█[38;2;255;255;255m█[38;2;150;151;196m█[38;2;0;0;32m█[38;2;6;6;113m█[38;2;5;5;112m█[38;2;13;15;6m██
[38;2;13;13;16m████[38;2;13;13;17m██[38;2;5;5;132m█[38;2;0;0;119m█[38;2;45;44;53m█[38;2;252;251;255m█[38;2;254;254;252m█[38;2;253;253;251m█[38;2;253;253;253m█████[38;2;255;255;255m███[38;2;253;253;253m████[38;2;253;254;246m█[38;2;255;255;255m█[38;2;138;139;187m█[38;2;0;0;34m█[38;2;6;8;111m█[38;2;5;6;110m█[38;2;13;15;6m██
[38;2;13;13;16m████[38;2;13;13;19m██[38;2;5;5;132m█[38;2;0;0;117m█[38;2;58;58;61m█[38;2;255;255;255m█[38;2;254;254;254m█[38;2;253;253;253m█████████████[38;2;253;254;246m█[38;2;255;255;255m█[38;2;122;123;174m█[38;2;0;0;39m█[38;2;8;9;109m█[38;2;5;6;107m█[38;2;13;15;6m██
[38;2;13;13;16m██[38;2;13;13;13m██[38;2;13;12;24m██[38;2;5;5;132m█[38;2;0;0;113m█[38;2;77;77;80m█[38;2;255;255;255m█[38;2;253;253;253m██████████████[38;2;253;254;246m█[38;2;255;255;255m█[38;2;100;100;161m█[38;2;0;0;49m█[38;2;8;10;102m█[38;2;5;8;100m█[38;2;13;15;6m██
[38;2;13;13;16m██[38;2;13;13;13m██[38;2;11;12;27m██[38;2;5;5;130m█[38;2;0;0;108m█[38;2;104;104;102m█[38;2;255;255;255m█[38;2;253;253;253m██████████████[38;2;253;254;244m█[38;2;255;255;253m█[38;2;70;70;141m█[38;2;0;0;61m█[38;2;9;8;93m█[38;2;8;6;91m█[38;2;13;15;6m██
[38;2;13;13;16m██[38;2;13;13;13m██[38;2;11;11;37m██[38;2;5;5;126m█[38;2;0;0;102m█[38;2;139;139;134m█[38;2;255;255;255m█[38;2;253;253;253m██████████████[38;2;254;255;245m█[38;2;253;254;244m█[38;2;41;40;123m█[38;2;0;0;77m█[38;2;9;9;84m█[38;2;8;8;83m█[38;2;13;15;6m██
[38;2;13;13;16m██[38;2;13;13;11m██[38;2;11;10;47m██[38;2;5;5;118m█[38;2;0;0;97m█[38;2;178;179;168m█[38;2;255;255;254m█[38;2;253;253;253m██████████████[38;2;255;255;247m█[38;2;235;236;225m█[38;2;11;13;105m█[38;2;0;2;94m█[38;2;10;10;72m█[38;2;9;9;70m█[38;2;13;13;9m██
[38;2;13;13;16m██[38;2;13;13;9m██[38;2;9;10;60m█[38;2;10;11;61m█[38;2;3;4;105m█[38;2;0;0;98m█[38;2;214;215;204m█[38;2;255;255;251m█[38;2;253;253;253m██████████████[38;2;255;255;251m█[38;2;205;207;196m█[38;2;0;0;100m█[38;2;3;3;110m█[38;2;9;10;55m██[38;2;13;13;11m██
[38;2;13;13;16m██[38;2;13;13;9m██[38;2;9;9;73m█[38;2;10;10;74m█[38;2;0;0;89m█[38;2;22;20;111m█[38;2;240;242;231m█[38;2;255;255;247m█[38;2;253;253;253m██████████████[38;2;255;255;255m█[38;2;168;169;161m█[38;2;0;0;98m█[38;2;6;6;122m█[38;2;11;10;45m██[38;2;13;13;11m██
[38;2;13;13;16m██[38;2;13;15;6m██[38;2;8;8;87m█[38;2;9;9;88m█[38;2;0;0;70m█[38;2;48;48;125m█[38;2;255;255;249m█[38;2;254;255;245m█[38;2;253;253;253m███[38;2;254;254;254m█[38;2;253;253;253m█████[38;2;254;254;254m█[38;2;253;253;253m████[38;2;255;255;255m█[38;2;119;119;115m█[38;2;0;0;107m█[38;2;5;5;130m█[38;2;11;11;34m██[38;2;13;13;13m██
[38;2;13;13;16m██[38;2;13;15;6m██[38;2;8;6;97m█[38;2;9;8;98m█[38;2;0;0;79m█[38;2;24;23;105m█[38;2;247;249;238m█[38;2;255;255;252m█[38;2;254;254;254m█[38;2;255;255;255m█████[38;2;253;253;253m█[38;2;255;255;255m█████[38;2;254;254;252m█[38;2;255;255;255m█[38;2;238;238;244m█[38;2;28;28;34m█[38;2;0;0;134m█[38;2;5;4;145m█[38;2;13;12;22m██[38;2;13;13;13m██
[38;2;13;13;16m██[38;2;13;15;6m██[38;2;8;6;89m█[38;2;9;8;90m█[38;2;4;4;125m█[38;2;0;0;105m█[38;2;86;84;72m█[38;2;230;229;216m█[38;2;255;255;255m█[38;2;246;246;246m█[38;2;151;152;141m█[38;2;52;53;42m█[38;2;108;108;103m█[38;2;235;235;230m█[38;2;255;255;255m█[38;2;243;243;243m█[38;2;138;139;129m█[38;2;51;52;41m█[38;2;122;122;119m█[38;2;240;240;238m█[38;2;255;255;252m█[38;2;218;219;211m█[38;2;56;58;108m█[38;2;0;0;40m█[38;2;3;4;150m█[38;2;2;3;148m█[38;2;13;13;9m██[38;2;13;13;16m██
██[38;2;13;13;11m██[38;2;9;11;51m██[38;2;1;2;201m█[38;2;0;0;196m█[38;2;0;0;15m█[38;2;13;13;39m█[38;2;59;58;42m█[38;2;33;32;17m█[38;2;0;0;63m█[38;2;0;0;68m█[38;2;0;0;13m█[38;2;19;19;45m█[38;2;60;59;46m█[38;2;28;27;15m█[38;2;0;0;65m█[38;2;0;0;70m█[38;2;0;0;9m█[38;2;25;25;46m█[38;2;54;53;42m█[38;2;10;9;0m█[38;2;0;0;146m█[38;2;3;3;165m█[38;2;6;8;103m█[38;2;5;6;102m█[38;2;13;15;4m██[38;2;13;13;16m██
████[38;2;13;13;11m██[38;2;1;1;180m█[38;2;3;3;182m█[38;2;0;0;207m█[38;2;0;0;198m█[38;2;0;0;140m█[38;2;0;0;145m█[38;2;0;0;237m█[38;2;0;0;239m█[38;2;0;1;196m█[38;2;0;0;187m█[38;2;0;0;143m█[38;2;0;0;148m█[38;2;0;0;239m█[38;2;0;0;242m█[38;2;1;0;190m█[38;2;0;0;181m█[38;2;0;0;162m█[38;2;0;0;171m█[38;2;1;1;208m█[38;2;0;0;207m█[38;2;13;12;26m██[38;2;13;13;13m██[38;2;13;13;16m██
████[38;2;13;13;9m██[38;2;11;10;47m██[38;2;0;1;198m█[38;2;1;2;200m█[38;2;0;0;233m█[38;2;0;0;232m█[38;2;5;5;134m██[38;2;0;1;196m█[38;2;1;2;197m█[38;2;0;0;231m█[38;2;0;0;230m█[38;2;5;5;132m█[38;2;4;4;131m█[38;2;0;1;202m█[38;2;1;2;203m█[38;2;0;0;224m█[38;2;0;0;223m█[38;2;10;10;75m█[38;2;9;9;74m█[38;2;13;15;6m██[38;2;13;13;16m████
██████[38;2;13;13;9m██[38;2;13;12;26m██[38;2;11;11;40m██[38;2;13;15;6m██[38;2;11;12;27m██[38;2;11;11;40m██[38;2;13;15;6m██[38;2;11;12;27m██[38;2;11;11;34m██[38;2;13;13;9m██[38;2;13;13;16m██████
████████[38;2;13;13;13m██[38;2;13;13;11m██[38;2;13;13;16m██[38;2;13;13;13m██[38;2;13;13;11m██[38;2;13;13;16m██[38;2;13;13;13m██[38;2;13;13;11m██[38;2;13;13;16m████████
████████████████████████████████