[38;2;13;13;16m████████████████████████████████
████████████[38;2;13;15;6m██████[38;2;13;13;9m██[38;2;13;13;16m████████████
████████[38;2;13;13;13m██[38;2;13;13;9m██[38;2;8;8;84m█[38;2;9;9;86m█[38;2;3;3;165m██[38;2;3;4;158m██[38;2;10;10;69m█[38;2;9;9;68m█[38;2;13;15;6m██[38;2;13;13;16m██████████
████████[38;2;13;13;9m██[38;2;4;3;140m█[38;2;5;4;141m█[38;2;0;0;205m█[38;2;0;0;198m█[38;2;0;0;124m█[38;2;0;0;120m█[38;2;0;0;130m█[38;2;0;0;134m█[38;2;0;0;208m█[38;2;0;0;212m█[38;2;6;8;109m█[38;2;5;6;108m█[38;2;13;15;6m██[38;2;13;13;16m████████
██████[38;2;13;15;4m██[38;2;5;5;112m█[38;2;6;6;113m█[38;2;1;1;172m█[38;2;0;0;155m█[38;2;0;0;2m█[38;2;20;19;31m█[38;2;60;59;46m█[38;2;80;79;66m█[38;2;75;74;61m█[38;2;45;44;31m█[38;2;3;2;34m█[38;2;0;0;19m█[38;2;0;0;185m█[38;2;2;0;194m█[38;2;10;10;74m█[38;2;9;9;73m█[38;2;13;15;6m██[38;2;13;13;16m██████
████[38;2;13;13;11m██[38;2;11;11;40m██[38;2;2;2;179m█[38;2;0;0;171m█[38;2;0;0;3m█[38;2;58;56;70m█[38;2;172;173;165m█[38;2;237;238;230m█[38;2;255;255;255m███[38;2;252;252;252m█[38;2;216;217;205m█[38;2;124;125;113m█[38;2;9;10;58m█[38;2;0;0;38m█[38;2;1;1;172m█[38;2;2;2;173m█[38;2;13;13;17m██[38;2;13;13;13m██[38;2;13;13;16m████
████[38;2;13;15;4m██[38;2;5;4;125m█[38;2;6;5;126m█[38;2;0;0;84m█[38;2;0;0;80m█[38;2;143;144;132m█[38;2;255;255;246m█[38;2;255;255;255m██[38;2;254;254;254m█[38;2;253;253;253m██[38;2;254;254;254m█[38;2;255;255;255m██[38;2;222;223;211m█[38;2;59;60;48m█[38;2;0;0;112m█[38;2;4;3;136m█[38;2;9;9;82m█[38;2;8;8;81m█[38;2;13;15;6m██[38;2;13;13;16m████
██[38;2;13;13;13m██[38;2;13;12;24m██[38;2;3;4;155m█[38;2;0;0;148m█[38;2;0;0;6m█[38;2;171;169;179m█[38;2;255;255;255m█[38;2;255;255;253m█[38;2;253;253;253m████████[38;2;255;255;255m█[38;2;249;250;242m█[38;2;60;61;109m█[38;2;0;0;37m█[38;2;5;4;139m█[38;2;4;3;138m█[38;2;13;15;6m██[38;2;13;13;16m████
██[38;2;13;13;9m██[38;2;9;10;63m█[38;2;10;11;65m█[38;2;5;4;125m█[38;2;0;0;101m█[38;2;134;136;124m█[38;2;255;255;255m█[38;2;253;253;253m███████████[38;2;255;255;255m█[38;2;232;232;235m█[38;2;24;24;26m█[38;2;0;0;134m█[38;2;3;5;147m█[38;2;11;12;26m██[38;2;13;13;13m██[38;2;13;13;16m██
██[38;2;13;15;6m██[38;2;5;8;100m█[38;2;6;9;101m█[38;2;0;0;69m█[38;2;39;39;115m█[38;2;252;253;243m█[38;2;255;255;246m█[38;2;255;255;255m██[38;2;254;254;254m█[38;2;253;253;253m█████████[38;2;255;255;255m█[38;2;153;154;144m█[38;2;0;0;100m█[38;2;5;5;123m█[38;2;9;10;55m██[38;2;13;13;11m██[38;2;13;13;16m██
██[38;2;13;15;6m██[38;2;5;5;120m█[38;2;6;6;122m█[38;2;0;0;27m█[38;2;145;147;187m█[38;2;255;255;255m█[38;2;255;255;251m█[38;2;232;232;232m█[38;2;200;200;200m█[38;2;255;255;255m██[38;2;253;253;253m████████[38;2;255;255;247m█[38;2;240;242;231m█[38;2;20;19;107m█[38;2;0;0;86m█[38;2;9;9;84m█[38;2;8;8;83m█[38;2;13;15;6m██[38;2;13;13;16m██
██[38;2;13;13;11m██[38;2;5;5;130m█[38;2;1;1;125m█[38;2;3;3;24m█[38;2;215;215;236m█[38;2;255;255;255m██[38;2;105;105;105m█[38;2;0;0;0m█[38;2;80;80;80m█[38;2;214;214;214m█[38;2;255;255;255m██[38;2;252;252;252m█[38;2;255;255;255m███████[38;2;81;82;146m█[38;2;0;0;54m█[38;2;6;9;101m█[38;2;5;8;100m█[38;2;13;15;6m██[38;2;13;13;16m██
████[38;2;5;5;132m█[38;2;0;0;123m█[38;2;30;28;40m█[38;2;244;243;254m█[38;2;255;255;253m█[38;2;255;255;255m█[38;2;203;203;203m█[38;2;52;52;52m█[38;2;0;0;0m█[38;2;5;5;5m█[38;2;118;118;118m█[38;2;242;242;242m█[38;2;255;255;255m█[38;2;216;216;216m█[38;2;159;159;159m█[38;2;161;161;161m██[38;2;160;160;160m█[38;2;169;171;162m█[38;2;254;255;247m█[38;2;129;130;180m█[38;2;0;0;37m█[38;2;6;8;109m█[38;2;5;6;108m█[38;2;13;15;6m██[38;2;13;13;16m██
██[38;2;13;13;17m██[38;2;5;5;132m█[38;2;0;0;120m█[38;2;40;39;48m█[38;2;250;249;255m█[38;2;255;255;253m█[38;2;252;252;250m█[38;2;255;255;255m██[38;2;81;81;81m█[38;2;0;0;0m██[38;2;148;148;148m█[38;2;255;255;255m█[38;2;76;76;76m█[38;2;0;0;0m█████[38;2;180;181;173m█[38;2;154;155;201m█[38;2;0;0;32m█[38;2;6;6;113m█[38;2;5;5;112m█[38;2;13;15;6m██[38;2;13;13;16m██
██[38;2;13;13;17m██[38;2;5;5;132m█[38;2;0;0;120m█[38;2;40;39;48m█[38;2;250;249;255m█[38;2;255;255;253m█[38;2;255;255;255m█[38;2;216;216;216m█[38;2;74;74;74m█[38;2;0;0;0m██[38;2;96;96;96m█[38;2;233;233;233m█[38;2;255;255;255m█[38;2;203;203;203m█[38;2;137;137;137m█[38;2;139;139;139m██[38;2;138;138;138m█[38;2;147;148;140m█[38;2;247;249;240m█[38;2;147;148;194m█[38;2;0;0;32m█[38;2;6;6;113m█[38;2;5;5;112m█[38;2;13;15;6m██[38;2;13;13;16m██
████[38;2;5;5;132m█[38;2;0;0;120m█[38;2;38;37;46m█[38;2;249;247;255m█[38;2;255;255;253m█[38;2;255;255;255m█[38;2;107;107;107m█[38;2;0;0;0m█[38;2;59;59;59m█[38;2;195;195;195m█[38;2;255;255;255m██[38;2;252;252;252m█[38;2;255;255;255m███████[38;2;145;146;192m█[38;2;0;0;32m█[38;2;6;6;113m█[38;2;5;5;112m█[38;2;13;15;6m██[38;2;13;13;16m██
████[38;2;5;5;132m█[38;2;0;0;120m█[38;2;37;35;47m█[38;2;247;246;255m█[38;2;255;255;253m█[38;2;255;255;254m█[38;2;225;225;225m█[38;2;180;180;180m█[38;2;252;252;252m█[38;2;255;255;255m█[38;2;253;253;253m████████[38;2;253;253;249m█[38;2;255;255;255m█[38;2;148;151;193m█[38;2;0;0;30m█[38;2;6;6;113m█[38;2;5;5;112m█[38;2;13;15;6m██[38;2;13;13;16m██
████[38;2;5;5;132m█[38;2;0;0;122m█[38;2;34;33;45m█[38;2;246;245;255m█[38;2;255;255;253m█[38;2;253;253;251m█[38;2;255;255;255m██[38;2;254;254;254m█[38;2;253;253;253m█████████[38;2;253;253;249m█[38;2;255;255;255m█[38;2;152;154;196m█[38;2;0;0;30m█[38;2;6;6;113m█[38;2;5;5;112m█[38;2;13;15;6m██[38;2;13;13;16m██
████[38;2;5;5;132m█[38;2;0;0;122m█[38;2;31;30;41m█[38;2;244;243;254m█[38;2;255;255;253m█[38;2;253;253;251m█[38;2;253;253;253m████████████[38;2;253;253;249m█[38;2;255;255;255m█[38;2;155;158;200m█[38;2;0;0;31m█[38;2;6;6;116m█[38;2;5;5;115m█[38;2;13;15;6m██[38;2;13;13;16m██
██[38;2;13;13;13m██[38;2;5;5;132m█[38;2;0;0;123m█[38;2;25;26;40m█[38;2;239;240;254m█[38;2;255;255;253m█[38;2;253;253;251m█[38;2;253;253;253m████████████[38;2;253;253;249m█[38;2;255;255;255m█[38;2;161;164;203m█[38;2;0;0;28m█[38;2;6;6;116m█[38;2;5;5;115m█[38;2;13;15;6m██[38;2;13;13;16m██
██[38;2;13;13;13m██[38;2;5;5;130m█[38;2;0;0;122m█[38;2;22;23;37m█[38;2;237;238;252m█[38;2;255;255;254m█[38;2;253;253;251m█[38;2;253;253;253m████████████[38;2;253;253;249m█[38;2;255;255;255m█[38;2;169;168;208m█[38;2;0;0;27m█[38;2;5;5;117m██[38;2;13;15;6m██[38;2;13;13;16m██
██[38;2;13;13;13m██[38;2;5;5;130m█[38;2;0;0;122m█[38;2;18;19;34m█[38;2;232;233;249m█[38;2;255;255;254m█[38;2;253;253;251m█[38;2;253;253;253m████████████[38;2;253;253;249m█[38;2;255;255;255m█[38;2;175;174;211m█[38;2;0;0;26m█[38;2;5;5;118m██[38;2;13;15;6m██[38;2;13;13;16m██
██[38;2;13;13;11m██[38;2;5;5;130m█[38;2;0;0;123m█[38;2;13;15;32m█[38;2;229;230;247m█[38;2;255;255;255m█[38;2;253;253;251m█[38;2;253;253;253m████████████[38;2;253;253;249m█[38;2;255;255;255m█[38;2;181;180;215m█[38;2;0;0;25m█[38;2;5;5;120m██[38;2;13;15;6m██[38;2;13;13;16m██
██[38;2;13;13;11m██[38;2;5;5;130m█[38;2;0;0;124m█[38;2;11;12;30m█[38;2;225;226;244m█[38;2;255;255;255m█[38;2;253;253;251m█[38;2;253;253;253m████████████[38;2;253;253;249m█[38;2;255;255;255m█[38;2;188;187;219m█[38;2;0;0;25m█[38;2;5;5;120m██[38;2;13;13;9m██[38;2;13;13;16m██
██[38;2;13;13;11m██[38;2;5;5;129m█[38;2;1;1;124m█[38;2;2;2;25m█[38;2;216;216;239m█[38;2;255;255;255m█[38;2;253;253;251m█[38;2;253;253;253m███[38;2;255;255;255m██[38;2;253;253;253m████[38;2;255;255;255m██[38;2;253;253;253m█[38;2;253;253;249m█[38;2;255;255;255m█[38;2;185;183;216m█[38;2;0;0;23m█[38;2;5;5;120m██[38;2;13;15;6m██[38;2;13;13;16m██
██[38;2;13;15;6m██[38;2;5;5;123m█[38;2;6;6;124m█[38;2;0;0;28m█[38;2;124;123;164m█[38;2;255;255;252m█[38;2;255;255;255m████[38;2;247;247;247m█[38;2;249;249;249m█[38;2;255;255;255m████[38;2;245;245;245m█[38;2;251;251;251m█[38;2;255;255;255m█[38;2;255;255;252m█[38;2;255;255;255m█[38;2;101;102;150m█[38;2;0;0;37m█[38;2;6;6;118m█[38;2;5;5;117m█[38;2;13;15;6m██[38;2;13;13;16m██
██[38;2;13;15;6m██[38;2;8;6;95m█[38;2;9;8;96m█[38;2;1;3;95m█[38;2;0;0;84m█[38;2;37;35;20m█[38;2;154;153;138m█[38;2;238;238;238m█[38;2;240;240;240m█[38;2;161;162;154m█[38;2;37;38;30m█[38;2;40;41;33m█[38;2;166;167;159m█[38;2;240;240;240m█[38;2;237;237;237m█[38;2;147;148;140m█[38;2;30;31;23m█[38;2;47;48;40m█[38;2;179;180;172m█[38;2;236;235;222m█[38;2;134;133;120m█[38;2;0;0;89m█[38;2;1;2;100m█[38;2;9;8;90m█[38;2;8;6;89m█[38;2;13;15;6m██[38;2;13;13;16m██
██[38;2;13;13;11m██[38;2;11;11;34m██[38;2;2;0;196m█[38;2;0;0;192m█[38;2;0;0;81m█[38;2;0;0;73m█[38;2;20;19;6m█[38;2;23;22;9m█[38;2;0;0;72m█[38;2;0;0;79m█[38;2;0;0;77m█[38;2;0;0;72m█[38;2;23;22;9m█[38;2;20;19;6m█[38;2;0;0;76m█[38;2;0;0;86m█[38;2;0;0;68m█[38;2;0;0;66m█[38;2;10;11;28m█[38;2;0;0;9m█[38;2;0;0;168m█[38;2;4;3;176m█[38;2;11;11;34m██[38;2;13;13;13m██[38;2;13;13;16m██
████[38;2;13;15;6m██[38;2;5;8;97m█[38;2;6;9;98m█[38;2;0;0;207m█[38;2;0;0;205m█[38;2;0;0;186m██[38;2;0;0;197m█[38;2;0;1;200m██[38;2;0;0;197m█[38;2;0;0;188m█[38;2;0;0;189m█[38;2;0;0;198m█[38;2;0;1;200m█[38;2;1;2;201m█[38;2;0;0;197m█[38;2;0;0;208m█[38;2;0;0;214m█[38;2;6;8;109m█[38;2;5;6;108m█[38;2;13;15;6m██[38;2;13;13;16m████
██████[38;2;13;15;6m██[38;2;11;11;40m██[38;2;6;8;111m██[38;2;11;10;42m██[38;2;11;11;40m██[38;2;6;8;109m██[38;2;11;11;38m██[38;2;11;10;47m█[38;2;12;11;48m█[38;2;9;9;82m█[38;2;8;8;81m█[38;2;13;13;11m██[38;2;13;13;16m██████
████████[38;2;13;13;11m██[38;2;13;15;4m██[38;2;13;13;11m████[38;2;13;15;4m██[38;2;13;13;11m████[38;2;13;15;6m██[38;2;13;13;16m████████
████████████████████████████████