[38;2;13;13;16m████████████████████████████████
████████████[38;2;13;13;9m██[38;2;13;15;4m████[38;2;13;13;9m██[38;2;13;13;16m████████████
██████████[38;2;13;15;6m██[38;2;9;10;58m██[38;2;5;4;139m██[38;2;5;4;145m██[38;2;10;10;69m█[38;2;9;9;68m█[38;2;13;15;6m██[38;2;13;13;16m██████████
████████[38;2;13;15;4m██[38;2;8;6;97m█[38;2;9;8;98m█[38;2;0;0;215m█[38;2;0;0;211m█[38;2;0;0;155m█[38;2;0;0;151m█[38;2;0;0;145m█[38;2;0;0;148m█[38;2;0;0;208m█[38;2;0;0;212m█[38;2;6;6;122m█[38;2;5;5;120m█[38;2;13;15;6m██[38;2;13;13;16m████████
██████[38;2;13;15;6m██[38;2;9;9;68m█[38;2;10;10;69m█[38;2;3;1;200m█[38;2;0;0;190m█[38;2;0;0;31m█[38;2;0;0;38m█[38;2;30;31;19m█[38;2;54;55;44m█[38;2;59;58;45m█[38;2;40;39;26m█[38;2;5;5;32m█[38;2;0;0;15m█[38;2;0;0;174m█[38;2;2;1;187m█[38;2;9;8;95m█[38;2;8;6;94m█[38;2;13;15;4m██[38;2;13;13;16m██████
████[38;2;13;13;13m██[38;2;13;13;16m██[38;2;3;2;173m██[38;2;0;0;45m█[38;2;3;4;58m█[38;2;109;110;96m█[38;2;202;203;189m█[38;2;244;244;244m█[38;2;255;255;255m██[38;2;250;250;250m█[38;2;219;221;210m█[38;2;144;145;134m█[38;2;31;31;58m█[38;2;0;0;15m█[38;2;0;0;176m█[38;2;2;2;181m█[38;2;11;12;30m██[38;2;13;13;13m██[38;2;13;13;16m████
████[38;2;13;15;6m██[38;2;8;8;81m█[38;2;9;9;82m█[38;2;4;3;138m█[38;2;0;0;115m█[38;2;53;54;42m█[38;2;214;215;203m█[38;2;255;255;255m███[38;2;254;254;254m██[38;2;255;255;255m███[38;2;244;245;231m█[38;2;109;110;96m█[38;2;0;0;86m█[38;2;0;1;102m█[38;2;6;6;113m█[38;2;5;5;112m█[38;2;13;15;4m██[38;2;13;13;16m████
████[38;2;13;15;6m██[38;2;4;3;140m█[38;2;5;4;141m█[38;2;0;0;34m█[38;2;59;60;105m█[38;2;246;247;239m█[38;2;255;255;255m█[38;2;253;253;253m████████[38;2;255;255;255m██[38;2;134;136;153m█[38;2;0;0;8m█[38;2;0;1;150m█[38;2;3;4;153m█[38;2;13;13;17m██[38;2;13;13;16m████
██[38;2;13;13;13m██[38;2;11;12;27m██[38;2;6;5;148m█[38;2;0;0;134m█[38;2;27;27;30m█[38;2;233;233;236m█[38;2;255;255;255m█[38;2;253;253;253m██████████[38;2;254;254;254m█[38;2;255;255;255m█[38;2;101;102;91m█[38;2;0;0;110m█[38;2;5;5;134m█[38;2;9;11;53m██[38;2;13;13;11m██[38;2;13;13;16m██
██[38;2;13;13;9m██[38;2;9;10;60m██[38;2;5;5;120m█[38;2;0;0;98m█[38;2;161;162;152m█[38;2;255;255;255m██[38;2;253;253;253m███████████[38;2;255;255;250m█[38;2;236;237;226m█[38;2;17;16;101m█[38;2;0;0;82m█[38;2;9;8;93m█[38;2;8;6;91m█[38;2;13;15;6m██[38;2;13;13;16m██
██[38;2;13;15;6m██[38;2;8;8;87m█[38;2;9;9;88m█[38;2;0;0;79m█[38;2;27;26;109m█[38;2;249;250;239m█[38;2;239;240;230m█[38;2;221;221;221m█[38;2;255;255;255m██[38;2;253;253;253m█████████[38;2;253;254;246m█[38;2;255;255;255m█[38;2;116;117;167m█[38;2;0;0;37m█[38;2;6;6;116m█[38;2;5;5;115m█[38;2;13;15;6m██[38;2;13;13;16m██
██[38;2;13;15;6m██[38;2;5;6;104m█[38;2;6;8;105m█[38;2;0;0;47m█[38;2;97;97;157m█[38;2;255;255;255m█[38;2;86;87;79m█[38;2;0;0;0m█[38;2;116;116;116m█[38;2;237;237;237m█[38;2;255;255;255m█[38;2;254;254;254m█[38;2;253;253;253m█[38;2;255;255;255m██████[38;2;254;254;250m█[38;2;255;255;255m█[38;2;195;195;222m█[38;2;0;0;22m█[38;2;3;3;126m█[38;2;4;4;127m█[38;2;13;13;9m██[38;2;13;13;16m██
██[38;2;13;15;6m██[38;2;5;5;112m█[38;2;6;6;113m█[38;2;0;0;32m█[38;2;145;146;192m█[38;2;255;255;255m█[38;2;173;173;168m█[38;2;22;22;22m█[38;2;0;0;0m█[38;2;26;26;26m█[38;2;155;155;155m█[38;2;252;252;252m█[38;2;255;255;255m█[38;2;222;222;222m█[38;2;180;180;180m█[38;2;183;183;183m██[38;2;181;181;181m█[38;2;195;195;195m█[38;2;250;250;247m█[38;2;255;255;255m█[38;2;229;230;247m█[38;2;13;15;32m█[38;2;0;0;125m█[38;2;5;5;132m█[38;2;13;13;13m██[38;2;13;13;16m██
██[38;2;13;15;6m██[38;2;5;5;117m█[38;2;6;6;118m█[38;2;0;0;28m█[38;2;165;164;204m█[38;2;255;255;255m██[38;2;243;243;243m█[38;2;59;59;59m█[38;2;0;0;0m██[38;2;178;178;178m█[38;2;255;255;255m█[38;2;54;54;54m█[38;2;0;0;0m█████[38;2;194;194;192m█[38;2;255;255;255m█[38;2;240;239;253m█[38;2;26;25;39m█[38;2;0;0;123m█[38;2;5;5;132m█[38;2;13;13;13m██[38;2;13;13;16m██
██[38;2;13;15;6m██[38;2;5;5;117m█[38;2;6;6;118m█[38;2;0;0;27m█[38;2;166;165;204m█[38;2;255;255;255m█[38;2;216;216;211m█[38;2;82;82;82m█[38;2;0;0;0m██[38;2;90;90;90m█[38;2;235;235;235m█[38;2;255;255;255m█[38;2;175;175;175m█[38;2;112;112;112m█[38;2;117;117;117m██[38;2;115;115;115m█[38;2;130;130;130m█[38;2;237;237;235m█[38;2;255;255;255m█[38;2;240;239;253m█[38;2;26;25;39m█[38;2;0;0;123m█[38;2;5;5;132m█[38;2;13;13;13m██[38;2;13;13;16m██
██[38;2;13;15;6m██[38;2;5;5;117m█[38;2;6;6;118m█[38;2;0;0;27m█[38;2;167;166;205m█[38;2;255;255;255m█[38;2;73;73;68m█[38;2;0;0;0m█[38;2;55;55;55m█[38;2;190;190;190m█[38;2;255;255;255m██[38;2;252;252;252m█[38;2;255;255;255m██████[38;2;255;255;253m██[38;2;239;238;252m█[38;2;25;24;38m█[38;2;0;0;123m█[38;2;5;5;132m█[38;2;13;13;13m██[38;2;13;13;16m██
██[38;2;13;15;6m██[38;2;5;5;117m██[38;2;0;0;27m█[38;2;169;168;208m█[38;2;255;255;255m█[38;2;200;200;195m█[38;2;165;165;165m█[38;2;252;252;252m█[38;2;255;255;255m█[38;2;253;253;253m█████████[38;2;253;253;251m█[38;2;255;255;254m█[38;2;237;238;252m█[38;2;22;23;37m█[38;2;0;0;124m█[38;2;5;5;132m█[38;2;13;13;13m██[38;2;13;13;16m██
██[38;2;13;15;6m██[38;2;5;5;117m██[38;2;0;0;28m█[38;2;171;169;209m█[38;2;255;255;255m███[38;2;254;254;254m█[38;2;253;253;253m██████████[38;2;253;253;251m█[38;2;255;255;254m█[38;2;235;236;251m█[38;2;20;22;37m█[38;2;0;0;122m█[38;2;5;5;130m█[38;2;13;13;13m██[38;2;13;13;16m██
██[38;2;13;15;6m██[38;2;5;5;118m██[38;2;0;0;26m█[38;2;174;173;210m█[38;2;255;255;255m█[38;2;253;253;249m█[38;2;253;253;253m████████████[38;2;253;253;251m█[38;2;255;255;254m█[38;2;233;235;250m█[38;2;18;19;34m█[38;2;0;0;122m█[38;2;5;5;130m█[38;2;13;13;13m██[38;2;13;13;16m██
██[38;2;13;15;6m██[38;2;4;5;118m██[38;2;0;0;27m█[38;2;178;176;214m█[38;2;255;255;255m█[38;2;253;253;249m█[38;2;253;253;253m████████████[38;2;253;253;251m█[38;2;255;255;254m█[38;2;231;232;247m█[38;2;16;17;32m█[38;2;0;0;123m█[38;2;5;5;130m█[38;2;13;13;13m██[38;2;13;13;16m██
██[38;2;13;15;6m██[38;2;4;5;118m██[38;2;0;0;25m█[38;2;181;180;215m█[38;2;255;255;255m█[38;2;253;253;249m█[38;2;253;253;253m████████████[38;2;253;253;251m█[38;2;255;255;255m█[38;2;229;230;247m█[38;2;13;15;32m█[38;2;0;0;123m█[38;2;5;5;130m█[38;2;13;13;13m██[38;2;13;13;16m██
██[38;2;13;15;6m██[38;2;4;5;120m██[38;2;0;0;26m█[38;2;186;185;219m█[38;2;255;255;255m█[38;2;253;253;249m█[38;2;253;253;253m████████████[38;2;253;253;251m█[38;2;255;255;255m█[38;2;225;226;244m█[38;2;11;12;30m█[38;2;0;0;124m█[38;2;5;5;130m█[38;2;13;13;11m██[38;2;13;13;16m██
██[38;2;13;13;9m██[38;2;4;5;120m█[38;2;3;4;119m█[38;2;0;0;25m█[38;2;189;188;221m█[38;2;255;255;255m█[38;2;253;253;249m█[38;2;253;253;253m████████████[38;2;253;253;251m█[38;2;255;255;255m█[38;2;223;223;244m█[38;2;9;9;30m█[38;2;0;0;124m█[38;2;5;5;130m█[38;2;13;13;11m██[38;2;13;13;16m██
██[38;2;13;13;9m██[38;2;4;5;123m█[38;2;3;4;122m█[38;2;0;0;24m█[38;2;195;195;224m█[38;2;255;255;255m█[38;2;253;253;249m█[38;2;253;253;253m████████████[38;2;253;253;251m█[38;2;255;255;255m█[38;2;221;221;242m█[38;2;8;8;28m█[38;2;0;0;123m█[38;2;5;5;129m█[38;2;13;13;11m██[38;2;13;13;16m██
██[38;2;13;13;9m██[38;2;5;5;123m██[38;2;0;0;24m█[38;2;189;188;221m█[38;2;255;255;255m█[38;2;253;253;249m█[38;2;254;254;254m█[38;2;255;255;255m█[38;2;253;253;253m████[38;2;254;254;254m█[38;2;255;255;255m█[38;2;253;253;253m████[38;2;255;255;253m█[38;2;255;255;255m█[38;2;211;211;237m█[38;2;0;0;25m█[38;2;2;2;125m█[38;2;5;5;129m█[38;2;13;13;9m██[38;2;13;13;16m██
██[38;2;13;15;6m██[38;2;5;5;117m█[38;2;6;6;118m█[38;2;0;0;37m█[38;2;100;101;148m█[38;2;255;255;255m██[38;2;254;254;254m█[38;2;239;239;239m█[38;2;255;255;255m████[38;2;252;252;252m█[38;2;239;239;239m█[38;2;255;255;255m████[38;2;250;251;243m█[38;2;251;252;244m█[38;2;119;122;161m█[38;2;0;0;28m█[38;2;6;6;122m█[38;2;5;5;120m█[38;2;13;15;6m██[38;2;13;13;16m██
██[38;2;13;15;6m██[38;2;8;6;89m█[38;2;9;8;90m█[38;2;2;3;103m█[38;2;0;0;90m█[38;2;131;130;115m█[38;2;197;196;181m█[38;2;66;67;59m█[38;2;17;18;10m█[38;2;110;110;105m█[38;2;223;223;218m█[38;2;240;240;238m█[38;2;186;186;183m█[38;2;54;55;47m█[38;2;19;20;12m█[38;2;123;123;118m█[38;2;229;229;224m█[38;2;239;239;237m█[38;2;176;176;174m█[38;2;47;47;28m█[38;2;27;27;9m█[38;2;0;0;90m█[38;2;3;2;95m█[38;2;9;8;95m█[38;2;8;6;94m█[38;2;13;15;6m██[38;2;13;13;16m██
██[38;2;13;13;13m██[38;2;11;11;34m██[38;2;4;3;176m█[38;2;0;0;169m█[38;2;0;0;24m█[38;2;0;0;27m█[38;2;0;0;111m█[38;2;0;0;120m█[38;2;0;0;27m█[38;2;6;5;45m█[38;2;22;22;25m█[38;2;0;0;1m█[38;2;0;0;117m█[38;2;0;0;124m█[38;2;0;0;18m█[38;2;10;10;39m█[38;2;20;20;26m█[38;2;0;0;1m█[38;2;0;0;123m█[38;2;0;0;127m█[38;2;0;0;174m█[38;2;3;3;182m█[38;2;11;11;37m██[38;2;13;13;11m██[38;2;13;13;16m██
████[38;2;13;15;6m██[38;2;5;6;104m█[38;2;6;8;105m█[38;2;0;0;222m█[38;2;0;0;221m█[38;2;2;1;192m██[38;2;0;1;202m█[38;2;0;0;196m█[38;2;0;0;194m█[38;2;0;0;200m█[38;2;2;1;192m██[38;2;0;1;202m█[38;2;0;0;196m█[38;2;0;0;194m█[38;2;0;0;200m█[38;2;3;1;197m█[38;2;2;0;196m█[38;2;6;8;105m█[38;2;5;6;104m█[38;2;13;15;6m██[38;2;13;13;16m████
██████[38;2;13;13;13m██[38;2;9;10;63m█[38;2;10;11;65m█[38;2;13;12;22m██[38;2;9;9;68m█[38;2;10;10;69m█[38;2;9;8;90m██[38;2;13;13;17m██[38;2;9;9;74m█[38;2;10;10;75m█[38;2;9;8;90m██[38;2;13;13;17m██[38;2;13;13;11m██[38;2;13;13;16m██████
████████[38;2;13;13;9m██[38;2;13;13;13m██[38;2;13;13;9m██[38;2;13;15;6m██[38;2;13;13;13m██[38;2;13;13;9m██[38;2;13;15;6m██[38;2;13;13;13m██[38;2;13;13;16m████████
████████████████████████████████