[38;2;13;13;16m████████████[38;2;13;13;13m██[38;2;13;13;9m██[38;2;13;15;6m██[38;2;13;13;13m██[38;2;13;13;16m████████████
██████████[38;2;13;13;9m██[38;2;13;13;17m██[38;2;9;9;70m██[38;2;8;8;79m██[38;2;11;12;27m██[38;2;13;15;6m██[38;2;13;13;16m██████████
████████[38;2;13;13;9m██[38;2;11;10;42m██[38;2;2;1;187m██[38;2;0;0;211m█[38;2;0;0;208m█[38;2;0;0;204m█[38;2;0;0;205m█[38;2;0;1;204m██[38;2;10;10;77m█[38;2;9;9;76m█[38;2;13;15;6m██[38;2;13;13;16m████████
██████[38;2;13;13;11m██[38;2;11;12;27m██[38;2;2;1;192m██[38;2;0;0;115m█[38;2;0;0;102m█[38;2;0;0;4m█[38;2;5;4;16m█[38;2;9;9;15m█[38;2;1;1;6m█[38;2;0;0;62m█[38;2;0;0;66m█[38;2;0;0;196m█[38;2;1;2;203m█[38;2;10;10;67m█[38;2;9;9;66m█[38;2;13;15;6m██[38;2;13;13;16m██████
██████[38;2;13;15;4m██[38;2;4;3;138m█[38;2;6;5;140m█[38;2;1;1;118m█[38;2;0;0;98m█[38;2;30;28;13m█[38;2;119;118;103m█[38;2;187;187;182m█[38;2;217;217;212m█[38;2;222;222;219m█[38;2;208;208;205m█[38;2;166;165;152m█[38;2;86;84;72m█[38;2;1;2;55m█[38;2;0;0;44m█[38;2;1;1;178m█[38;2;2;2;179m█[38;2;13;12;22m██[38;2;13;13;13m██[38;2;13;13;16m████
████[38;2;13;13;11m██[38;2;11;10;42m██[38;2;4;4;169m█[38;2;0;0;158m█[38;2;0;0;0m█[38;2;120;120;123m█[38;2;242;242;239m█[38;2;255;255;255m███████[38;2;215;214;201m█[38;2;73;72;59m█[38;2;0;0;98m█[38;2;1;2;119m█[38;2;8;9;107m█[38;2;5;6;104m█[38;2;13;15;4m██[38;2;13;13;16m████
████[38;2;13;15;4m██[38;2;5;6;110m█[38;2;6;8;111m█[38;2;1;0;88m█[38;2;0;0;81m█[38;2;167;168;157m█[38;2;255;255;255m██[38;2;253;253;253m███████[38;2;255;255;255m█[38;2;255;255;254m█[38;2;113;113;134m█[38;2;0;0;9m█[38;2;0;1;152m█[38;2;3;4;155m█[38;2;13;13;17m██[38;2;13;13;16m████
████[38;2;13;13;13m██[38;2;4;3;144m█[38;2;3;2;143m█[38;2;0;0;11m█[38;2;146;146;169m█[38;2;255;255;255m█[38;2;253;253;251m█[38;2;253;253;253m█████████[38;2;255;255;255m█[38;2;255;255;254m█[38;2;98;100;89m█[38;2;0;0;110m█[38;2;5;5;134m█[38;2;9;10;58m██[38;2;13;13;11m██[38;2;13;13;16m██
██[38;2;13;13;13m██[38;2;11;11;34m██[38;2;6;5;140m█[38;2;0;0;119m█[38;2;67;67;62m█[38;2;255;255;255m█[38;2;254;254;254m█[38;2;253;253;253m█[38;2;254;254;254m██[38;2;253;253;253m████████[38;2;255;255;249m█[38;2;243;244;233m█[38;2;26;26;103m█[38;2;0;0;73m█[38;2;6;9;101m█[38;2;5;8;100m█[38;2;13;15;6m██[38;2;13;13;16m██
██[38;2;13;13;9m██[38;2;9;10;61m██[38;2;4;4;113m█[38;2;0;0;96m█[38;2;186;187;176m█[38;2;255;255;254m█[38;2;253;253;253m█[38;2;254;254;254m█[38;2;255;255;255m███[38;2;253;253;253m███████[38;2;253;253;249m█[38;2;255;255;255m█[38;2;145;144;183m█[38;2;0;0;26m█[38;2;5;6;124m█[38;2;4;5;123m█[38;2;13;15;6m██[38;2;13;13;16m██
██[38;2;13;15;6m██[38;2;8;8;83m█[38;2;9;9;84m█[38;2;0;0;84m█[38;2;27;26;113m█[38;2;246;247;237m█[38;2;255;255;246m█[38;2;254;254;254m█[38;2;255;255;255m█[38;2;101;101;101m█[38;2;63;63;63m█[38;2;201;201;201m█[38;2;255;255;255m██[38;2;253;253;253m██[38;2;254;254;254m█[38;2;255;255;255m██[38;2;255;255;254m█[38;2;255;255;255m█[38;2;226;228;243m█[38;2;9;10;25m█[38;2;0;0;126m█[38;2;5;5;132m█[38;2;13;13;13m██[38;2;13;13;16m██
██[38;2;13;15;6m██[38;2;8;6;95m█[38;2;9;8;96m█[38;2;0;0;59m█[38;2;73;74;141m█[38;2;255;255;253m█[38;2;253;254;244m█[38;2;254;254;254m█[38;2;255;255;255m█[38;2;93;93;93m█[38;2;0;0;0m██[38;2;102;102;102m█[38;2;229;229;229m█[38;2;255;255;255m█[38;2;254;254;254m█[38;2;250;250;250m█[38;2;237;237;237m█[38;2;238;238;238m███[38;2;247;247;253m█[38;2;52;52;58m█[38;2;0;0;120m█[38;2;5;5;134m█[38;2;13;13;19m██[38;2;13;13;16m██
██[38;2;13;15;6m██[38;2;5;8;100m█[38;2;8;10;102m█[38;2;0;0;49m█[38;2;100;100;161m█[38;2;255;255;255m█[38;2;253;254;246m█[38;2;253;253;253m█[38;2;254;254;254m█[38;2;255;255;255m█[38;2;179;179;179m█[38;2;24;24;24m█[38;2;0;0;0m█[38;2;15;15;15m█[38;2;217;217;217m█[38;2;255;255;255m█[38;2;67;67;67m█[38;2;9;9;9m█[38;2;16;16;16m██[38;2;12;12;12m█[38;2;42;42;45m█[38;2;45;45;47m█[38;2;0;0;119m█[38;2;6;6;133m█[38;2;13;12;22m██[38;2;13;13;13m██
[38;2;13;13;16m██[38;2;13;15;6m██[38;2;5;8;100m█[38;2;6;9;101m█[38;2;0;0;47m█[38;2;104;104;164m█[38;2;255;255;255m█[38;2;253;254;246m█[38;2;253;253;253m█[38;2;255;255;255m█[38;2;246;246;246m█[38;2;145;145;145m█[38;2;13;13;13m█[38;2;0;0;0m█[38;2;41;41;41m█[38;2;226;226;226m█[38;2;255;255;255m█[38;2;95;95;95m█[38;2;37;37;37m█[38;2;42;42;42m█[38;2;44;44;44m█[38;2;40;40;40m█[38;2;73;73;75m█[38;2;53;53;55m█[38;2;0;0;118m█[38;2;6;6;133m█[38;2;13;12;22m██[38;2;13;13;13m██
[38;2;13;13;16m██[38;2;13;15;6m██[38;2;5;6;102m█[38;2;6;8;103m█[38;2;0;0;47m█[38;2;107;107;166m█[38;2;255;255;255m█[38;2;253;254;246m█[38;2;254;254;254m█[38;2;255;255;255m█[38;2;68;68;68m█[38;2;0;0;0m█[38;2;12;12;12m█[38;2;138;138;138m█[38;2;247;247;247m█[38;2;255;255;255m█[38;2;254;254;254m█[38;2;255;255;255m█[38;2;253;253;253m████[38;2;255;255;255m█[38;2;74;74;76m█[38;2;0;0;115m█[38;2;6;6;133m█[38;2;13;12;22m██[38;2;13;13;13m██
[38;2;13;13;16m██[38;2;13;15;6m██[38;2;5;6;102m█[38;2;6;8;103m█[38;2;0;0;46m█[38;2;108;108;167m█[38;2;255;255;255m█[38;2;253;254;246m█[38;2;253;253;253m█[38;2;255;255;255m█[38;2;125;125;125m█[38;2;100;100;100m█[38;2;226;226;226m█[38;2;255;255;255m██[38;2;253;253;253m██[38;2;254;254;254m████[38;2;255;255;255m██[38;2;69;69;72m█[38;2;0;0;115m█[38;2;6;6;133m█[38;2;13;12;22m██[38;2;13;13;13m██
[38;2;13;13;16m██[38;2;13;15;6m██[38;2;5;6;104m█[38;2;6;8;105m█[38;2;0;0;44m█[38;2;111;111;168m█[38;2;255;255;255m█[38;2;253;254;246m█[38;2;253;253;253m██[38;2;255;255;255m███[38;2;253;253;253m████████[38;2;254;254;254m█[38;2;255;255;255m█[38;2;66;66;69m█[38;2;0;0;116m█[38;2;6;6;133m█[38;2;13;12;22m██[38;2;13;13;16m██
██[38;2;13;15;6m██[38;2;5;6;104m█[38;2;6;8;105m█[38;2;0;0;41m█[38;2;117;118;172m█[38;2;255;255;255m█[38;2;253;254;246m█[38;2;253;253;253m█████████████[38;2;254;254;254m█[38;2;255;255;255m█[38;2;61;61;65m█[38;2;0;0;116m█[38;2;6;6;133m█[38;2;13;13;19m██[38;2;13;13;16m██
██[38;2;13;15;6m██[38;2;5;6;107m█[38;2;6;8;108m█[38;2;0;0;38m█[38;2;124;125;176m█[38;2;255;255;255m█[38;2;253;254;246m█[38;2;253;253;253m█████████████[38;2;254;254;254m█[38;2;255;255;255m█[38;2;55;55;59m█[38;2;0;0;117m█[38;2;5;5;132m█[38;2;13;13;19m██[38;2;13;13;16m██
██[38;2;13;15;6m██[38;2;5;6;108m█[38;2;6;8;109m█[38;2;0;0;37m█[38;2;132;133;183m█[38;2;255;255;255m█[38;2;253;254;246m█[38;2;253;253;253m████████████[38;2;253;253;251m█[38;2;254;254;252m█[38;2;253;253;255m█[38;2;48;48;54m█[38;2;0;0;118m█[38;2;5;5;132m█[38;2;13;13;17m██[38;2;13;13;16m██
██[38;2;13;15;6m██[38;2;5;6;110m█[38;2;6;8;111m█[38;2;0;0;34m█[38;2;141;143;190m█[38;2;255;255;255m█[38;2;253;254;246m█[38;2;253;253;253m████████████[38;2;253;253;251m█[38;2;255;255;253m█[38;2;250;249;255m█[38;2;41;40;49m█[38;2;0;0;120m█[38;2;5;5;132m█[38;2;13;13;17m██[38;2;13;13;16m██
██[38;2;13;15;6m██[38;2;5;5;112m█[38;2;6;6;113m█[38;2;0;0;30m█[38;2;152;154;196m█[38;2;255;255;255m█[38;2;253;253;249m█[38;2;253;253;253m████████████[38;2;253;253;251m█[38;2;255;255;253m█[38;2;246;245;255m█[38;2;33;32;44m█[38;2;0;0;122m█[38;2;5;5;132m█[38;2;13;13;16m████
██[38;2;13;15;6m██[38;2;5;5;117m█[38;2;6;6;118m█[38;2;0;0;28m█[38;2;162;165;204m█[38;2;255;255;255m█[38;2;253;253;249m█[38;2;253;253;253m████████████[38;2;253;253;251m█[38;2;255;255;254m█[38;2;239;240;254m█[38;2;25;26;40m█[38;2;0;0;123m█[38;2;5;5;132m█[38;2;13;13;13m██[38;2;13;13;16m██
██[38;2;13;15;6m██[38;2;5;5;118m██[38;2;0;0;26m█[38;2;175;174;211m█[38;2;255;255;255m█[38;2;253;253;249m█[38;2;253;253;253m████████████[38;2;253;253;251m█[38;2;255;255;254m█[38;2;235;236;251m█[38;2;19;20;35m█[38;2;0;0;122m█[38;2;5;5;130m█[38;2;13;13;13m██[38;2;13;13;16m██
██[38;2;13;15;6m██[38;2;5;5;120m██[38;2;0;0;25m█[38;2;173;172;209m█[38;2;255;255;255m█[38;2;255;255;252m█[38;2;253;253;253m████[38;2;255;255;255m██[38;2;253;253;253m████[38;2;255;255;255m██[38;2;253;253;251m█[38;2;255;255;255m█[38;2;223;223;244m█[38;2;6;6;27m█[38;2;0;0;124m█[38;2;5;5;130m█[38;2;13;13;11m██[38;2;13;13;16m██
██[38;2;13;15;6m██[38;2;5;5;115m█[38;2;6;6;116m█[38;2;0;0;41m█[38;2;88;89;140m█[38;2;254;255;247m█[38;2;239;240;232m█[38;2;255;255;255m████[38;2;249;249;249m█[38;2;240;240;240m█[38;2;255;255;255m████[38;2;245;245;245m█[38;2;242;242;242m█[38;2;255;255;255m██[38;2;132;131;171m█[38;2;0;0;27m█[38;2;5;5;126m█[38;2;4;4;125m█[38;2;13;15;6m██[38;2;13;13;16m██
██[38;2;13;15;6m██[38;2;8;6;89m█[38;2;9;8;90m█[38;2;3;4;108m█[38;2;0;0;98m█[38;2;38;38;19m█[38;2;20;20;2m█[38;2;120;120;116m█[38;2;226;226;222m█[38;2;237;237;235m█[38;2;172;172;169m█[38;2;42;44;35m█[38;2;22;23;15m█[38;2;134;134;130m█[38;2;230;230;225m█[38;2;235;235;232m█[38;2;160;160;158m█[38;2;34;35;27m█[38;2;26;27;19m█[38;2;153;152;137m█[38;2;146;145;130m█[38;2;0;0;88m█[38;2;2;1;94m█[38;2;9;8;101m█[38;2;8;6;100m█[38;2;13;15;6m██[38;2;13;13;16m██
██[38;2;13;13;13m██[38;2;11;11;32m██[38;2;2;2;176m█[38;2;0;0;171m█[38;2;0;0;133m█[38;2;0;0;137m█[38;2;0;0;18m█[38;2;9;9;38m█[38;2;19;18;30m█[38;2;0;0;4m█[38;2;0;0;124m█[38;2;0;0;127m█[38;2;0;0;15m█[38;2;10;10;35m█[38;2;15;16;31m█[38;2;0;0;6m█[38;2;0;0;123m█[38;2;0;0;125m█[38;2;0;0;33m██[38;2;0;0;167m█[38;2;3;3;176m█[38;2;11;11;40m██[38;2;13;13;11m██[38;2;13;13;16m██
████[38;2;13;15;6m██[38;2;5;6;107m█[38;2;6;8;108m█[38;2;0;1;202m██[38;2;0;0;207m█[38;2;0;0;201m█[38;2;0;0;197m█[38;2;0;0;202m█[38;2;0;1;198m██[38;2;0;0;205m█[38;2;0;0;201m█[38;2;0;0;200m█[38;2;0;0;205m█[38;2;0;1;196m██[38;2;0;0;224m██[38;2;6;6;113m█[38;2;5;5;112m█[38;2;13;15;6m██[38;2;13;13;16m████
██████[38;2;13;13;13m██[38;2;13;13;17m██[38;2;9;8;83m█[38;2;10;9;84m█[38;2;9;8;95m██[38;2;13;13;19m██[38;2;8;8;84m█[38;2;9;9;86m█[38;2;9;8;90m█[38;2;8;6;89m█[38;2;13;12;22m██[38;2;10;11;62m█[38;2;9;10;61m█[38;2;13;13;16m████████
████████[38;2;13;13;13m██[38;2;13;15;6m████[38;2;13;13;13m██[38;2;13;15;6m████[38;2;13;13;13m██[38;2;13;13;9m██[38;2;13;13;16m████████
████████████████████████████████