[38;2;13;13;16m████████████[38;2;13;13;9m████[38;2;13;13;11m██[38;2;13;15;6m██[38;2;13;13;13m██[38;2;13;13;16m██████████
██████████[38;2;13;15;6m██[38;2;9;9;73m█[38;2;10;10;74m█[38;2;2;2;175m██[38;2;0;2;192m██[38;2;5;5;130m██[38;2;13;12;26m██[38;2;13;13;9m██[38;2;13;13;16m████████
████████[38;2;13;15;4m██[38;2;8;6;94m█[38;2;9;8;95m█[38;2;0;0;215m█[38;2;0;0;210m█[38;2;0;0;120m█[38;2;0;0;113m█[38;2;0;0;83m█[38;2;0;0;84m█[38;2;0;0;157m█[38;2;0;0;166m█[38;2;2;1;187m██[38;2;11;11;32m██[38;2;13;13;11m██[38;2;13;13;16m██████
██████[38;2;13;13;11m██[38;2;11;10;47m██[38;2;1;2;197m█[38;2;0;0;192m█[38;2;0;0;32m█[38;2;0;0;39m█[38;2;47;46;31m█[38;2;91;90;75m█[38;2;109;110;98m█[38;2;100;101;89m█[38;2;65;66;54m█[38;2;17;18;6m█[38;2;0;0;91m█[38;2;0;0;103m█[38;2;3;3;166m██[38;2;13;13;13m████[38;2;13;13;16m████
██████[38;2;13;15;6m██[38;2;4;3;146m█[38;2;5;4;147m█[38;2;0;0;84m█[38;2;0;0;73m█[38;2;87;86;73m█[38;2;204;203;190m█[38;2;253;253;253m█[38;2;255;255;255m████[38;2;232;232;230m█[38;2;151;152;138m█[38;2;32;33;19m█[38;2;0;0;117m█[38;2;3;2;139m█[38;2;9;8;101m█[38;2;8;6;100m█[38;2;13;15;4m██[38;2;13;13;16m████
████[38;2;13;13;11m██[38;2;11;11;38m██[38;2;3;3;162m█[38;2;0;0;152m█[38;2;1;1;1m█[38;2;159;159;159m█[38;2;255;255;255m██[38;2;254;254;254m█[38;2;253;253;253m████[38;2;255;255;255m██[38;2;243;243;238m█[38;2;96;96;117m█[38;2;0;0;9m█[38;2;0;0;158m█[38;2;3;3;162m█[38;2;13;13;19m██[38;2;13;13;13m██[38;2;13;13;16m██
████[38;2;13;15;6m██[38;2;8;6;91m█[38;2;9;8;93m█[38;2;2;3;103m█[38;2;0;0;87m█[38;2;165;166;154m█[38;2;255;255;255m█[38;2;254;254;254m█[38;2;253;253;253m████████[38;2;255;255;255m█[38;2;255;255;253m█[38;2;120;122;110m█[38;2;0;0;100m█[38;2;4;4;122m█[38;2;10;10;75m█[38;2;9;9;74m█[38;2;13;13;9m██[38;2;13;13;16m██
████[38;2;13;15;6m██[38;2;4;4;129m█[38;2;5;5;130m█[38;2;0;0;30m█[38;2;97;100;141m█[38;2;255;255;255m█[38;2;254;254;250m█[38;2;253;253;253m██████████[38;2;255;255;249m█[38;2;255;255;254m█[38;2;76;77;129m█[38;2;0;0;40m█[38;2;6;8;125m█[38;2;4;5;123m█[38;2;13;15;6m██[38;2;13;13;16m██
████[38;2;13;13;17m██[38;2;5;4;141m█[38;2;0;0;133m█[38;2;12;11;23m█[38;2;225;224;236m█[38;2;255;255;255m█[38;2;253;253;251m█[38;2;253;253;253m██[38;2;255;255;255m██[38;2;253;253;253m██████[38;2;253;253;251m█[38;2;255;255;255m█[38;2;222;221;235m█[38;2;11;10;24m█[38;2;0;0;134m█[38;2;5;4;141m█[38;2;13;13;16m████
██[38;2;13;13;13m██[38;2;11;12;30m██[38;2;5;5;134m█[38;2;0;0;113m█[38;2;87;87;84m█[38;2;255;255;255m█[38;2;253;253;253m██[38;2;254;254;254m█[38;2;251;251;251m█[38;2;176;176;176m█[38;2;212;212;212m█[38;2;255;255;255m██[38;2;253;253;253m██████[38;2;255;255;255m█[38;2;96;96;91m█[38;2;0;0;112m█[38;2;5;5;134m█[38;2;11;11;32m██[38;2;13;13;13m██
[38;2;13;13;16m██[38;2;13;13;11m██[38;2;11;10;42m██[38;2;6;6;124m█[38;2;0;0;100m█[38;2;154;155;147m█[38;2;255;255;255m█[38;2;253;253;253m██[38;2;255;255;255m█[38;2;219;219;219m█[38;2;0;0;0m█[38;2;1;1;1m█[38;2;123;123;123m█[38;2;240;240;240m█[38;2;255;255;255m█[38;2;253;253;253m█[38;2;254;254;254m█[38;2;255;255;255m████[38;2;183;185;174m█[38;2;0;0;100m█[38;2;5;5;120m█[38;2;11;10;49m██[38;2;13;13;11m██
[38;2;13;13;16m██[38;2;13;13;11m██[38;2;9;11;51m██[38;2;5;5;117m█[38;2;0;0;98m█[38;2;190;192;181m█[38;2;255;255;253m█[38;2;253;253;253m██[38;2;254;254;254m█[38;2;253;253;253m█[38;2;153;153;153m█[38;2;26;26;26m█[38;2;0;0;0m█[38;2;28;28;28m█[38;2;166;166;166m█[38;2;255;255;255m█[38;2;244;244;244m█[38;2;148;148;148m█[38;2;130;130;130m█[38;2;132;132;132m█[38;2;136;137;126m█[38;2;108;109;98m█[38;2;0;0;96m█[38;2;4;5;109m█[38;2;10;11;61m█[38;2;9;10;60m█[38;2;13;13;9m██
[38;2;13;13;16m██[38;2;13;13;11m██[38;2;9;10;55m██[38;2;4;4;111m█[38;2;0;0;97m█[38;2;200;201;190m█[38;2;255;255;252m█[38;2;253;253;253m███[38;2;255;255;255m██[38;2;181;181;181m█[38;2;8;8;8m█[38;2;0;0;0m█[38;2;24;24;24m█[38;2;255;255;255m█[38;2;204;204;204m█[38;2;0;0;0m█████[38;2;0;0;93m█[38;2;4;5;107m█[38;2;10;11;62m█[38;2;9;10;61m█[38;2;13;13;9m██
[38;2;13;13;16m██[38;2;13;13;11m██[38;2;9;10;55m██[38;2;4;4;111m█[38;2;0;0;97m█[38;2;201;202;192m█[38;2;255;255;252m█[38;2;253;253;253m██[38;2;255;255;255m█[38;2;249;249;249m█[38;2;115;115;115m█[38;2;1;1;1m█[38;2;0;0;0m█[38;2;59;59;59m█[38;2;197;197;197m█[38;2;255;255;255m█[38;2;250;250;250m█[38;2;185;185;185m█[38;2;167;167;167m█[38;2;169;169;169m█[38;2;174;175;165m█[38;2;145;146;136m█[38;2;0;0;98m█[38;2;3;4;105m█[38;2;10;11;62m█[38;2;9;10;61m█[38;2;13;13;9m██
[38;2;13;13;16m██[38;2;13;13;11m██[38;2;9;10;55m██[38;2;3;3;110m█[38;2;0;0;100m█[38;2;205;207;196m█[38;2;255;255;251m█[38;2;253;253;253m██[38;2;255;255;255m█[38;2;219;219;219m█[38;2;0;0;0m█[38;2;26;26;26m█[38;2;162;162;162m█[38;2;255;255;255m██[38;2;253;253;253m█[38;2;254;254;254m█[38;2;255;255;255m████[38;2;224;225;215m█[38;2;0;0;102m█[38;2;3;4;108m█[38;2;10;11;61m█[38;2;9;10;60m█[38;2;13;13;9m██
[38;2;13;13;16m██[38;2;13;13;9m██[38;2;9;10;58m██[38;2;3;4;108m█[38;2;0;0;100m█[38;2;210;211;201m█[38;2;255;255;251m█[38;2;253;253;253m████[38;2;208;208;208m█[38;2;237;237;237m█[38;2;255;255;255m█[38;2;254;254;254m█[38;2;253;253;253m██████[38;2;255;255;251m█[38;2;209;210;200m█[38;2;0;0;98m█[38;2;3;4;108m█[38;2;10;11;59m█[38;2;9;10;58m█[38;2;13;13;9m██
[38;2;13;13;16m██[38;2;13;13;9m██[38;2;9;10;61m██[38;2;2;3;104m█[38;2;0;0;101m█[38;2;217;218;208m█[38;2;255;255;250m█[38;2;253;253;253m████[38;2;255;255;255m██[38;2;253;253;253m████████[38;2;255;255;252m█[38;2;202;203;193m█[38;2;0;0;97m█[38;2;4;4;111m█[38;2;9;10;55m██[38;2;13;13;11m██
[38;2;13;13;16m██[38;2;13;13;9m██[38;2;9;10;63m█[38;2;10;11;65m█[38;2;1;2;100m█[38;2;4;5;103m█[38;2;225;226;216m█[38;2;255;255;249m█[38;2;253;253;253m██████████████[38;2;255;255;253m█[38;2;190;192;181m█[38;2;0;0;100m█[38;2;5;5;117m█[38;2;9;11;51m██[38;2;13;13;11m██
[38;2;13;13;16m██[38;2;13;13;9m██[38;2;9;9;70m█[38;2;10;10;72m█[38;2;0;1;93m█[38;2;12;15;107m█[38;2;236;237;226m█[38;2;255;255;247m█[38;2;253;253;253m██████████████[38;2;255;255;254m█[38;2;176;178;167m█[38;2;0;0;97m█[38;2;5;5;118m█[38;2;11;10;47m██[38;2;13;13;11m██
[38;2;13;13;16m██[38;2;13;13;9m██[38;2;8;9;76m█[38;2;9;10;77m█[38;2;0;0;84m█[38;2;27;26;113m█[38;2;246;247;237m█[38;2;255;255;246m█[38;2;253;253;253m██████████████[38;2;255;255;255m█[38;2;157;158;150m█[38;2;0;0;100m█[38;2;5;6;124m█[38;2;11;11;40m██[38;2;13;13;11m██
[38;2;13;13;16m██[38;2;13;15;6m██[38;2;8;8;83m█[38;2;9;9;84m█[38;2;0;0;74m█[38;2;46;46;125m█[38;2;254;255;245m██[38;2;253;253;253m██████████████[38;2;255;255;255m█[38;2;133;133;129m█[38;2;0;0;104m█[38;2;5;5;129m█[38;2;11;11;37m██[38;2;13;13;13m██
[38;2;13;13;16m██[38;2;13;15;6m██[38;2;8;6;91m█[38;2;9;8;93m█[38;2;0;0;65m█[38;2;67;67;140m█[38;2;255;255;252m█[38;2;253;254;244m█[38;2;253;253;253m██████████████[38;2;255;255;255m█[38;2;108;108;105m█[38;2;0;0;108m█[38;2;5;5;130m█[38;2;11;12;30m██[38;2;13;13;13m██
[38;2;13;13;16m██[38;2;13;15;6m██[38;2;8;6;97m█[38;2;9;8;98m█[38;2;0;0;53m█[38;2;93;93;157m█[38;2;255;255;255m█[38;2;253;254;246m█[38;2;253;253;253m██████████████[38;2;255;255;255m█[38;2;83;83;83m█[38;2;0;0;112m█[38;2;5;5;132m█[38;2;13;12;26m██[38;2;13;13;13m██
[38;2;13;13;16m██[38;2;13;15;6m██[38;2;5;6;107m█[38;2;6;8;108m█[38;2;0;0;41m█[38;2;119;120;174m█[38;2;255;255;255m█[38;2;253;254;246m█[38;2;253;253;253m█████████████[38;2;254;254;254m█[38;2;255;255;255m█[38;2;62;62;66m█[38;2;0;0;116m█[38;2;5;5;132m█[38;2;13;12;22m██[38;2;13;13;16m██
██[38;2;13;15;6m██[38;2;5;6;110m█[38;2;6;8;111m█[38;2;0;0;38m█[38;2;119;120;172m█[38;2;255;255;255m█[38;2;255;255;249m█[38;2;255;255;255m██[38;2;253;253;253m███[38;2;255;255;255m███[38;2;253;253;253m███[38;2;255;255;255m███[38;2;244;243;254m█[38;2;27;26;38m█[38;2;0;0;127m█[38;2;5;4;137m█[38;2;13;13;16m████
██[38;2;13;15;4m██[38;2;5;6;108m█[38;2;6;8;109m█[38;2;0;0;66m█[38;2;35;35;107m█[38;2;249;250;239m█[38;2;246;247;237m█[38;2;201;201;201m█[38;2;245;245;245m█[38;2;255;255;255m███[38;2;237;237;237m█[38;2;203;203;203m█[38;2;250;250;250m█[38;2;255;255;255m███[38;2;232;232;232m█[38;2;204;204;200m█[38;2;255;255;254m█[38;2;133;132;167m█[38;2;0;0;24m█[38;2;4;3;136m██[38;2;13;13;9m██[38;2;13;13;16m██
██[38;2;13;15;6m██[38;2;8;8;79m██[38;2;4;4;133m█[38;2;0;0;113m█[38;2;61;60;45m█[38;2;48;47;32m█[38;2;0;0;0m█[38;2;48;48;48m█[38;2;173;174;166m█[38;2;207;208;200m█[38;2;153;153;148m█[38;2;32;32;27m█[38;2;0;0;0m█[38;2;60;60;58m█[38;2;180;181;173m█[38;2;205;207;198m█[38;2;141;141;137m█[38;2;23;23;18m█[38;2;0;0;0m█[38;2;49;48;35m█[38;2;0;0;97m█[38;2;1;2;102m█[38;2;6;8;108m█[38;2;5;6;107m█[38;2;13;15;4m██[38;2;13;13;16m██
██[38;2;13;13;13m██[38;2;13;12;27m██[38;2;2;1;186m█[38;2;1;0;185m█[38;2;0;0;116m█[38;2;0;0;119m█[38;2;1;2;151m█[38;2;0;0;137m█[38;2;0;0;6m█[38;2;0;0;13m█[38;2;0;0;84m█[38;2;0;0;95m█[38;2;1;2;151m█[38;2;0;0;134m█[38;2;0;0;5m█[38;2;0;0;11m█[38;2;0;0;90m█[38;2;0;0;103m█[38;2;0;0;159m█[38;2;0;0;145m█[38;2;0;0;180m█[38;2;3;2;187m█[38;2;11;11;40m██[38;2;13;13;11m██[38;2;13;13;16m██
████[38;2;13;15;6m██[38;2;8;6;100m█[38;2;9;8;101m█[38;2;0;0;222m██[38;2;0;1;198m█[38;2;1;2;200m█[38;2;0;0;229m█[38;2;0;0;228m█[38;2;0;0;212m██[38;2;0;1;200m█[38;2;1;2;201m█[38;2;0;0;229m█[38;2;0;0;228m█[38;2;0;0;210m██[38;2;0;0;207m█[38;2;1;1;208m█[38;2;6;6;118m█[38;2;5;5;117m█[38;2;13;15;6m██[38;2;13;13;16m████
████████[38;2;11;11;34m██[38;2;11;12;27m██[38;2;9;8;101m██[38;2;10;12;52m█[38;2;9;11;51m█[38;2;13;12;27m██[38;2;9;8;101m██[38;2;11;10;47m██[38;2;13;12;24m██[38;2;13;13;16m████████
████████[38;2;13;13;11m██[38;2;13;13;13m██[38;2;13;15;4m██[38;2;13;13;11m██[38;2;13;13;13m██[38;2;13;15;4m██[38;2;13;13;11m██[38;2;13;13;13m██[38;2;13;13;16m████████
████████████████████████████████