[38;2;13;13;16m██████████[38;2;13;15;6m██[38;2;11;11;32m██[38;2;8;6;94m██[38;2;9;8;96m█[38;2;8;6;95m█[38;2;11;11;34m██[38;2;13;15;6m██[38;2;13;13;16m██████████
████████[38;2;13;15;6m██[38;2;9;9;73m█[38;2;10;10;74m█[38;2;0;0;212m██[38;2;0;0;218m█[38;2;0;0;216m██[38;2;0;0;217m█[38;2;0;0;215m██[38;2;9;10;77m█[38;2;8;9;76m█[38;2;13;15;6m██[38;2;13;13;16m████████
██████[38;2;13;13;9m██[38;2;11;10;53m██[38;2;1;1;214m█[38;2;0;0;211m█[38;2;0;0;97m█[38;2;0;0;87m█[38;2;0;0;8m█[38;2;4;3;17m█[38;2;4;3;15m█[38;2;0;0;6m█[38;2;0;0;83m█[38;2;0;0;93m█[38;2;0;0;212m█[38;2;1;1;216m█[38;2;10;11;59m█[38;2;9;10;58m█[38;2;13;13;9m██[38;2;13;13;16m██████
██████[38;2;13;13;13m██[38;2;3;2;175m█[38;2;4;3;176m█[38;2;0;0;89m█[38;2;0;0;77m█[38;2;46;45;30m█[38;2;132;131;116m█[38;2;189;189;185m█[38;2;214;214;209m██[38;2;193;193;188m█[38;2;138;137;122m█[38;2;52;51;35m█[38;2;0;0;73m█[38;2;0;0;81m█[38;2;3;3;180m█[38;2;2;2;179m█[38;2;13;13;16m██[38;2;13;13;13m██[38;2;13;13;16m████
████[38;2;13;15;6m██[38;2;9;9;76m█[38;2;10;10;77m█[38;2;3;3;160m█[38;2;0;0;141m█[38;2;16;17;6m█[38;2;158;159;148m█[38;2;253;253;253m█[38;2;255;255;255m███████[38;2;169;171;159m█[38;2;25;26;15m█[38;2;0;0;134m█[38;2;3;4;155m█[38;2;9;9;84m█[38;2;8;8;83m█[38;2;13;15;6m██[38;2;13;13;16m████
████[38;2;13;15;6m██[38;2;4;3;144m█[38;2;6;5;146m█[38;2;0;0;51m█[38;2;27;27;87m█[38;2;216;217;207m█[38;2;255;255;255m██[38;2;253;253;253m██████[38;2;254;254;254m█[38;2;255;255;255m█[38;2;228;229;221m█[38;2;41;42;93m█[38;2;0;0;40m█[38;2;5;3;152m█[38;2;4;2;151m█[38;2;13;13;9m██[38;2;13;13;16m████
██[38;2;13;13;13m██[38;2;11;12;30m██[38;2;3;4;155m█[38;2;0;0;145m█[38;2;13;13;16m█[38;2;214;214;216m█[38;2;255;255;255m█[38;2;253;253;251m█[38;2;253;253;253m█████████[38;2;255;255;255m█[38;2;229;229;229m█[38;2;26;26;26m█[38;2;0;0;139m█[38;2;4;5;154m█[38;2;11;11;34m██[38;2;13;13;13m██[38;2;13;13;16m██
██[38;2;13;13;9m██[38;2;9;10;63m██[38;2;5;4;125m█[38;2;0;0;102m█[38;2;150;151;139m█[38;2;255;255;255m█[38;2;253;253;253m████████████[38;2;255;255;255m█[38;2;173;174;162m█[38;2;0;0;97m█[38;2;4;4;117m█[38;2;10;10;74m█[38;2;9;9;73m█[38;2;13;13;9m██[38;2;13;13;16m██
██[38;2;13;15;6m██[38;2;8;6;95m█[38;2;9;8;96m█[38;2;0;0;77m█[38;2;30;28;111m█[38;2;247;249;238m█[38;2;255;255;246m█[38;2;253;253;253m████████████[38;2;254;255;245m█[38;2;255;255;247m█[38;2;48;48;122m█[38;2;0;0;66m█[38;2;6;8;103m█[38;2;5;6;102m█[38;2;13;15;6m██[38;2;13;13;16m██
██[38;2;13;15;6m██[38;2;5;5;112m█[38;2;6;6;113m█[38;2;0;0;41m█[38;2;110;111;165m█[38;2;255;255;255m█[38;2;253;254;246m█[38;2;253;253;253m████████████[38;2;253;253;249m█[38;2;255;255;255m█[38;2;137;138;183m█[38;2;0;0;32m█[38;2;6;6;122m█[38;2;5;5;120m█[38;2;13;15;6m██[38;2;13;13;16m██
██[38;2;13;15;6m██[38;2;5;5;120m██[38;2;0;0;25m█[38;2;171;169;207m█[38;2;255;255;255m█[38;2;253;253;249m█[38;2;253;253;253m████████████[38;2;253;253;249m█[38;2;255;255;255m█[38;2;194;194;223m█[38;2;0;0;24m█[38;2;3;3;124m█[38;2;4;4;125m█[38;2;13;13;9m██[38;2;13;13;16m██
██[38;2;13;13;9m██[38;2;5;5;123m█[38;2;4;4;122m█[38;2;0;0;24m█[38;2;194;194;223m█[38;2;255;255;255m█[38;2;253;253;249m█[38;2;253;253;253m████████████[38;2;253;253;251m█[38;2;255;255;255m█[38;2;215;215;238m█[38;2;4;4;27m█[38;2;2;1;124m█[38;2;6;5;129m█[38;2;13;13;11m██[38;2;13;13;16m██
██[38;2;13;13;9m██[38;2;5;5;123m█[38;2;4;4;122m█[38;2;0;0;25m█[38;2;197;197;226m█[38;2;255;255;255m█[38;2;253;253;249m█[38;2;253;253;253m████████████[38;2;253;253;251m█[38;2;255;255;255m█[38;2;217;217;240m█[38;2;5;5;28m█[38;2;2;1;124m█[38;2;6;5;129m█[38;2;13;13;11m██[38;2;13;13;16m██
██[38;2;13;13;9m██[38;2;5;5;123m█[38;2;4;4;122m█[38;2;0;0;25m█[38;2;196;196;225m█[38;2;255;255;255m█[38;2;253;253;249m█[38;2;253;253;253m████████████[38;2;253;253;251m█[38;2;255;255;255m█[38;2;217;217;240m█[38;2;5;5;28m█[38;2;2;1;124m█[38;2;6;5;129m█[38;2;13;13;11m██[38;2;13;13;16m██
██[38;2;13;13;9m██[38;2;5;5;123m█[38;2;4;4;122m█[38;2;0;0;25m█[38;2;196;196;225m█[38;2;255;255;255m█[38;2;253;253;249m█[38;2;253;253;253m████████████[38;2;253;253;251m█[38;2;255;255;255m█[38;2;217;217;240m█[38;2;5;5;28m█[38;2;2;1;124m█[38;2;6;5;129m█[38;2;13;13;11m██[38;2;13;13;16m██
██[38;2;13;13;9m██[38;2;5;5;123m█[38;2;4;4;122m█[38;2;0;0;25m█[38;2;197;197;226m█[38;2;255;255;255m█[38;2;253;253;249m█[38;2;253;253;253m████████████[38;2;253;253;251m█[38;2;255;255;255m█[38;2;216;216;239m█[38;2;5;5;28m█[38;2;2;1;124m█[38;2;6;5;129m█[38;2;13;13;11m██[38;2;13;13;16m██
██[38;2;13;13;9m██[38;2;5;5;123m█[38;2;4;4;122m█[38;2;0;0;25m█[38;2;197;197;226m█[38;2;255;255;255m█[38;2;253;253;249m█[38;2;253;253;253m████████████[38;2;253;253;251m█[38;2;255;255;255m█[38;2;216;216;239m█[38;2;5;5;28m█[38;2;2;1;124m█[38;2;6;5;129m█[38;2;13;13;11m██[38;2;13;13;16m██
██[38;2;13;13;9m██[38;2;5;5;123m█[38;2;4;4;122m█[38;2;0;0;25m█[38;2;197;197;226m█[38;2;255;255;255m█[38;2;253;253;249m█[38;2;253;253;253m████████████[38;2;253;253;251m█[38;2;255;255;255m█[38;2;216;216;239m█[38;2;4;4;27m█[38;2;2;1;124m█[38;2;6;5;129m█[38;2;13;13;11m██[38;2;13;13;16m██
██[38;2;13;13;9m██[38;2;5;5;123m█[38;2;4;4;122m█[38;2;0;0;25m█[38;2;198;198;228m█[38;2;255;255;255m█[38;2;253;253;249m█[38;2;253;253;253m████████████[38;2;253;253;251m█[38;2;255;255;255m█[38;2;216;216;239m█[38;2;4;4;27m█[38;2;2;1;124m█[38;2;6;5;129m█[38;2;13;13;11m██[38;2;13;13;16m██
██[38;2;13;13;9m██[38;2;5;5;123m█[38;2;4;4;122m█[38;2;0;0;26m█[38;2;200;200;229m█[38;2;255;255;255m█[38;2;253;253;249m█[38;2;253;253;253m████████████[38;2;253;253;251m█[38;2;255;255;255m█[38;2;215;215;238m█[38;2;4;4;27m█[38;2;1;1;124m█[38;2;5;5;129m█[38;2;13;13;11m██[38;2;13;13;16m██
██[38;2;13;13;9m██[38;2;6;6;124m█[38;2;4;4;122m█[38;2;0;0;24m█[38;2;201;201;228m█[38;2;255;255;255m█[38;2;253;253;249m█[38;2;253;253;253m████████████[38;2;253;253;251m█[38;2;255;255;255m█[38;2;214;214;237m█[38;2;3;3;26m█[38;2;1;1;124m█[38;2;5;5;129m█[38;2;13;13;11m██[38;2;13;13;16m██
██[38;2;13;13;9m██[38;2;6;5;126m█[38;2;4;3;124m█[38;2;0;0;24m█[38;2;202;202;229m█[38;2;255;255;255m█[38;2;253;253;249m█[38;2;253;253;253m████████████[38;2;253;253;251m█[38;2;255;255;255m█[38;2;214;214;237m█[38;2;3;3;26m█[38;2;1;1;124m█[38;2;5;5;129m█[38;2;13;13;11m██[38;2;13;13;16m██
██[38;2;13;13;9m██[38;2;4;4;125m█[38;2;3;3;124m█[38;2;0;0;24m█[38;2;198;198;228m█[38;2;255;255;255m█[38;2;253;253;249m█[38;2;253;253;253m██[38;2;254;254;254m██[38;2;253;253;253m████[38;2;254;254;254m██[38;2;253;253;253m██[38;2;253;253;251m█[38;2;255;255;255m█[38;2;209;209;235m█[38;2;0;0;25m█[38;2;2;2;125m█[38;2;5;5;129m█[38;2;13;13;9m██[38;2;13;13;16m██
██[38;2;13;15;6m██[38;2;4;4;125m█[38;2;5;5;126m█[38;2;0;0;31m█[38;2;119;122;164m█[38;2;255;255;255m█[38;2;255;255;252m█[38;2;254;254;254m█[38;2;255;255;255m██[38;2;253;253;253m█[38;2;255;255;255m█████[38;2;253;253;253m█[38;2;255;255;255m██[38;2;255;255;251m█[38;2;255;255;255m█[38;2;132;134;173m█[38;2;0;0;27m█[38;2;5;5;129m█[38;2;4;4;127m█[38;2;13;15;6m██[38;2;13;13;16m██
██[38;2;13;15;4m██[38;2;5;6;107m█[38;2;6;8;108m█[38;2;2;1;94m█[38;2;0;0;88m█[38;2;141;143;129m█[38;2;243;244;230m█[38;2;253;253;251m█[38;2;203;203;201m█[38;2;73;74;63m█[38;2;42;44;33m█[38;2;157;157;154m█[38;2;246;246;244m█[38;2;252;252;250m█[38;2;193;193;190m█[38;2;62;63;53m█[38;2;46;47;37m█[38;2;171;171;168m█[38;2;249;249;246m█[38;2;249;250;238m█[38;2;162;164;152m█[38;2;1;0;88m██[38;2;6;8;111m█[38;2;5;6;110m█[38;2;13;15;4m██[38;2;13;13;16m██
██[38;2;13;13;11m██[38;2;9;11;53m██[38;2;3;2;187m█[38;2;0;0;178m█[38;2;0;0;4m█[38;2;26;25;39m█[38;2;40;40;38m█[38;2;3;3;1m█[38;2;0;0;88m█[38;2;0;0;94m█[38;2;0;0;5m█[38;2;27;28;42m█[38;2;38;38;40m█[38;2;0;0;2m█[38;2;0;0;91m█[38;2;0;0;95m█[38;2;0;0;3m█[38;2;33;32;41m█[38;2;32;32;35m█[38;2;0;0;0m█[38;2;0;0;168m█[38;2;3;3;180m█[38;2;9;10;55m██[38;2;13;13;9m██[38;2;13;13;16m██
████[38;2;13;13;9m██[38;2;2;3;151m█[38;2;4;5;153m█[38;2;0;0;205m█[38;2;0;0;197m█[38;2;0;0;174m█[38;2;0;0;181m█[38;2;0;0;233m██[38;2;0;0;194m█[38;2;0;0;186m█[38;2;0;0;178m█[38;2;0;0;186m█[38;2;0;0;233m██[38;2;0;0;192m█[38;2;0;0;183m█[38;2;0;0;192m█[38;2;0;0;200m█[38;2;4;5;157m█[38;2;2;3;154m█[38;2;13;13;9m██[38;2;13;13;16m████
████[38;2;13;13;13m██[38;2;13;12;22m██[38;2;5;4;145m██[38;2;3;3;165m██[38;2;9;10;58m██[38;2;5;4;143m██[38;2;3;4;158m██[38;2;9;10;55m██[38;2;5;3;152m████[38;2;13;12;27m██[38;2;13;13;11m██[38;2;13;13;16m████
██████[38;2;13;13;13m██[38;2;13;15;6m████[38;2;13;13;9m██[38;2;13;15;6m████[38;2;13;13;9m██[38;2;13;15;6m████[38;2;13;13;13m██[38;2;13;13;16m██████
████████████████████████████████
████████████████████████████████
████████████████████████████████