[38;2;13;13;16m██████████[38;2;13;13;13m██[38;2;13;15;6m██[38;2;13;13;17m████[38;2;13;15;6m██[38;2;13;13;13m██[38;2;13;13;16m██████████
████████[38;2;13;13;11m██[38;2;13;13;17m██[38;2;6;5;126m██[38;2;0;1;202m████[38;2;5;5;126m██[38;2;13;13;17m██[38;2;13;13;11m██[38;2;13;13;16m████████
██████[38;2;13;13;13m██[38;2;13;13;16m██[38;2;3;3;165m██[38;2;0;0;180m█[38;2;0;0;168m█[38;2;0;0;68m█[38;2;0;0;66m██[38;2;0;0;68m█[38;2;0;0;168m█[38;2;0;0;180m█[38;2;4;4;166m█[38;2;3;3;165m█[38;2;13;13;16m██[38;2;13;13;13m██[38;2;13;13;16m██████
██████[38;2;13;15;4m██[38;2;5;5;120m█[38;2;6;6;122m█[38;2;0;1;152m█[38;2;0;0;134m█[38;2;0;0;0m█[38;2;51;51;46m█[38;2;105;107;95m█[38;2;134;136;124m██[38;2;105;107;95m█[38;2;51;51;46m█[38;2;0;0;0m█[38;2;0;0;134m█[38;2;0;1;152m█[38;2;8;8;125m█[38;2;5;5;123m█[38;2;13;15;4m██[38;2;13;13;16m██████
████[38;2;13;13;11m██[38;2;11;10;42m██[38;2;3;3;176m█[38;2;0;0;166m█[38;2;0;0;0m█[38;2;80;80;86m█[38;2;203;203;198m█[38;2;255;255;251m█[38;2;255;255;255m████[38;2;255;255;251m█[38;2;202;202;197m█[38;2;80;80;86m█[38;2;0;0;0m█[38;2;0;0;166m█[38;2;3;3;176m█[38;2;11;10;42m██[38;2;13;13;11m██[38;2;13;13;16m████
████[38;2;13;15;4m██[38;2;5;5;118m█[38;2;8;8;120m█[38;2;0;0;84m█[38;2;0;0;80m█[38;2;153;154;143m█[38;2;255;255;253m█[38;2;255;255;255m█[38;2;254;254;254m█[38;2;253;253;253m████[38;2;254;254;254m█[38;2;255;255;255m█[38;2;255;255;253m█[38;2;153;154;143m█[38;2;0;0;81m█[38;2;0;0;84m█[38;2;8;8;120m█[38;2;5;5;118m█[38;2;13;15;4m██[38;2;13;13;16m████
████[38;2;13;13;17m██[38;2;3;4;152m█[38;2;0;0;147m█[38;2;0;0;8m█[38;2;161;162;176m█[38;2;255;255;255m█[38;2;254;254;252m█[38;2;253;253;253m████████[38;2;254;254;252m█[38;2;255;255;255m█[38;2;164;162;176m█[38;2;0;0;8m█[38;2;0;0;147m█[38;2;3;4;152m█[38;2;13;13;17m██[38;2;13;13;16m████
██[38;2;13;13;11m██[38;2;11;10;51m██[38;2;5;5;132m█[38;2;0;0;108m█[38;2;109;110;100m█[38;2;255;255;255m█[38;2;254;254;254m█[38;2;253;253;253m██████████[38;2;254;254;254m█[38;2;255;255;255m█[38;2;109;110;100m█[38;2;0;0;108m█[38;2;5;5;132m█[38;2;11;10;51m██[38;2;13;13;11m██[38;2;13;13;16m██
██[38;2;13;15;6m██[38;2;8;8;84m█[38;2;9;9;86m█[38;2;0;0;87m█[38;2;12;11;100m█[38;2;232;233;223m█[38;2;255;255;250m█[38;2;253;253;253m█[38;2;255;255;255m███[38;2;253;253;253m████[38;2;255;255;255m███[38;2;254;254;254m█[38;2;255;255;250m█[38;2;232;233;223m█[38;2;12;11;100m█[38;2;0;0;87m█[38;2;9;9;86m█[38;2;8;8;84m█[38;2;13;15;6m██[38;2;13;13;16m██
██[38;2;13;15;6m██[38;2;5;6;108m█[38;2;6;8;109m█[38;2;0;0;45m█[38;2;96;96;153m█[38;2;255;255;255m█[38;2;255;255;249m█[38;2;255;255;255m█[38;2;226;226;226m█[38;2;207;207;207m█[38;2;240;240;240m█[38;2;255;255;255m█[38;2;253;253;253m██[38;2;255;255;255m█[38;2;247;247;247m█[38;2;209;209;209m█[38;2;219;219;219m█[38;2;255;255;255m█[38;2;255;255;250m█[38;2;255;255;255m█[38;2;96;96;153m█[38;2;0;0;45m█[38;2;6;8;109m█[38;2;5;6;108m█[38;2;13;15;6m██[38;2;13;13;16m██
██[38;2;13;15;6m██[38;2;5;5;118m█[38;2;6;6;119m█[38;2;0;0;27m█[38;2;167;166;205m█[38;2;255;255;255m█[38;2;251;251;246m█[38;2;105;105;105m█[38;2;53;53;53m█[38;2;72;72;72m█[38;2;49;49;49m█[38;2;164;164;164m█[38;2;255;255;255m██[38;2;189;189;189m█[38;2;53;53;53m█[38;2;69;69;69m█[38;2;58;58;58m█[38;2;83;83;83m█[38;2;239;239;235m█[38;2;255;255;255m█[38;2;167;166;205m█[38;2;0;0;27m█[38;2;5;5;118m██[38;2;13;15;6m██[38;2;13;13;16m██
██[38;2;13;13;9m██[38;2;5;4;125m█[38;2;4;3;124m█[38;2;0;0;24m█[38;2;201;201;228m█[38;2;255;255;255m█[38;2;131;131;126m█[38;2;52;52;52m█[38;2;118;118;118m█[38;2;127;127;127m█[38;2;93;93;93m█[38;2;26;26;26m█[38;2;222;222;222m█[38;2;238;238;238m█[38;2;35;35;35m█[38;2;109;109;109m█[38;2;117;117;117m█[38;2;123;123;123m█[38;2;41;41;41m█[38;2;109;109;104m█[38;2;255;255;255m█[38;2;201;201;228m█[38;2;0;0;24m█[38;2;3;4;122m█[38;2;4;5;123m█[38;2;13;13;9m██[38;2;13;13;16m██
██[38;2;13;13;9m██[38;2;4;4;125m█[38;2;2;2;123m█[38;2;1;1;26m█[38;2;209;209;235m█[38;2;255;255;255m█[38;2;63;63;61m█[38;2;103;103;103m█[38;2;19;19;19m█[38;2;54;54;54m█[38;2;53;53;53m█[38;2;67;67;67m█[38;2;173;173;173m█[38;2;181;181;181m█[38;2;61;61;61m█[38;2;58;58;58m█[38;2;55;55;55m█[38;2;11;11;11m█[38;2;109;109;109m█[38;2;59;59;56m█[38;2;255;255;255m█[38;2;209;209;235m█[38;2;0;0;25m█[38;2;2;2;123m█[38;2;5;5;126m█[38;2;13;13;9m██[38;2;13;13;16m██
██[38;2;13;13;9m██[38;2;4;4;125m█[38;2;2;2;123m█[38;2;0;0;25m█[38;2;208;208;233m█[38;2;255;255;255m█[38;2;66;66;63m█[38;2;102;102;102m█[38;2;24;24;24m█[38;2;55;55;55m█[38;2;11;11;11m█[38;2;34;34;34m█[38;2;212;212;212m█[38;2;183;183;183m█[38;2;58;58;58m█[38;2;66;66;66m█[38;2;52;52;52m█[38;2;12;12;12m█[38;2;31;31;31m█[38;2;96;96;94m█[38;2;255;255;255m█[38;2;208;208;233m█[38;2;0;0;25m█[38;2;2;2;123m█[38;2;4;4;125m█[38;2;13;13;9m██[38;2;13;13;16m██
██[38;2;13;13;9m██[38;2;4;4;125m█[38;2;2;2;123m█[38;2;0;0;25m█[38;2;208;208;233m█[38;2;255;255;255m█[38;2;150;150;147m█[38;2;37;37;37m█[38;2;103;103;103m█[38;2;136;136;136m█[38;2;129;129;129m█[38;2;173;173;173m█[38;2;255;255;255m█[38;2;242;242;242m█[38;2;45;45;45m█[38;2;87;87;87m█[38;2;109;109;109m█[38;2;148;148;148m█[38;2;127;127;127m█[38;2;232;232;230m█[38;2;255;255;255m█[38;2;208;208;233m█[38;2;0;0;25m█[38;2;2;2;123m█[38;2;4;4;125m█[38;2;13;13;9m██[38;2;13;13;16m██
██[38;2;13;13;9m██[38;2;4;4;125m█[38;2;2;2;123m█[38;2;0;0;25m█[38;2;208;208;233m█[38;2;255;255;255m██[38;2;138;138;138m█[38;2;56;56;56m█[38;2;54;54;54m█[38;2;169;169;169m█[38;2;255;255;255m█[38;2;253;253;253m█[38;2;255;255;255m█[38;2;212;212;212m█[38;2;75;75;75m█[38;2;55;55;55m█[38;2;87;87;87m█[38;2;253;253;253m█[38;2;255;255;255m██[38;2;208;208;233m█[38;2;0;0;25m█[38;2;2;2;123m█[38;2;4;4;125m█[38;2;13;13;9m██[38;2;13;13;16m██
██[38;2;13;13;9m██[38;2;4;4;125m█[38;2;2;2;123m█[38;2;0;0;25m█[38;2;208;208;233m█[38;2;255;255;255m█[38;2;254;254;252m█[38;2;255;255;255m█[38;2;247;247;247m█[38;2;231;231;231m█[38;2;247;247;247m█[38;2;254;254;254m█[38;2;253;253;253m██[38;2;255;255;255m██[38;2;236;236;236m█[38;2;237;237;237m█[38;2;253;253;253m█[38;2;253;253;251m█[38;2;255;255;255m█[38;2;208;208;233m█[38;2;0;0;25m█[38;2;2;2;123m█[38;2;4;4;125m█[38;2;13;13;9m██[38;2;13;13;16m██
██[38;2;13;13;9m██[38;2;4;4;125m█[38;2;2;2;123m█[38;2;0;0;25m█[38;2;208;208;233m█[38;2;255;255;255m█[38;2;253;253;251m█[38;2;253;253;253m█[38;2;255;255;255m██[38;2;254;254;254m█[38;2;253;253;253m████[38;2;254;254;254m█[38;2;255;255;255m██[38;2;253;253;253m█[38;2;253;253;251m█[38;2;255;255;255m█[38;2;208;208;233m█[38;2;0;0;25m█[38;2;2;2;123m█[38;2;4;4;125m█[38;2;13;13;9m██[38;2;13;13;16m██
██[38;2;13;13;9m██[38;2;4;4;125m█[38;2;2;2;123m█[38;2;0;0;25m█[38;2;208;208;233m█[38;2;255;255;255m█[38;2;253;253;251m█[38;2;253;253;253m████████████[38;2;253;253;251m█[38;2;255;255;255m█[38;2;208;208;233m█[38;2;0;0;25m█[38;2;2;2;123m█[38;2;4;4;125m█[38;2;13;13;9m██[38;2;13;13;16m██
██[38;2;13;13;9m██[38;2;4;4;125m█[38;2;2;2;123m█[38;2;0;0;25m█[38;2;208;208;233m█[38;2;255;255;255m█[38;2;253;253;251m█[38;2;253;253;253m████████████[38;2;253;253;251m█[38;2;255;255;255m█[38;2;208;208;233m█[38;2;0;0;25m█[38;2;2;2;123m█[38;2;4;4;125m█[38;2;13;13;9m██[38;2;13;13;16m██
██[38;2;13;13;9m██[38;2;4;4;125m█[38;2;2;2;123m█[38;2;0;0;25m█[38;2;208;208;233m█[38;2;255;255;255m█[38;2;253;253;251m█[38;2;253;253;253m████████████[38;2;253;253;251m█[38;2;255;255;255m█[38;2;208;208;233m█[38;2;0;0;25m█[38;2;2;2;123m█[38;2;4;4;125m█[38;2;13;13;9m██[38;2;13;13;16m██
██[38;2;13;13;9m██[38;2;4;4;125m█[38;2;2;2;123m█[38;2;0;0;25m█[38;2;208;208;233m█[38;2;255;255;255m█[38;2;253;253;251m█[38;2;253;253;253m████████████[38;2;253;253;251m█[38;2;255;255;255m█[38;2;208;208;233m█[38;2;0;0;25m█[38;2;2;2;123m█[38;2;4;4;125m█[38;2;13;13;9m██[38;2;13;13;16m██
██[38;2;13;13;9m██[38;2;4;4;125m█[38;2;2;2;123m█[38;2;0;0;25m█[38;2;208;208;233m█[38;2;255;255;255m█[38;2;253;253;251m█[38;2;253;253;253m████████████[38;2;253;253;251m█[38;2;255;255;255m█[38;2;208;208;233m█[38;2;0;0;25m█[38;2;2;2;123m█[38;2;5;5;126m█[38;2;13;13;9m██[38;2;13;13;16m██
██[38;2;13;13;9m██[38;2;4;4;125m█[38;2;2;2;123m█[38;2;1;1;26m█[38;2;209;209;235m█[38;2;255;255;255m█[38;2;253;253;251m█[38;2;253;253;253m████████████[38;2;253;253;251m█[38;2;255;255;255m█[38;2;209;209;235m█[38;2;1;1;26m█[38;2;2;2;123m█[38;2;5;5;126m█[38;2;13;13;9m██[38;2;13;13;16m██
██[38;2;13;13;9m██[38;2;4;4;127m██[38;2;0;0;22m█[38;2;187;187;216m█[38;2;255;255;255m█[38;2;253;253;249m█[38;2;253;253;253m██[38;2;255;255;255m██[38;2;254;254;254m█[38;2;253;253;253m██[38;2;254;254;254m█[38;2;255;255;255m██[38;2;253;253;253m██[38;2;253;253;249m█[38;2;255;255;255m█[38;2;189;189;218m█[38;2;0;0;22m█[38;2;3;3;126m█[38;2;4;4;127m█[38;2;13;13;9m██[38;2;13;13;16m██
██[38;2;13;15;6m██[38;2;5;5;123m█[38;2;6;6;124m█[38;2;0;0;47m█[38;2;68;68;125m█[38;2;255;255;251m█[38;2;255;255;255m███[38;2;205;205;203m█[38;2;200;200;197m█[38;2;255;255;255m████[38;2;198;198;196m█[38;2;203;203;201m█[38;2;255;255;255m███[38;2;255;255;252m█[38;2;72;73;126m█[38;2;0;0;45m█[38;2;5;6;124m█[38;2;4;5;123m█[38;2;13;15;6m██[38;2;13;13;16m██
██[38;2;13;15;6m██[38;2;8;6;91m█[38;2;9;8;93m█[38;2;4;4;129m█[38;2;0;0;108m█[38;2;68;67;52m█[38;2;175;174;159m█[38;2;185;186;178m█[38;2;97;98;90m█[38;2;0;0;3m█[38;2;0;0;0m█[38;2;86;87;79m█[38;2;180;181;173m██[38;2;86;87;79m█[38;2;0;0;0m█[38;2;0;0;2m█[38;2;97;98;90m█[38;2;185;186;178m█[38;2;176;176;158m█[38;2;72;72;53m█[38;2;0;0;107m█[38;2;3;3;126m█[38;2;9;8;95m█[38;2;8;6;94m█[38;2;13;15;6m██[38;2;13;13;16m██
██[38;2;13;13;13m██[38;2;11;12;30m██[38;2;0;1;196m█[38;2;0;0;195m█[38;2;0;0;59m█[38;2;0;0;54m█[38;2;0;0;42m██[38;2;0;0;185m█[38;2;0;0;186m█[38;2;0;0;51m█[38;2;0;0;49m██[38;2;0;0;51m█[38;2;0;0;186m█[38;2;0;0;185m█[38;2;0;0;42m██[38;2;0;0;54m█[38;2;0;0;59m█[38;2;0;0;194m█[38;2;0;1;196m█[38;2;11;11;32m██[38;2;13;13;13m██[38;2;13;13;16m██
████[38;2;13;15;6m██[38;2;5;8;100m█[38;2;6;9;101m█[38;2;0;0;237m█[38;2;0;0;235m█[38;2;0;0;231m█[38;2;0;0;232m█[38;2;2;1;187m██[38;2;0;0;231m█[38;2;0;0;229m██[38;2;0;0;230m█[38;2;2;1;186m██[38;2;0;0;230m█[38;2;0;0;229m█[38;2;0;0;235m█[38;2;0;0;237m█[38;2;6;8;103m█[38;2;5;6;102m█[38;2;13;15;6m██[38;2;13;13;16m████
██████[38;2;13;13;11m██[38;2;9;9;70m█[38;2;10;10;72m█[38;2;9;9;80m█[38;2;8;8;79m█[38;2;13;13;16m██[38;2;9;9;74m█[38;2;10;10;75m██[38;2;9;9;74m█[38;2;13;13;16m██[38;2;8;8;79m█[38;2;9;9;80m█[38;2;10;10;74m█[38;2;9;9;73m█[38;2;13;13;11m██[38;2;13;13;16m██████
████████[38;2;13;15;6m████[38;2;13;13;13m██[38;2;13;15;6m████[38;2;13;13;13m██[38;2;13;15;6m████[38;2;13;13;16m████████
████████████████████████████████