[38;2;13;13;16m██████████[38;2;13;13;11m██[38;2;13;13;9m██[38;2;11;11;32m████[38;2;13;13;9m██[38;2;13;13;11m██[38;2;13;13;16m██████████
████████[38;2;13;13;9m██[38;2;11;12;27m██[38;2;3;4;155m██[38;2;0;0;215m█[38;2;0;0;214m██[38;2;0;0;215m█[38;2;3;4;155m██[38;2;13;12;27m██[38;2;13;13;9m██[38;2;13;13;16m████████
██████[38;2;13;13;13m██[38;2;13;12;24m██[38;2;2;1;183m██[38;2;0;0;147m█[38;2;0;0;136m█[38;2;0;0;34m█[38;2;0;0;35m█[38;2;0;0;38m█[38;2;0;0;37m█[38;2;0;0;136m█[38;2;0;0;147m█[38;2;2;1;183m██[38;2;13;12;24m██[38;2;13;13;13m██[38;2;13;13;16m██████
██████[38;2;13;15;6m██[38;2;4;3;140m█[38;2;6;5;143m█[38;2;0;0;126m█[38;2;0;0;108m█[38;2;16;15;2m█[38;2;84;83;70m█[38;2;141;143;132m█[38;2;169;171;160m██[38;2;141;143;132m█[38;2;83;82;69m█[38;2;16;15;2m█[38;2;0;0;108m█[38;2;0;0;126m█[38;2;6;5;143m█[38;2;4;3;140m█[38;2;13;15;6m██[38;2;13;13;16m██████
████[38;2;13;13;11m██[38;2;11;10;51m██[38;2;4;4;167m█[38;2;0;0;152m█[38;2;0;0;0m█[38;2;113;113;111m█[38;2;229;229;226m█[38;2;255;255;255m██████[38;2;229;229;226m█[38;2;115;115;112m█[38;2;0;0;0m█[38;2;0;0;155m█[38;2;4;4;169m█[38;2;11;10;53m██[38;2;13;13;11m██[38;2;13;13;16m████
████[38;2;13;15;4m██[38;2;5;4;127m█[38;2;8;6;130m█[38;2;0;0;68m█[38;2;6;6;80m█[38;2;185;186;175m█[38;2;255;255;255m██[38;2;253;253;253m██████[38;2;255;255;255m██[38;2;185;186;175m█[38;2;6;6;80m█[38;2;0;0;68m█[38;2;6;6;130m█[38;2;4;4;127m█[38;2;13;15;4m██[38;2;13;13;16m████
██[38;2;13;13;13m██[38;2;13;12;22m██[38;2;5;3;152m█[38;2;0;0;144m█[38;2;3;2;11m█[38;2;189;188;197m█[38;2;255;255;255m█[38;2;253;253;251m█[38;2;253;253;253m████████[38;2;253;253;251m█[38;2;255;255;255m█[38;2;189;188;197m█[38;2;2;1;10m█[38;2;0;0;144m█[38;2;3;4;152m█[38;2;13;12;22m██[38;2;13;13;13m██[38;2;13;13;16m██
██[38;2;13;13;11m██[38;2;9;10;55m██[38;2;6;5;129m█[38;2;0;0;103m█[38;2;131;132;122m█[38;2;255;255;255m█[38;2;253;253;253m████████████[38;2;255;255;255m█[38;2;131;132;122m█[38;2;0;0;103m█[38;2;6;5;129m█[38;2;9;10;55m██[38;2;13;13;11m██[38;2;13;13;16m██
██[38;2;13;15;6m██[38;2;8;6;89m█[38;2;9;8;90m█[38;2;0;0;82m█[38;2;23;22;107m█[38;2;242;243;232m█[38;2;255;255;252m█[38;2;255;255;255m██[38;2;253;253;253m██████████[38;2;255;255;247m█[38;2;243;244;233m█[38;2;23;22;107m█[38;2;0;0;82m█[38;2;9;8;90m█[38;2;8;6;89m█[38;2;13;15;6m██[38;2;13;13;16m██
██[38;2;13;15;6m██[38;2;5;6;110m█[38;2;6;8;111m█[38;2;0;0;41m█[38;2;108;109;162m█[38;2;255;255;255m█[38;2;217;218;210m█[38;2;101;101;101m█[38;2;192;192;192m█[38;2;255;255;255m██[38;2;253;253;253m████████[38;2;253;254;246m█[38;2;255;255;255m█[38;2;108;109;162m█[38;2;0;0;41m█[38;2;6;8;111m█[38;2;5;6;110m█[38;2;13;15;6m██[38;2;13;13;16m██
██[38;2;13;15;6m██[38;2;5;5;120m██[38;2;0;0;26m█[38;2;174;173;210m█[38;2;255;255;255m█[38;2;173;173;168m█[38;2;0;0;0m██[38;2;97;97;97m█[38;2;225;225;225m█[38;2;255;255;255m█[38;2;252;252;252m█[38;2;255;255;255m████████[38;2;174;173;210m█[38;2;0;0;26m█[38;2;5;5;120m██[38;2;13;15;6m██[38;2;13;13;16m██
██[38;2;13;13;9m██[38;2;5;4;125m█[38;2;4;3;124m█[38;2;0;0;25m█[38;2;203;203;230m█[38;2;255;255;255m█[38;2;254;254;250m█[38;2;179;179;179m█[38;2;47;47;47m█[38;2;0;0;0m█[38;2;11;11;11m█[38;2;160;160;160m█[38;2;255;255;255m█[38;2;193;193;193m█[38;2;66;66;66m█[38;2;67;67;67m█[38;2;68;68;68m█[38;2;67;67;67m█[38;2;62;62;62m█[38;2;173;173;168m█[38;2;255;255;255m█[38;2;203;203;230m█[38;2;0;0;24m█[38;2;3;3;124m█[38;2;5;5;126m█[38;2;13;13;9m██[38;2;13;13;16m██
██[38;2;13;13;9m██[38;2;4;4;125m█[38;2;2;2;123m█[38;2;1;1;26m█[38;2;208;208;233m█[38;2;255;255;255m██[38;2;249;249;249m█[38;2;105;105;105m█[38;2;0;0;0m██[38;2;107;107;107m█[38;2;255;255;255m█[38;2;153;153;153m█[38;2;0;0;0m█████[38;2;125;125;123m█[38;2;255;255;255m█[38;2;208;208;233m█[38;2;1;1;26m█[38;2;2;2;123m█[38;2;5;5;126m█[38;2;13;13;9m██[38;2;13;13;16m██
██[38;2;13;13;9m██[38;2;4;4;125m█[38;2;2;2;123m█[38;2;0;0;25m█[38;2;208;208;233m█[38;2;255;255;255m█[38;2;202;202;200m█[38;2;19;19;19m█[38;2;0;0;0m█[38;2;26;26;26m█[38;2;154;154;154m█[38;2;251;251;251m█[38;2;255;255;255m█[38;2;252;252;252m█[38;2;225;225;225m█[38;2;221;221;221m█[38;2;222;222;222m█[38;2;221;221;221m█[38;2;223;223;223m█[38;2;250;250;247m█[38;2;255;255;255m█[38;2;208;208;233m█[38;2;0;0;25m█[38;2;2;2;123m█[38;2;4;4;125m█[38;2;13;13;9m██[38;2;13;13;16m██
██[38;2;13;13;9m██[38;2;4;4;125m█[38;2;2;2;123m█[38;2;0;0;25m█[38;2;208;208;233m█[38;2;255;255;255m█[38;2;185;185;182m█[38;2;17;17;17m█[38;2;113;113;113m█[38;2;237;237;237m█[38;2;255;255;255m██[38;2;253;253;253m█[38;2;254;254;254m█[38;2;255;255;255m█████[38;2;254;254;252m█[38;2;255;255;255m█[38;2;208;208;233m█[38;2;0;0;25m█[38;2;2;2;123m█[38;2;4;4;125m█[38;2;13;13;9m██[38;2;13;13;16m██
██[38;2;13;13;9m██[38;2;4;4;125m█[38;2;2;2;123m█[38;2;0;0;25m█[38;2;208;208;233m█[38;2;255;255;255m█[38;2;255;255;253m█[38;2;244;244;244m█[38;2;255;255;255m██[38;2;253;253;253m█████████[38;2;253;253;251m█[38;2;255;255;255m█[38;2;208;208;233m█[38;2;0;0;25m█[38;2;2;2;123m█[38;2;4;4;125m█[38;2;13;13;9m██[38;2;13;13;16m██
██[38;2;13;13;9m██[38;2;4;4;125m█[38;2;2;2;123m█[38;2;0;0;25m█[38;2;208;208;233m█[38;2;255;255;255m█[38;2;253;253;251m█[38;2;255;255;255m█[38;2;253;253;253m███████████[38;2;253;253;251m█[38;2;255;255;255m█[38;2;208;208;233m█[38;2;0;0;25m█[38;2;2;2;123m█[38;2;4;4;125m█[38;2;13;13;9m██[38;2;13;13;16m██
██[38;2;13;13;9m██[38;2;4;4;125m█[38;2;2;2;123m█[38;2;0;0;25m█[38;2;208;208;233m█[38;2;255;255;255m█[38;2;253;253;251m█[38;2;253;253;253m████████████[38;2;253;253;251m█[38;2;255;255;255m█[38;2;208;208;233m█[38;2;0;0;25m█[38;2;2;2;123m█[38;2;4;4;125m█[38;2;13;13;9m██[38;2;13;13;16m██
██[38;2;13;13;9m██[38;2;4;4;125m█[38;2;2;2;123m█[38;2;0;0;25m█[38;2;208;208;233m█[38;2;255;255;255m█[38;2;253;253;251m█[38;2;253;253;253m████████████[38;2;253;253;251m█[38;2;255;255;255m█[38;2;208;208;233m█[38;2;0;0;25m█[38;2;2;2;123m█[38;2;4;4;125m█[38;2;13;13;9m██[38;2;13;13;16m██
██[38;2;13;13;9m██[38;2;4;4;125m█[38;2;2;2;123m█[38;2;0;0;25m█[38;2;208;208;233m█[38;2;255;255;255m█[38;2;253;253;251m█[38;2;253;253;253m████████████[38;2;253;253;251m█[38;2;255;255;255m█[38;2;208;208;233m█[38;2;0;0;25m█[38;2;2;2;123m█[38;2;4;4;125m█[38;2;13;13;9m██[38;2;13;13;16m██
██[38;2;13;13;9m██[38;2;5;4;125m█[38;2;3;2;123m█[38;2;0;0;25m█[38;2;208;208;233m█[38;2;255;255;255m█[38;2;253;253;251m█[38;2;253;253;253m████████████[38;2;253;253;251m█[38;2;255;255;255m█[38;2;208;208;233m█[38;2;0;0;25m█[38;2;2;2;123m█[38;2;4;4;125m█[38;2;13;13;9m██[38;2;13;13;16m██
██[38;2;13;13;9m██[38;2;5;4;125m█[38;2;3;2;123m█[38;2;0;0;25m█[38;2;208;208;233m█[38;2;255;255;255m█[38;2;253;253;251m█[38;2;253;253;253m████████████[38;2;253;253;251m█[38;2;255;255;255m█[38;2;208;208;233m█[38;2;0;0;25m█[38;2;2;2;123m█[38;2;4;4;125m█[38;2;13;13;9m██[38;2;13;13;16m██
██[38;2;13;13;9m██[38;2;5;4;125m█[38;2;3;2;123m█[38;2;0;0;25m█[38;2;208;208;233m█[38;2;255;255;255m█[38;2;253;253;251m█[38;2;253;253;253m████████████[38;2;253;253;251m█[38;2;255;255;255m█[38;2;208;208;233m█[38;2;0;0;25m█[38;2;2;2;123m█[38;2;4;4;125m█[38;2;13;13;9m██[38;2;13;13;16m██
██[38;2;13;13;9m██[38;2;5;4;125m█[38;2;3;2;123m█[38;2;0;0;25m█[38;2;209;209;235m█[38;2;255;255;255m█[38;2;253;253;251m█[38;2;253;253;253m████████████[38;2;253;253;251m█[38;2;255;255;255m█[38;2;209;209;235m█[38;2;0;0;25m█[38;2;3;2;123m█[38;2;5;4;125m█[38;2;13;13;9m██[38;2;13;13;16m██
██[38;2;13;13;9m██[38;2;4;4;129m██[38;2;0;0;22m█[38;2;178;176;209m█[38;2;255;255;255m█[38;2;253;253;249m█[38;2;253;253;253m█[38;2;254;254;254m█[38;2;255;255;255m███[38;2;253;253;253m██[38;2;255;255;255m███[38;2;254;254;254m█[38;2;253;253;253m█[38;2;253;253;249m█[38;2;255;255;255m█[38;2;180;179;211m█[38;2;0;0;23m█[38;2;4;4;129m██[38;2;13;13;9m██[38;2;13;13;16m██
██[38;2;13;15;4m██[38;2;5;5;123m█[38;2;8;8;125m█[38;2;0;0;54m█[38;2;48;48;110m█[38;2;244;245;235m█[38;2;255;255;255m███[38;2;176;176;172m█[38;2;169;169;165m█[38;2;251;251;251m█[38;2;255;255;255m██[38;2;251;251;251m█[38;2;168;168;164m█[38;2;174;174;169m█[38;2;255;255;255m███[38;2;246;247;237m█[38;2;52;52;113m█[38;2;0;0;54m█[38;2;8;6;127m█[38;2;5;4;125m█[38;2;13;15;4m██[38;2;13;13;16m██
██[38;2;13;15;6m██[38;2;8;6;89m█[38;2;9;8;90m█[38;2;4;3;141m█[38;2;0;0;122m█[38;2;42;41;26m█[38;2;141;140;125m█[38;2;151;152;141m█[38;2;67;68;58m█[38;2;0;0;6m█[38;2;0;0;4m█[38;2;56;58;49m█[38;2;147;148;140m██[38;2;56;58;49m█[38;2;0;0;4m█[38;2;0;0;6m█[38;2;67;68;58m█[38;2;152;153;143m█[38;2;143;143;124m█[38;2;45;45;26m█[38;2;0;0;120m█[38;2;4;3;140m█[38;2;9;8;90m█[38;2;8;6;89m█[38;2;13;15;6m██[38;2;13;13;16m██
██[38;2;13;13;13m██[38;2;13;12;27m██[38;2;2;0;200m██[38;2;0;0;91m█[38;2;0;0;81m█[38;2;0;0;63m█[38;2;0;0;70m█[38;2;0;0;208m█[38;2;0;0;209m█[38;2;0;0;79m█[38;2;0;0;70m██[38;2;0;0;79m█[38;2;0;0;209m█[38;2;0;0;208m█[38;2;0;0;70m█[38;2;0;0;63m█[38;2;0;0;79m█[38;2;0;0;88m█[38;2;0;1;202m██[38;2;11;12;30m██[38;2;13;13;13m██[38;2;13;13;16m██
████[38;2;13;15;6m██[38;2;8;6;91m█[38;2;9;8;93m█[38;2;0;0;239m█[38;2;0;0;238m█[38;2;0;0;236m█[38;2;0;0;237m█[38;2;2;2;173m██[38;2;0;0;233m█[38;2;0;0;232m██[38;2;0;0;233m█[38;2;3;2;175m██[38;2;0;0;235m█[38;2;0;0;233m█[38;2;0;0;238m█[38;2;0;0;239m█[38;2;9;8;96m█[38;2;8;6;95m█[38;2;13;15;6m██[38;2;13;13;16m████
██████[38;2;13;13;9m██[38;2;9;10;61m██[38;2;10;10;69m█[38;2;9;9;68m█[38;2;13;13;11m██[38;2;9;10;63m██[38;2;10;10;67m█[38;2;9;9;66m█[38;2;13;13;11m██[38;2;9;9;68m██[38;2;9;10;61m██[38;2;13;13;9m██[38;2;13;13;16m██████
████████[38;2;13;13;9m████[38;2;13;13;16m██[38;2;13;13;9m████[38;2;13;13;16m██[38;2;13;13;9m████[38;2;13;13;16m████████
████████████████████████████████