[38;2;13;13;16m████████████████████████████████
████████████[38;2;13;13;11m██[38;2;13;15;4m████[38;2;13;13;11m██[38;2;13;13;16m████████████
██████████[38;2;13;15;6m██[38;2;11;10;42m██[38;2;5;5;112m█[38;2;6;6;113m██[38;2;5;5;112m█[38;2;11;10;42m██[38;2;13;15;6m██[38;2;13;13;16m██████████
████████[38;2;13;15;4m██[38;2;8;8;87m█[38;2;9;9;88m█[38;2;0;0;212m█[38;2;0;0;210m█[38;2;0;0;180m█[38;2;0;0;176m██[38;2;0;0;180m█[38;2;0;0;210m█[38;2;0;0;212m█[38;2;9;9;88m█[38;2;8;8;87m█[38;2;13;15;4m██[38;2;13;13;16m████████
██████[38;2;13;15;6m██[38;2;9;10;63m██[38;2;0;1;200m█[38;2;0;0;194m█[38;2;0;0;47m█[38;2;0;0;48m█[38;2;15;16;8m█[38;2;33;34;26m██[38;2;15;16;8m█[38;2;0;0;48m█[38;2;0;0;47m█[38;2;0;0;193m█[38;2;1;2;201m█[38;2;10;10;67m█[38;2;9;9;66m█[38;2;13;15;6m██[38;2;13;13;16m██████
████[38;2;13;13;13m██[38;2;13;13;17m██[38;2;2;2;175m█[38;2;1;1;174m█[38;2;0;0;47m█[38;2;1;1;58m█[38;2;97;96;83m█[38;2;187;186;173m█[38;2;231;231;231m█[38;2;245;245;245m█[38;2;246;246;246m█[38;2;231;231;231m█[38;2;187;186;173m█[38;2;97;96;83m█[38;2;1;1;58m█[38;2;0;0;47m█[38;2;2;2;175m██[38;2;13;13;17m██[38;2;13;13;13m██[38;2;13;13;16m████
████[38;2;13;15;6m██[38;2;8;8;87m█[38;2;9;9;88m█[38;2;4;3;136m█[38;2;0;0;112m█[38;2;56;55;42m█[38;2;211;210;197m█[38;2;255;255;255m████████[38;2;210;211;197m█[38;2;55;56;42m█[38;2;0;0;112m█[38;2;4;3;136m█[38;2;9;9;86m█[38;2;8;8;84m█[38;2;13;15;6m██[38;2;13;13;16m████
████[38;2;13;13;9m██[38;2;4;3;144m█[38;2;5;4;145m█[38;2;0;0;26m█[38;2;73;72;111m█[38;2;250;251;243m█[38;2;255;255;255m█[38;2;253;253;253m████████[38;2;255;255;255m█[38;2;250;251;243m█[38;2;70;73;111m█[38;2;0;0;26m█[38;2;3;5;145m█[38;2;2;4;144m█[38;2;13;13;9m██[38;2;13;13;16m████
██[38;2;13;13;13m██[38;2;11;11;37m██[38;2;6;5;146m█[38;2;0;0;127m█[38;2;44;44;41m█[38;2;245;245;243m█[38;2;255;255;255m█[38;2;253;253;253m██████████[38;2;255;255;255m█[38;2;245;245;243m█[38;2;44;44;41m█[38;2;0;0;127m█[38;2;6;5;146m█[38;2;11;11;34m██[38;2;13;13;13m██[38;2;13;13;16m██
██[38;2;13;13;9m██[38;2;9;9;70m█[38;2;10;10;72m█[38;2;3;3;110m█[38;2;0;0;95m█[38;2;189;190;179m█[38;2;255;255;255m██[38;2;254;254;254m█[38;2;253;253;253m██████████[38;2;255;255;254m█[38;2;189;190;179m█[38;2;0;0;95m█[38;2;3;3;110m█[38;2;10;10;72m█[38;2;9;9;70m█[38;2;13;13;9m██[38;2;13;13;16m██
██[38;2;13;15;6m██[38;2;5;8;100m█[38;2;6;9;101m█[38;2;0;0;62m█[38;2;56;56;127m█[38;2;255;255;251m█[38;2;254;255;245m█[38;2;235;235;235m█[38;2;255;255;255m██[38;2;253;253;253m█████████[38;2;254;255;245m█[38;2;255;255;251m█[38;2;56;56;127m█[38;2;0;0;62m█[38;2;6;9;101m█[38;2;5;8;100m█[38;2;13;15;6m██[38;2;13;13;16m██
██[38;2;13;15;6m██[38;2;5;5;117m█[38;2;6;6;118m█[38;2;0;0;32m█[38;2;139;140;186m█[38;2;255;255;255m█[38;2;179;179;174m█[38;2;3;3;3m█[38;2;96;96;96m█[38;2;226;226;226m█[38;2;255;255;255m██[38;2;253;253;253m█[38;2;254;254;254m█[38;2;255;255;255m█████[38;2;254;254;250m█[38;2;255;255;255m█[38;2;139;140;186m█[38;2;0;0;32m█[38;2;6;6;118m█[38;2;5;5;117m█[38;2;13;15;6m██[38;2;13;13;16m██
██[38;2;13;13;9m██[38;2;5;5;123m█[38;2;4;4;122m█[38;2;0;0;25m█[38;2;190;189;222m█[38;2;255;255;255m█[38;2;210;210;205m█[38;2;33;33;33m█[38;2;0;0;0m█[38;2;15;15;15m█[38;2;137;137;137m█[38;2;245;245;245m█[38;2;255;255;255m█[38;2;249;249;249m█[38;2;211;211;211m█[38;2;208;208;208m█[38;2;209;209;209m█[38;2;208;208;208m█[38;2;209;209;209m█[38;2;245;245;240m█[38;2;255;255;255m█[38;2;189;188;221m█[38;2;0;0;25m█[38;2;3;4;122m█[38;2;4;5;123m█[38;2;13;13;9m██[38;2;13;13;16m██
██[38;2;13;13;9m██[38;2;4;4;125m█[38;2;2;2;123m█[38;2;0;0;25m█[38;2;207;207;232m█[38;2;255;255;255m███[38;2;113;113;113m█[38;2;0;0;0m██[38;2;98;98;98m█[38;2;255;255;255m█[38;2;147;147;147m█[38;2;0;0;0m█████[38;2;117;117;115m█[38;2;255;255;255m█[38;2;207;207;232m█[38;2;0;0;25m█[38;2;2;2;123m█[38;2;4;4;125m█[38;2;13;13;9m██[38;2;13;13;16m██
██[38;2;13;13;9m██[38;2;4;4;125m█[38;2;2;2;123m█[38;2;0;0;25m█[38;2;208;208;233m█[38;2;255;255;255m█[38;2;251;251;249m█[38;2;160;160;160m█[38;2;34;34;34m█[38;2;0;0;0m█[38;2;22;22;22m█[38;2;173;173;173m█[38;2;255;255;255m█[38;2;202;202;202m█[38;2;84;84;84m██[38;2;86;86;86m█[38;2;84;84;84m█[38;2;81;81;81m█[38;2;183;183;181m█[38;2;255;255;255m█[38;2;208;208;233m█[38;2;0;0;25m█[38;2;2;2;123m█[38;2;4;4;125m█[38;2;13;13;9m██[38;2;13;13;16m██
██[38;2;13;13;9m██[38;2;4;4;125m█[38;2;2;2;123m█[38;2;0;0;25m█[38;2;208;208;233m█[38;2;255;255;255m█[38;2;169;169;167m█[38;2;0;0;0m██[38;2;115;115;115m█[38;2;236;236;236m█[38;2;255;255;255m█[38;2;252;252;252m█[38;2;255;255;255m████████[38;2;208;208;233m█[38;2;0;0;25m█[38;2;2;2;123m█[38;2;4;4;125m█[38;2;13;13;9m██[38;2;13;13;16m██
██[38;2;13;13;9m██[38;2;4;4;125m█[38;2;2;2;123m█[38;2;0;0;25m█[38;2;208;208;233m█[38;2;255;255;255m█[38;2;223;223;221m█[38;2;120;120;120m█[38;2;205;205;205m█[38;2;255;255;255m██[38;2;253;253;253m████████[38;2;253;253;251m█[38;2;255;255;255m█[38;2;208;208;233m█[38;2;0;0;25m█[38;2;2;2;123m█[38;2;4;4;125m█[38;2;13;13;9m██[38;2;13;13;16m██
██[38;2;13;13;9m██[38;2;4;4;125m█[38;2;2;2;123m█[38;2;0;0;25m█[38;2;208;208;233m█[38;2;255;255;255m█[38;2;255;255;254m█[38;2;255;255;255m██[38;2;253;253;253m██████████[38;2;253;253;251m█[38;2;255;255;255m█[38;2;208;208;233m█[38;2;0;0;25m█[38;2;2;2;123m█[38;2;4;4;125m█[38;2;13;13;9m██[38;2;13;13;16m██
██[38;2;13;13;9m██[38;2;4;4;125m█[38;2;2;2;123m█[38;2;0;0;25m█[38;2;208;208;233m█[38;2;255;255;255m█[38;2;253;253;251m█[38;2;253;253;253m████████████[38;2;253;253;251m█[38;2;255;255;255m█[38;2;208;208;233m█[38;2;0;0;25m█[38;2;2;2;123m█[38;2;4;4;125m█[38;2;13;13;9m██[38;2;13;13;16m██
██[38;2;13;13;9m██[38;2;4;4;125m█[38;2;2;2;123m█[38;2;0;0;25m█[38;2;208;208;233m█[38;2;255;255;255m█[38;2;253;253;251m█[38;2;253;253;253m████████████[38;2;253;253;251m█[38;2;255;255;255m█[38;2;208;208;233m█[38;2;0;0;25m█[38;2;2;2;123m█[38;2;4;4;125m█[38;2;13;13;9m██[38;2;13;13;16m██
██[38;2;13;13;9m██[38;2;4;4;125m█[38;2;2;2;123m█[38;2;0;0;25m█[38;2;208;208;233m█[38;2;255;255;255m█[38;2;253;253;251m█[38;2;253;253;253m████████████[38;2;253;253;251m█[38;2;255;255;255m█[38;2;208;208;233m█[38;2;0;0;25m█[38;2;2;2;123m█[38;2;4;4;125m█[38;2;13;13;9m██[38;2;13;13;16m██
██[38;2;13;13;9m██[38;2;4;4;125m█[38;2;2;2;123m█[38;2;0;0;25m█[38;2;208;208;233m█[38;2;255;255;255m█[38;2;253;253;251m█[38;2;253;253;253m████████████[38;2;253;253;251m█[38;2;255;255;255m█[38;2;208;208;233m█[38;2;0;0;25m█[38;2;2;2;123m█[38;2;4;4;125m█[38;2;13;13;9m██[38;2;13;13;16m██
██[38;2;13;13;9m██[38;2;4;4;125m█[38;2;2;2;123m█[38;2;0;0;25m█[38;2;208;208;233m█[38;2;255;255;255m█[38;2;253;253;251m█[38;2;253;253;253m████████████[38;2;253;253;251m█[38;2;255;255;255m█[38;2;208;208;233m█[38;2;0;0;25m█[38;2;2;2;123m█[38;2;4;4;125m█[38;2;13;13;9m██[38;2;13;13;16m██
██[38;2;13;13;9m██[38;2;4;4;125m█[38;2;2;2;123m█[38;2;1;1;26m█[38;2;209;209;235m█[38;2;255;255;255m█[38;2;253;253;251m█[38;2;253;253;253m████████████[38;2;253;253;251m█[38;2;255;255;255m█[38;2;209;209;235m█[38;2;1;1;26m█[38;2;2;2;123m█[38;2;4;4;125m█[38;2;13;13;9m██[38;2;13;13;16m██
██[38;2;13;13;9m██[38;2;4;4;125m█[38;2;3;3;124m█[38;2;0;0;23m█[38;2;194;194;223m█[38;2;255;255;255m█[38;2;253;253;249m█[38;2;253;253;253m██[38;2;255;255;255m██[38;2;253;253;253m████[38;2;255;255;255m██[38;2;253;253;253m██[38;2;253;253;249m█[38;2;255;255;255m█[38;2;196;196;223m█[38;2;0;0;20m█[38;2;3;3;124m█[38;2;4;4;125m█[38;2;13;13;9m██[38;2;13;13;16m██
██[38;2;13;15;6m██[38;2;5;5;117m█[38;2;6;6;118m█[38;2;0;0;39m█[38;2;88;89;139m█[38;2;255;255;255m████[38;2;229;229;229m█[38;2;225;225;225m█[38;2;255;255;255m████[38;2;224;224;224m█[38;2;228;228;228m█[38;2;255;255;255m████[38;2;91;93;143m█[38;2;0;0;39m█[38;2;6;6;118m█[38;2;5;5;117m█[38;2;13;15;6m██[38;2;13;13;16m██
██[38;2;13;15;6m██[38;2;8;8;84m█[38;2;9;9;86m█[38;2;3;3;112m█[38;2;0;0;95m█[38;2;98;97;82m█[38;2;205;204;189m█[38;2;212;212;208m█[38;2;130;130;125m█[38;2;15;15;10m█[38;2;9;9;4m█[38;2;117;117;112m█[38;2;210;210;205m██[38;2;117;117;112m█[38;2;9;9;6m█[38;2;13;13;11m█[38;2;130;130;125m█[38;2;214;214;209m█[38;2;208;207;192m█[38;2;101;100;84m█[38;2;0;0;93m█[38;2;3;3;110m█[38;2;9;9;86m█[38;2;8;8;84m█[38;2;13;15;6m██[38;2;13;13;16m██
██[38;2;13;13;13m██[38;2;11;12;26m██[38;2;2;2;179m█[38;2;0;0;175m█[38;2;0;0;37m█[38;2;0;0;42m█[38;2;0;0;31m█[38;2;0;0;20m█[38;2;0;0;157m█[38;2;0;0;158m█[38;2;0;0;27m█[38;2;0;0;37m██[38;2;0;0;27m█[38;2;0;0;159m█[38;2;0;0;157m█[38;2;0;0;20m█[38;2;0;0;31m█[38;2;0;0;41m█[38;2;0;0;34m█[38;2;0;0;175m█[38;2;2;2;179m█[38;2;11;12;27m██[38;2;13;13;13m██[38;2;13;13;16m██
████[38;2;13;15;6m██[38;2;8;8;84m█[38;2;9;9;86m█[38;2;0;0;215m█[38;2;0;0;212m█[38;2;0;0;207m█[38;2;0;0;210m█[38;2;3;3;166m██[38;2;0;0;209m█[38;2;0;0;205m██[38;2;0;0;209m█[38;2;3;3;166m██[38;2;0;0;210m█[38;2;0;0;207m█[38;2;0;0;214m█[38;2;0;0;217m█[38;2;9;9;88m█[38;2;8;8;87m█[38;2;13;15;6m██[38;2;13;13;16m████
██████[38;2;13;13;9m██[38;2;11;10;51m█[38;2;12;11;52m█[38;2;10;11;59m█[38;2;9;10;58m█[38;2;13;13;9m██[38;2;9;10;55m█[38;2;10;11;56m██[38;2;9;10;55m█[38;2;13;13;9m██[38;2;9;10;58m█[38;2;10;11;59m█[38;2;10;12;54m█[38;2;9;11;53m█[38;2;13;13;9m██[38;2;13;13;16m██████
████████[38;2;13;13;9m████[38;2;13;13;16m██[38;2;13;13;9m████[38;2;13;13;16m██[38;2;13;13;9m████[38;2;13;13;16m████████
████████████████████████████████