[38;2;13;13;16m██████████████[38;2;13;13;13m████[38;2;13;13;16m██████████████
██████████[38;2;13;13;13m██[38;2;13;15;6m██[38;2;13;12;26m████[38;2;13;15;6m██[38;2;13;13;13m██[38;2;13;13;16m██████████
████████[38;2;13;13;11m██[38;2;13;12;22m██[38;2;5;4;141m██[38;2;0;0;210m████[38;2;5;4;147m██[38;2;13;12;26m██[38;2;13;13;11m██[38;2;13;13;16m████████
██████[38;2;13;13;13m██[38;2;13;13;17m██[38;2;2;2;173m██[38;2;0;0;165m█[38;2;0;0;153m█[38;2;0;0;51m█[38;2;0;0;49m█[38;2;0;0;47m██[38;2;0;0;147m█[38;2;0;0;159m█[38;2;2;2;179m██[38;2;13;12;22m██[38;2;13;13;13m██[38;2;13;13;16m██████
██████[38;2;13;15;4m██[38;2;5;4;127m█[38;2;6;5;129m█[38;2;2;1;144m█[38;2;0;0;124m█[38;2;4;5;0m█[38;2;65;66;55m█[38;2;124;125;115m█[38;2;154;155;145m█[38;2;155;157;146m█[38;2;129;130;119m█[38;2;73;74;62m█[38;2;10;11;0m█[38;2;0;0;112m█[38;2;0;0;131m█[38;2;6;5;140m█[38;2;4;3;138m█[38;2;13;15;6m██[38;2;13;13;16m██████
████[38;2;13;13;11m██[38;2;11;10;42m██[38;2;4;3;174m█[38;2;0;0;164m█[38;2;0;0;0m█[38;2;90;90;94m█[38;2;214;214;209m█[38;2;255;255;255m██████[38;2;223;223;221m█[38;2;109;109;107m█[38;2;0;0;0m█[38;2;0;0;154m█[38;2;4;4;169m█[38;2;9;11;53m██[38;2;13;13;9m██[38;2;13;13;16m████
████[38;2;13;15;4m██[38;2;5;5;118m█[38;2;6;6;119m█[38;2;0;0;84m█[38;2;0;0;81m█[38;2;159;160;148m█[38;2;255;255;254m█[38;2;255;255;255m█[38;2;254;254;254m█[38;2;253;253;253m█████[38;2;255;255;255m██[38;2;183;185;174m█[38;2;8;8;81m█[38;2;0;0;67m█[38;2;6;6;131m█[38;2;4;4;129m█[38;2;13;15;4m██[38;2;13;13;16m████
████[38;2;13;13;17m██[38;2;5;3;152m█[38;2;1;0;147m█[38;2;0;0;8m█[38;2;161;162;178m█[38;2;255;255;255m█[38;2;254;254;252m█[38;2;253;253;253m████████[38;2;253;253;251m█[38;2;255;255;255m█[38;2;194;194;200m█[38;2;4;4;10m█[38;2;0;0;145m█[38;2;3;4;153m█[38;2;13;12;24m██[38;2;13;13;13m██[38;2;13;13;16m██
██[38;2;13;13;11m██[38;2;11;10;49m██[38;2;5;5;134m█[38;2;0;0;110m█[38;2;102;103;93m█[38;2;255;255;255m█[38;2;254;254;254m█[38;2;253;253;253m███████████[38;2;255;255;255m█[38;2;140;141;131m█[38;2;0;0;98m█[38;2;5;5;123m█[38;2;9;10;60m██[38;2;13;13;9m██[38;2;13;13;16m██
██[38;2;13;15;6m██[38;2;8;8;81m█[38;2;9;9;82m█[38;2;2;1;94m█[38;2;8;6;100m█[38;2;226;228;216m█[38;2;255;255;249m█[38;2;252;252;252m█[38;2;255;255;255m███[38;2;253;253;253m████████[38;2;255;255;246m█[38;2;249;250;239m█[38;2;32;32;111m█[38;2;0;0;75m█[38;2;9;8;95m█[38;2;8;6;94m█[38;2;13;15;6m██[38;2;13;13;16m██
██[38;2;13;15;6m██[38;2;5;6;104m█[38;2;6;8;105m█[38;2;0;0;51m█[38;2;83;83;145m█[38;2;255;255;255m█[38;2;253;254;246m█[38;2;255;255;255m█[38;2;181;181;181m█[38;2;129;129;129m█[38;2;236;236;236m█[38;2;255;255;255m██[38;2;253;253;253m██████[38;2;253;254;246m█[38;2;255;255;255m█[38;2;124;125;173m█[38;2;0;0;34m█[38;2;6;6;116m█[38;2;5;5;115m█[38;2;13;15;6m██[38;2;13;13;16m██
██[38;2;13;15;6m██[38;2;5;5;115m█[38;2;6;6;116m█[38;2;0;0;30m█[38;2;148;151;193m█[38;2;255;255;255m█[38;2;253;253;249m█[38;2;255;255;255m█[38;2;87;87;87m█[38;2;0;0;0m█[38;2;25;25;25m█[38;2;157;157;157m█[38;2;254;254;254m█[38;2;255;255;255m█[38;2;252;252;252m█[38;2;255;255;255m██████[38;2;193;193;222m█[38;2;0;0;22m█[38;2;4;3;124m█[38;2;5;4;125m█[38;2;13;13;9m██[38;2;13;13;16m██
██[38;2;13;15;6m██[38;2;5;5;120m██[38;2;0;0;25m█[38;2;185;183;218m█[38;2;255;255;255m█[38;2;253;253;249m█[38;2;255;255;255m█[38;2;236;236;236m█[38;2;120;120;120m█[38;2;9;9;9m█[38;2;0;0;0m█[38;2;55;55;55m█[38;2;221;221;221m█[38;2;255;255;255m█[38;2;151;151;151m█[38;2;76;76;76m█[38;2;82;82;82m██[38;2;80;80;77m█[38;2;98;98;96m█[38;2;190;190;214m█[38;2;9;9;32m█[38;2;1;1;124m█[38;2;5;5;129m█[38;2;13;13;11m██[38;2;13;13;16m██
██[38;2;13;13;9m██[38;2;5;5;120m█[38;2;4;4;119m█[38;2;0;0;25m█[38;2;190;189;222m█[38;2;255;255;255m█[38;2;253;253;249m█[38;2;253;253;253m█[38;2;255;255;255m█[38;2;229;229;229m█[38;2;55;55;55m█[38;2;0;0;0m██[38;2;180;180;180m█[38;2;255;255;255m█[38;2;70;70;70m█[38;2;0;0;0m█████[38;2;164;164;185m█[38;2;17;17;38m█[38;2;0;0;124m█[38;2;5;5;130m█[38;2;13;13;11m██[38;2;13;13;16m██
██[38;2;13;13;9m██[38;2;5;5;120m█[38;2;4;4;119m█[38;2;0;0;25m█[38;2;190;189;222m█[38;2;255;255;255m█[38;2;253;253;249m█[38;2;255;255;255m█[38;2;150;150;150m█[38;2;0;0;0m██[38;2;48;48;48m█[38;2;185;185;185m█[38;2;255;255;255m██[38;2;239;239;239m█[38;2;210;210;210m█[38;2;211;211;211m██[38;2;210;210;208m█[38;2;225;225;223m█[38;2;222;222;243m█[38;2;8;8;28m█[38;2;0;0;124m█[38;2;5;5;130m█[38;2;13;13;11m██[38;2;13;13;16m██
██[38;2;13;13;9m██[38;2;5;5;120m█[38;2;4;4;119m█[38;2;0;0;25m█[38;2;190;189;222m█[38;2;255;255;255m█[38;2;253;253;249m█[38;2;255;255;255m█[38;2;103;103;103m█[38;2;16;16;16m█[38;2;146;146;146m█[38;2;251;251;251m█[38;2;255;255;255m█[38;2;253;253;253m██[38;2;255;255;255m██████[38;2;221;221;242m█[38;2;8;8;28m█[38;2;0;0;124m█[38;2;5;5;130m█[38;2;13;13;11m██[38;2;13;13;16m██
██[38;2;13;13;9m██[38;2;5;5;120m█[38;2;4;4;119m█[38;2;0;0;25m█[38;2;192;190;223m█[38;2;255;255;255m█[38;2;253;253;249m█[38;2;254;254;254m█[38;2;249;249;249m█[38;2;240;240;240m█[38;2;255;255;255m██[38;2;253;253;253m███████[38;2;253;253;251m█[38;2;255;255;255m█[38;2;221;221;242m█[38;2;8;8;28m█[38;2;0;0;123m█[38;2;5;5;129m█[38;2;13;13;11m██[38;2;13;13;16m██
██[38;2;13;13;9m██[38;2;5;5;120m█[38;2;4;4;119m█[38;2;0;0;26m█[38;2;193;192;224m█[38;2;255;255;255m█[38;2;253;253;249m█[38;2;253;253;253m█[38;2;254;254;254m█[38;2;255;255;255m█[38;2;253;253;253m█████████[38;2;253;253;251m█[38;2;255;255;255m█[38;2;221;221;242m█[38;2;8;8;28m█[38;2;0;0;123m█[38;2;5;5;129m█[38;2;13;13;11m██[38;2;13;13;16m██
██[38;2;13;13;9m██[38;2;5;5;123m█[38;2;4;4;122m█[38;2;0;0;24m█[38;2;194;194;223m█[38;2;255;255;255m█[38;2;253;253;249m█[38;2;253;253;253m████████████[38;2;253;253;251m█[38;2;255;255;255m█[38;2;219;219;240m█[38;2;6;6;27m█[38;2;1;1;124m█[38;2;5;5;129m█[38;2;13;13;11m██[38;2;13;13;16m██
██[38;2;13;13;9m██[38;2;5;5;123m█[38;2;4;4;122m█[38;2;0;0;24m█[38;2;195;195;224m█[38;2;255;255;255m█[38;2;253;253;249m█[38;2;253;253;253m████████████[38;2;253;253;251m█[38;2;255;255;255m█[38;2;218;218;239m█[38;2;6;6;27m█[38;2;1;1;124m█[38;2;5;5;129m█[38;2;13;13;11m██[38;2;13;13;16m██
██[38;2;13;13;9m██[38;2;5;5;123m█[38;2;4;4;122m█[38;2;0;0;25m█[38;2;197;197;226m█[38;2;255;255;255m█[38;2;253;253;249m█[38;2;253;253;253m████████████[38;2;253;253;251m█[38;2;255;255;255m█[38;2;217;217;240m█[38;2;5;5;28m█[38;2;1;1;124m█[38;2;5;5;129m█[38;2;13;13;11m██[38;2;13;13;16m██
██[38;2;13;13;9m██[38;2;5;5;123m█[38;2;4;4;122m█[38;2;0;0;25m█[38;2;198;198;228m█[38;2;255;255;255m█[38;2;253;253;249m█[38;2;253;253;253m████████████[38;2;253;253;251m█[38;2;255;255;255m█[38;2;216;216;239m█[38;2;4;4;27m█[38;2;1;1;124m█[38;2;5;5;129m█[38;2;13;13;11m██[38;2;13;13;16m██
██[38;2;13;13;9m██[38;2;4;5;123m█[38;2;3;4;122m█[38;2;0;0;26m█[38;2;200;200;229m█[38;2;255;255;255m█[38;2;253;253;249m█[38;2;253;253;253m████████████[38;2;253;253;251m█[38;2;255;255;255m█[38;2;215;215;238m█[38;2;4;4;27m█[38;2;1;1;124m█[38;2;5;5;129m█[38;2;13;13;11m██[38;2;13;13;16m██
██[38;2;13;13;9m██[38;2;4;5;123m█[38;2;3;4;122m█[38;2;0;0;25m█[38;2;203;203;230m█[38;2;255;255;255m█[38;2;253;253;249m█[38;2;253;253;253m████████████[38;2;253;253;251m█[38;2;255;255;255m█[38;2;214;214;237m█[38;2;3;3;26m█[38;2;1;1;124m█[38;2;5;5;129m█[38;2;13;13;11m██[38;2;13;13;16m██
██[38;2;13;13;9m██[38;2;4;4;125m█[38;2;3;3;124m█[38;2;0;0;24m█[38;2;196;196;225m█[38;2;255;255;255m█[38;2;254;254;250m█[38;2;253;253;253m████[38;2;255;255;255m█[38;2;254;254;254m█[38;2;253;253;253m███[38;2;254;254;254m█[38;2;255;255;255m█[38;2;254;254;254m█[38;2;253;253;251m█[38;2;255;255;255m█[38;2;205;205;231m█[38;2;0;0;23m█[38;2;2;2;123m█[38;2;5;5;126m█[38;2;13;13;9m██[38;2;13;13;16m██
██[38;2;13;15;6m██[38;2;5;5;118m█[38;2;6;6;119m█[38;2;0;0;33m█[38;2;109;110;155m█[38;2;252;253;245m█[38;2;255;255;250m█[38;2;255;255;255m████[38;2;243;243;243m█[38;2;255;255;255m█████[38;2;242;242;242m█[38;2;255;255;255m███[38;2;119;122;164m█[38;2;0;0;31m█[38;2;6;6;122m█[38;2;5;5;120m█[38;2;13;15;6m██[38;2;13;13;16m██
██[38;2;13;15;6m██[38;2;8;6;91m█[38;2;9;8;93m█[38;2;2;3;101m█[38;2;0;0;93m█[38;2;26;26;8m█[38;2;73;73;54m█[38;2;203;203;201m█[38;2;245;245;243m█[38;2;223;223;218m█[38;2;104;104;100m█[38;2;20;22;11m█[38;2;84;86;75m█[38;2;211;211;209m█[38;2;245;245;243m█[38;2;216;216;211m█[38;2;91;91;87m█[38;2;19;20;12m█[38;2;96;97;89m█[38;2;219;218;205m█[38;2;146;145;132m█[38;2;0;0;87m█[38;2;2;1;94m█[38;2;9;8;96m█[38;2;8;6;95m█[38;2;13;15;6m██[38;2;13;13;16m██
██[38;2;13;13;11m██[38;2;11;11;34m██[38;2;2;1;186m█[38;2;0;0;180m█[38;2;0;0;116m█[38;2;0;0;107m█[38;2;2;2;0m█[38;2;28;28;26m█[38;2;8;6;47m█[38;2;0;0;28m█[38;2;0;0;111m█[38;2;0;0;101m█[38;2;4;4;0m█[38;2;28;28;24m█[38;2;2;3;51m█[38;2;0;0;37m█[38;2;0;0;105m█[38;2;0;0;94m█[38;2;1;1;22m█[38;2;0;0;12m█[38;2;0;0;167m█[38;2;4;3;176m█[38;2;11;11;38m██[38;2;13;13;11m██[38;2;13;13;16m██
████[38;2;13;15;6m██[38;2;5;6;102m█[38;2;6;8;103m█[38;2;0;1;202m██[38;2;0;0;195m█[38;2;0;0;189m█[38;2;0;0;194m█[38;2;0;1;200m█[38;2;2;0;198m██[38;2;0;0;192m█[38;2;0;0;187m█[38;2;0;0;197m█[38;2;0;1;202m█[38;2;2;0;196m██[38;2;0;0;215m█[38;2;0;0;218m█[38;2;6;8;111m█[38;2;5;6;110m█[38;2;13;15;6m██[38;2;13;13;16m████
██████[38;2;13;13;9m██[38;2;13;12;24m██[38;2;9;6;103m██[38;2;10;10;72m█[38;2;9;9;70m█[38;2;13;12;22m██[38;2;9;6;105m██[38;2;10;10;67m█[38;2;9;9;66m█[38;2;13;12;27m██[38;2;10;10;75m█[38;2;9;9;74m█[38;2;13;13;13m██[38;2;13;13;16m██████
████████[38;2;13;13;13m██[38;2;13;15;4m██[38;2;13;13;9m██[38;2;13;13;13m██[38;2;13;15;4m██[38;2;13;13;9m██[38;2;13;13;13m██[38;2;13;15;6m██[38;2;13;13;16m████████
████████████████████████████████