[38;2;13;13;16m██████████[38;2;13;13;11m██[38;2;13;13;13m██[38;2;11;10;47m██[38;2;9;11;47m██[38;2;13;13;13m██[38;2;13;13;11m██[38;2;13;13;16m██████████
████████[38;2;13;13;9m██[38;2;11;11;38m██[38;2;2;2;175m██[38;2;0;0;237m████[38;2;2;2;175m██[38;2;11;11;38m██[38;2;13;13;9m██[38;2;13;13;16m████████
██████[38;2;13;13;11m██[38;2;11;12;30m██[38;2;0;1;202m█[38;2;1;2;203m█[38;2;0;0;217m█[38;2;0;0;210m█[38;2;0;0;120m█[38;2;0;0;116m██[38;2;0;0;120m█[38;2;0;0;210m█[38;2;0;0;217m█[38;2;1;2;203m█[38;2;0;1;202m█[38;2;11;12;30m██[38;2;13;13;11m██[38;2;13;13;16m██████
██████[38;2;13;15;6m██[38;2;2;3;152m█[38;2;3;4;153m█[38;2;2;1;189m█[38;2;0;0;176m█[38;2;0;0;6m█[38;2;10;11;28m█[38;2;53;52;39m█[38;2;79;77;65m██[38;2;53;52;39m█[38;2;10;11;28m█[38;2;0;0;6m█[38;2;0;0;176m█[38;2;2;1;189m█[38;2;3;4;155m█[38;2;2;3;154m█[38;2;13;15;6m██[38;2;13;13;16m██████
████[38;2;13;13;9m██[38;2;9;10;58m██[38;2;1;1;208m█[38;2;0;0;203m█[38;2;0;0;13m█[38;2;31;31;56m█[38;2;150;151;140m█[38;2;228;229;218m█[38;2;255;255;255m████[38;2;228;229;218m█[38;2;150;151;140m█[38;2;31;31;54m█[38;2;0;0;11m█[38;2;0;0;203m█[38;2;1;1;208m█[38;2;9;10;58m██[38;2;13;13;9m██[38;2;13;13;16m████
████[38;2;13;15;4m██[38;2;4;3;141m█[38;2;5;4;143m█[38;2;2;2;113m█[38;2;0;0;94m█[38;2;102;101;88m█[38;2;245;244;231m█[38;2;255;255;255m██[38;2;254;254;254m█[38;2;253;253;253m██[38;2;254;254;254m█[38;2;255;255;255m██[38;2;245;244;231m█[38;2;102;101;88m█[38;2;0;0;94m█[38;2;2;2;113m█[38;2;6;5;144m█[38;2;4;3;141m█[38;2;13;15;4m██[38;2;13;13;16m████
██[38;2;13;13;13m██[38;2;13;12;22m██[38;2;2;2;176m█[38;2;0;0;174m█[38;2;0;0;10m█[38;2;116;116;139m█[38;2;255;255;255m█[38;2;255;255;253m█[38;2;253;253;253m████████[38;2;255;255;253m█[38;2;255;255;255m█[38;2;116;116;139m█[38;2;0;0;10m█[38;2;0;0;174m█[38;2;2;2;176m█[38;2;13;12;22m██[38;2;13;13;13m██[38;2;13;13;16m██
██[38;2;13;13;9m██[38;2;9;10;60m██[38;2;4;5;153m█[38;2;0;0;131m█[38;2;73;74;63m█[38;2;255;255;251m█[38;2;255;255;255m█[38;2;253;253;253m██████████[38;2;255;255;255m█[38;2;255;255;251m█[38;2;73;74;63m█[38;2;0;0;131m█[38;2;3;4;152m█[38;2;9;10;60m██[38;2;13;13;9m██[38;2;13;13;16m██
██[38;2;13;15;6m██[38;2;8;6;95m█[38;2;9;8;96m█[38;2;1;2;103m█[38;2;0;0;100m█[38;2;212;214;202m█[38;2;255;255;253m█[38;2;255;255;255m██[38;2;253;253;253m██████████[38;2;255;255;251m█[38;2;212;214;202m█[38;2;0;0;100m█[38;2;1;2;103m█[38;2;9;8;96m█[38;2;8;6;95m█[38;2;13;15;6m██[38;2;13;13;16m██
██[38;2;13;15;4m██[38;2;5;5;117m█[38;2;8;8;119m█[38;2;0;0;54m█[38;2;76;76;140m█[38;2;255;255;255m█[38;2;245;246;238m█[38;2;196;196;196m█[38;2;247;247;247m█[38;2;255;255;255m█[38;2;254;254;254m█[38;2;253;253;253m████████[38;2;253;254;246m█[38;2;255;255;255m█[38;2;76;76;140m█[38;2;0;0;54m█[38;2;6;6;118m█[38;2;5;5;117m█[38;2;13;15;4m██[38;2;13;13;16m██
██[38;2;13;15;6m██[38;2;4;4;127m█[38;2;5;5;129m█[38;2;0;0;27m█[38;2;152;154;194m█[38;2;255;255;255m█[38;2;167;167;162m█[38;2;0;0;0m█[38;2;48;48;48m█[38;2;186;186;186m█[38;2;255;255;255m██[38;2;252;252;252m█[38;2;255;255;255m██████[38;2;255;255;252m█[38;2;255;255;255m█[38;2;152;154;194m█[38;2;0;0;27m█[38;2;5;5;126m█[38;2;4;4;125m█[38;2;13;15;6m██[38;2;13;13;16m██
██[38;2;13;13;9m██[38;2;4;4;127m█[38;2;3;3;126m█[38;2;0;0;24m█[38;2;195;195;224m█[38;2;255;255;255m█[38;2;231;231;226m█[38;2;83;83;83m█[38;2;0;0;0m██[38;2;84;84;84m█[38;2;222;222;222m█[38;2;255;255;255m█[38;2;235;235;235m█[38;2;165;165;165m█[38;2;161;161;161m█[38;2;162;162;162m█[38;2;161;161;161m██[38;2;225;225;221m█[38;2;255;255;255m█[38;2;195;195;224m█[38;2;0;0;24m█[38;2;3;3;126m█[38;2;4;4;127m█[38;2;13;13;9m██[38;2;13;13;16m██
██[38;2;13;13;9m██[38;2;5;5;126m█[38;2;2;2;123m█[38;2;0;0;25m█[38;2;208;208;233m█[38;2;255;255;255m███[38;2;129;129;129m█[38;2;0;0;0m██[38;2;86;86;86m█[38;2;255;255;255m█[38;2;138;138;138m█[38;2;0;0;0m█████[38;2;105;105;103m█[38;2;255;255;255m█[38;2;208;208;233m█[38;2;0;0;25m█[38;2;2;2;123m█[38;2;4;4;125m█[38;2;13;13;9m██[38;2;13;13;16m██
██[38;2;13;13;9m██[38;2;5;5;126m█[38;2;2;2;123m█[38;2;0;0;25m█[38;2;208;208;233m█[38;2;255;255;255m█[38;2;238;238;236m█[38;2;105;105;105m█[38;2;2;2;2m█[38;2;0;0;0m█[38;2;65;65;65m█[38;2;209;209;209m█[38;2;255;255;255m█[38;2;226;226;226m█[38;2;143;143;143m█[38;2;139;139;139m█[38;2;140;140;140m█[38;2;139;139;139m██[38;2;215;215;212m█[38;2;255;255;255m█[38;2;208;208;233m█[38;2;0;0;25m█[38;2;2;2;123m█[38;2;4;4;125m█[38;2;13;13;9m██[38;2;13;13;16m██
██[38;2;13;13;9m██[38;2;5;5;126m█[38;2;2;2;123m█[38;2;0;0;25m█[38;2;208;208;233m█[38;2;255;255;255m█[38;2;165;165;162m█[38;2;0;0;0m█[38;2;32;32;32m█[38;2;166;166;166m█[38;2;255;255;255m██[38;2;252;252;252m█[38;2;255;255;255m████████[38;2;208;208;233m█[38;2;0;0;25m█[38;2;2;2;123m█[38;2;4;4;125m█[38;2;13;13;9m██[38;2;13;13;16m██
██[38;2;13;13;9m██[38;2;5;5;126m█[38;2;2;2;123m█[38;2;0;0;25m█[38;2;208;208;233m█[38;2;255;255;255m█[38;2;240;240;238m█[38;2;176;176;176m█[38;2;238;238;238m█[38;2;255;255;255m█[38;2;254;254;254m█[38;2;253;253;253m████████[38;2;253;253;251m█[38;2;255;255;255m█[38;2;208;208;233m█[38;2;0;0;25m█[38;2;2;2;123m█[38;2;4;4;125m█[38;2;13;13;9m██[38;2;13;13;16m██
██[38;2;13;13;9m██[38;2;5;5;126m█[38;2;2;2;123m█[38;2;0;0;25m█[38;2;208;208;233m█[38;2;255;255;255m█[38;2;255;255;253m█[38;2;255;255;255m██[38;2;253;253;253m██████████[38;2;253;253;251m█[38;2;255;255;255m█[38;2;208;208;233m█[38;2;0;0;25m█[38;2;2;2;123m█[38;2;4;4;125m█[38;2;13;13;9m██[38;2;13;13;16m██
██[38;2;13;13;9m██[38;2;5;5;126m█[38;2;2;2;123m█[38;2;0;0;25m█[38;2;208;208;233m█[38;2;255;255;255m█[38;2;253;253;251m█[38;2;253;253;253m████████████[38;2;253;253;251m█[38;2;255;255;255m█[38;2;208;208;233m█[38;2;0;0;25m█[38;2;2;2;123m█[38;2;4;4;125m█[38;2;13;13;9m██[38;2;13;13;16m██
██[38;2;13;13;9m██[38;2;5;5;126m█[38;2;2;2;123m█[38;2;0;0;25m█[38;2;208;208;233m█[38;2;255;255;255m█[38;2;253;253;251m█[38;2;253;253;253m████████████[38;2;253;253;251m█[38;2;255;255;255m█[38;2;208;208;233m█[38;2;0;0;25m█[38;2;2;2;123m█[38;2;4;4;125m█[38;2;13;13;9m██[38;2;13;13;16m██
██[38;2;13;13;9m██[38;2;5;5;126m█[38;2;2;2;123m█[38;2;0;0;25m█[38;2;208;208;233m█[38;2;255;255;255m█[38;2;253;253;251m█[38;2;253;253;253m████████████[38;2;253;253;251m█[38;2;255;255;255m█[38;2;208;208;233m█[38;2;0;0;25m█[38;2;2;2;123m█[38;2;4;4;125m█[38;2;13;13;9m██[38;2;13;13;16m██
██[38;2;13;13;9m██[38;2;5;5;126m█[38;2;2;2;123m█[38;2;0;0;25m█[38;2;208;208;233m█[38;2;255;255;255m█[38;2;253;253;251m█[38;2;253;253;253m████████████[38;2;253;253;251m█[38;2;255;255;255m█[38;2;208;208;233m█[38;2;0;0;25m█[38;2;2;2;123m█[38;2;4;4;125m█[38;2;13;13;9m██[38;2;13;13;16m██
██[38;2;13;13;9m██[38;2;5;5;126m█[38;2;2;2;123m█[38;2;1;1;26m█[38;2;209;209;235m█[38;2;255;255;255m█[38;2;253;253;251m█[38;2;253;253;253m████████████[38;2;253;253;251m█[38;2;255;255;255m█[38;2;209;209;235m█[38;2;1;1;26m█[38;2;2;2;123m█[38;2;4;4;125m█[38;2;13;13;9m██[38;2;13;13;16m██
██[38;2;13;13;9m██[38;2;5;5;126m█[38;2;3;3;124m█[38;2;0;0;23m█[38;2;202;202;229m█[38;2;255;255;255m█[38;2;253;253;251m█[38;2;253;253;253m██[38;2;254;254;254m██[38;2;253;253;253m████[38;2;254;254;254m██[38;2;253;253;253m██[38;2;253;253;251m█[38;2;255;255;255m█[38;2;204;204;231m█[38;2;0;0;24m█[38;2;3;3;124m█[38;2;4;4;125m█[38;2;13;13;9m██[38;2;13;13;16m██
██[38;2;13;15;6m██[38;2;5;5;120m█[38;2;6;6;122m█[38;2;0;0;31m█[38;2;122;124;166m█[38;2;255;255;255m█[38;2;255;255;252m█[38;2;255;255;255m███[38;2;254;254;254m█[38;2;255;255;255m████[38;2;254;254;254m█[38;2;255;255;255m███[38;2;255;255;252m█[38;2;255;255;255m█[38;2;125;127;167m█[38;2;0;0;28m█[38;2;6;6;122m█[38;2;5;5;120m█[38;2;13;15;6m██[38;2;13;13;16m██
██[38;2;13;15;6m██[38;2;8;6;95m█[38;2;9;8;96m█[38;2;0;2;91m█[38;2;0;0;87m█[38;2;152;153;139m█[38;2;245;246;232m█[38;2;250;250;247m█[38;2;185;185;182m█[38;2;56;58;47m█[38;2;49;51;40m█[38;2;173;173;171m█[38;2;247;247;245m██[38;2;173;173;171m█[38;2;48;49;39m█[38;2;55;56;46m█[38;2;185;185;182m█[38;2;250;250;247m█[38;2;246;247;233m█[38;2;157;158;144m█[38;2;0;0;86m█[38;2;1;0;88m█[38;2;6;9;96m█[38;2;5;8;95m█[38;2;13;15;6m██[38;2;13;13;16m██
██[38;2;13;13;11m██[38;2;11;11;40m██[38;2;3;3;174m█[38;2;0;0;164m█[38;2;0;0;3m█[38;2;27;26;38m█[38;2;34;34;38m█[38;2;0;0;1m█[38;2;0;0;97m█[38;2;0;0;100m█[38;2;0;0;3m█[38;2;32;31;40m██[38;2;0;0;3m█[38;2;0;0;102m█[38;2;0;0;101m█[38;2;0;0;2m█[38;2;34;34;38m█[38;2;28;27;37m█[38;2;0;0;2m█[38;2;0;0;164m█[38;2;3;3;174m█[38;2;11;11;40m██[38;2;13;13;11m██[38;2;13;13;16m██
████[38;2;13;15;6m██[38;2;5;5;118m█[38;2;8;8;120m█[38;2;0;0;200m█[38;2;0;0;193m█[38;2;0;0;179m█[38;2;0;0;186m█[38;2;1;1;208m██[38;2;0;0;189m█[38;2;0;0;181m██[38;2;0;0;189m█[38;2;1;1;208m█[38;2;0;0;207m█[38;2;0;0;186m█[38;2;0;0;179m█[38;2;0;0;193m█[38;2;0;0;200m█[38;2;5;6;122m█[38;2;4;5;120m█[38;2;13;15;6m██[38;2;13;13;16m████
████[38;2;13;13;13m████[38;2;5;8;97m█[38;2;6;9;98m█[38;2;6;8;108m██[38;2;11;12;24m██[38;2;5;8;100m█[38;2;6;9;101m█[38;2;6;8;103m██[38;2;13;12;24m██[38;2;5;6;107m█[38;2;6;8;108m█[38;2;6;9;101m█[38;2;5;8;100m█[38;2;13;13;13m████[38;2;13;13;16m████
████████[38;2;13;15;6m████[38;2;13;13;13m██[38;2;13;15;6m████[38;2;13;13;13m██[38;2;13;15;6m████[38;2;13;13;16m████████
████████████████████████████████
████████████████████████████████
████████████████████████████████