[38;2;13;13;16m██████████[38;2;13;15;6m██[38;2;11;11;32m██[38;2;8;6;95m█[38;2;9;8;96m██[38;2;8;6;95m█[38;2;11;11;32m██[38;2;13;15;6m██[38;2;13;13;16m██████████
████████[38;2;13;15;6m██[38;2;9;9;74m█[38;2;10;10;75m█[38;2;0;0;209m█[38;2;0;0;208m█[38;2;0;0;194m█[38;2;0;0;190m██[38;2;0;0;194m█[38;2;0;0;208m█[38;2;0;0;209m█[38;2;10;10;75m█[38;2;9;9;74m█[38;2;13;15;6m██[38;2;13;13;16m████████
██████[38;2;13;13;9m██[38;2;9;10;55m██[38;2;0;1;202m█[38;2;0;0;197m█[38;2;0;0;65m█[38;2;0;0;61m█[38;2;6;6;4m█[38;2;22;22;19m██[38;2;6;6;4m█[38;2;0;0;59m█[38;2;0;0;62m█[38;2;0;0;197m█[38;2;1;2;203m█[38;2;9;10;55m██[38;2;13;13;9m██[38;2;13;13;16m██████
██████[38;2;13;13;13m██[38;2;3;3;171m██[38;2;0;0;60m█[38;2;0;0;61m█[38;2;80;79;63m█[38;2;171;169;154m█[38;2;218;218;216m█[38;2;237;237;235m██[38;2;218;218;216m█[38;2;171;169;154m█[38;2;80;79;63m█[38;2;0;0;61m█[38;2;0;0;60m█[38;2;3;3;171m██[38;2;13;13;13m██[38;2;13;13;16m██████
████[38;2;13;15;6m██[38;2;8;8;81m█[38;2;9;9;82m█[38;2;4;3;140m█[38;2;0;0;118m█[38;2;41;42;31m█[38;2;195;196;185m█[38;2;255;255;255m████████[38;2;195;196;185m█[38;2;41;42;31m█[38;2;0;0;119m█[38;2;4;3;141m█[38;2;9;9;82m█[38;2;8;8;81m█[38;2;13;15;6m██[38;2;13;13;16m████
████[38;2;13;13;9m██[38;2;4;3;141m█[38;2;5;4;143m█[38;2;0;0;33m█[38;2;58;59;104m█[38;2;242;243;235m█[38;2;255;255;255m█[38;2;253;253;253m████████[38;2;255;255;255m█[38;2;242;243;235m█[38;2;58;59;104m█[38;2;0;0;33m█[38;2;5;4;143m█[38;2;4;3;141m█[38;2;13;13;9m██[38;2;13;13;16m████
██[38;2;13;13;13m██[38;2;11;11;32m██[38;2;6;5;148m█[38;2;0;0;132m█[38;2;34;34;32m█[38;2;238;238;236m█[38;2;255;255;255m█[38;2;253;253;253m██████████[38;2;255;255;255m█[38;2;238;238;236m█[38;2;34;34;32m█[38;2;0;0;132m█[38;2;6;5;148m█[38;2;11;11;32m██[38;2;13;13;13m██[38;2;13;13;16m██
██[38;2;13;13;9m██[38;2;9;9;68m█[38;2;10;10;69m█[38;2;4;4;113m█[38;2;0;0;95m█[38;2;180;181;169m█[38;2;255;255;255m█[38;2;254;254;254m█[38;2;253;253;253m███████████[38;2;255;255;255m█[38;2;180;181;169m█[38;2;0;0;95m█[38;2;4;4;113m█[38;2;10;10;69m█[38;2;9;9;68m█[38;2;13;13;9m██[38;2;13;13;16m██
██[38;2;13;15;6m██[38;2;8;6;97m█[38;2;9;8;98m█[38;2;0;0;66m█[38;2;51;51;124m█[38;2;255;255;249m█[38;2;255;255;247m█[38;2;249;249;249m█[38;2;255;255;255m██[38;2;253;253;253m█████████[38;2;254;255;245m█[38;2;255;255;249m█[38;2;51;51;124m█[38;2;0;0;66m█[38;2;9;8;98m█[38;2;8;6;97m█[38;2;13;15;6m██[38;2;13;13;16m██
██[38;2;13;15;6m██[38;2;5;5;115m█[38;2;6;6;116m█[38;2;0;0;32m█[38;2;133;134;180m█[38;2;255;255;255m█[38;2;186;187;179m█[38;2;24;24;24m█[38;2;125;125;125m█[38;2;245;245;245m█[38;2;255;255;255m█[38;2;254;254;254m█[38;2;253;253;253m██[38;2;255;255;255m█████[38;2;253;254;246m█[38;2;255;255;255m█[38;2;134;136;181m█[38;2;0;0;32m█[38;2;6;6;116m█[38;2;5;5;115m█[38;2;13;15;6m██[38;2;13;13;16m██
██[38;2;13;13;9m██[38;2;5;5;123m██[38;2;0;0;24m█[38;2;188;187;219m█[38;2;255;255;255m█[38;2;197;197;193m█[38;2;11;11;11m█[38;2;0;0;0m█[38;2;37;37;37m█[38;2;174;174;174m█[38;2;255;255;255m█[38;2;254;254;254m█[38;2;255;255;255m█[38;2;239;239;239m█[38;2;237;237;237m███[38;2;238;238;238m█[38;2;254;254;250m█[38;2;255;255;255m█[38;2;187;186;218m█[38;2;0;0;24m█[38;2;4;5;123m██[38;2;13;13;9m██[38;2;13;13;16m██
██[38;2;13;13;9m██[38;2;4;4;125m█[38;2;2;2;123m█[38;2;0;0;26m█[38;2;207;207;233m█[38;2;255;255;255m██[38;2;239;239;239m█[38;2;101;101;101m█[38;2;0;0;0m██[38;2;117;117;117m█[38;2;255;255;255m█[38;2;164;164;164m█[38;2;9;9;9m█[38;2;13;13;13m█[38;2;15;15;15m██[38;2;5;5;5m█[38;2;137;137;134m█[38;2;255;255;255m█[38;2;207;207;233m█[38;2;0;0;26m█[38;2;2;2;123m█[38;2;4;4;125m█[38;2;13;13;9m██[38;2;13;13;16m██
██[38;2;13;13;9m██[38;2;4;4;125m█[38;2;2;2;123m█[38;2;0;0;25m█[38;2;208;208;233m█[38;2;255;255;255m██[38;2;210;210;210m█[38;2;74;74;74m█[38;2;0;0;0m██[38;2;141;141;141m█[38;2;255;255;255m█[38;2;181;181;181m█[38;2;40;40;40m█[38;2;44;44;44m███[38;2;38;38;38m█[38;2;158;158;155m█[38;2;255;255;255m█[38;2;208;208;233m█[38;2;0;0;25m█[38;2;2;2;123m█[38;2;5;5;126m█[38;2;13;13;9m██[38;2;13;13;16m██
██[38;2;13;13;9m██[38;2;4;4;125m█[38;2;2;2;123m█[38;2;0;0;25m█[38;2;208;208;233m█[38;2;255;255;255m█[38;2;182;182;180m█[38;2;0;0;0m██[38;2;67;67;67m█[38;2;204;204;204m█[38;2;255;255;255m█[38;2;253;253;253m█[38;2;255;255;255m██[38;2;253;253;253m███[38;2;254;254;254m█[38;2;255;255;255m██[38;2;208;208;233m█[38;2;0;0;25m█[38;2;2;2;123m█[38;2;4;4;125m█[38;2;13;13;9m██[38;2;13;13;16m██
██[38;2;13;13;9m██[38;2;4;4;125m█[38;2;2;2;123m█[38;2;0;0;25m█[38;2;208;208;233m█[38;2;255;255;255m█[38;2;200;200;197m█[38;2;58;58;58m█[38;2;160;160;160m█[38;2;255;255;255m██[38;2;253;253;253m███[38;2;254;254;254m█████[38;2;253;253;251m█[38;2;255;255;255m█[38;2;208;208;233m█[38;2;0;0;25m█[38;2;2;2;123m█[38;2;4;4;125m█[38;2;13;13;9m██[38;2;13;13;16m██
██[38;2;13;13;9m██[38;2;4;4;125m█[38;2;2;2;123m█[38;2;0;0;25m█[38;2;208;208;233m█[38;2;255;255;255m████[38;2;254;254;254m█[38;2;253;253;253m█████████[38;2;253;253;251m█[38;2;255;255;255m█[38;2;208;208;233m█[38;2;0;0;25m█[38;2;2;2;123m█[38;2;4;4;125m█[38;2;13;13;9m██[38;2;13;13;16m██
██[38;2;13;13;9m██[38;2;4;4;125m█[38;2;2;2;123m█[38;2;0;0;25m█[38;2;208;208;233m█[38;2;255;255;255m█[38;2;253;253;251m█[38;2;254;254;254m█[38;2;253;253;253m███████████[38;2;253;253;251m█[38;2;255;255;255m█[38;2;208;208;233m█[38;2;0;0;25m█[38;2;2;2;123m█[38;2;4;4;125m█[38;2;13;13;9m██[38;2;13;13;16m██
██[38;2;13;13;9m██[38;2;4;4;125m█[38;2;2;2;123m█[38;2;0;0;25m█[38;2;208;208;233m█[38;2;255;255;255m█[38;2;253;253;251m█[38;2;253;253;253m████████████[38;2;253;253;251m█[38;2;255;255;255m█[38;2;208;208;233m█[38;2;0;0;25m█[38;2;2;2;123m█[38;2;4;4;125m█[38;2;13;13;9m██[38;2;13;13;16m██
██[38;2;13;13;9m██[38;2;4;4;125m█[38;2;2;2;123m█[38;2;0;0;25m█[38;2;208;208;233m█[38;2;255;255;255m█[38;2;253;253;251m█[38;2;253;253;253m████████████[38;2;253;253;251m█[38;2;255;255;255m█[38;2;208;208;233m█[38;2;0;0;25m█[38;2;2;2;123m█[38;2;4;4;125m█[38;2;13;13;9m██[38;2;13;13;16m██
██[38;2;13;13;9m██[38;2;4;4;125m█[38;2;2;2;123m█[38;2;0;0;25m█[38;2;208;208;233m█[38;2;255;255;255m█[38;2;253;253;251m█[38;2;253;253;253m████████████[38;2;253;253;251m█[38;2;255;255;255m█[38;2;208;208;233m█[38;2;0;0;25m█[38;2;2;2;123m█[38;2;4;4;125m█[38;2;13;13;9m██[38;2;13;13;16m██
██[38;2;13;13;9m██[38;2;4;4;125m█[38;2;2;2;123m█[38;2;0;0;25m█[38;2;208;208;233m█[38;2;255;255;255m█[38;2;253;253;251m█[38;2;253;253;253m████████████[38;2;253;253;251m█[38;2;255;255;255m█[38;2;208;208;233m█[38;2;0;0;25m█[38;2;2;2;123m█[38;2;4;4;125m█[38;2;13;13;9m██[38;2;13;13;16m██
██[38;2;13;13;9m██[38;2;5;4;125m█[38;2;3;2;123m█[38;2;0;0;25m█[38;2;208;208;233m█[38;2;255;255;255m█[38;2;253;253;251m█[38;2;253;253;253m████████████[38;2;253;253;251m█[38;2;255;255;255m█[38;2;208;208;233m█[38;2;0;0;25m█[38;2;2;2;123m█[38;2;4;4;125m█[38;2;13;13;9m██[38;2;13;13;16m██
██[38;2;13;13;9m██[38;2;5;5;126m█[38;2;2;2;123m█[38;2;0;0;25m█[38;2;209;209;235m█[38;2;255;255;255m█[38;2;253;253;251m█[38;2;253;253;253m████████████[38;2;253;253;251m█[38;2;255;255;255m█[38;2;209;209;235m█[38;2;1;1;26m█[38;2;2;2;123m█[38;2;5;5;126m█[38;2;13;13;9m██[38;2;13;13;16m██
██[38;2;13;13;9m██[38;2;4;4;129m██[38;2;0;0;20m█[38;2;183;183;212m█[38;2;255;255;255m█[38;2;253;253;249m█[38;2;253;253;253m█[38;2;254;254;254m█[38;2;255;255;255m██[38;2;254;254;254m█[38;2;253;253;253m██[38;2;254;254;254m█[38;2;255;255;255m██[38;2;254;254;254m█[38;2;253;253;253m█[38;2;253;253;249m█[38;2;255;255;255m█[38;2;186;186;215m█[38;2;0;0;20m█[38;2;4;4;129m██[38;2;13;13;9m██[38;2;13;13;16m██
██[38;2;13;15;6m██[38;2;4;4;131m█[38;2;6;6;133m█[38;2;0;0;48m█[38;2;61;61;118m█[38;2;253;254;246m█[38;2;255;255;255m███[38;2;195;195;193m█[38;2;189;189;187m█[38;2;255;255;255m████[38;2;189;189;187m█[38;2;194;194;192m█[38;2;255;255;255m███[38;2;255;255;249m█[38;2;65;65;122m█[38;2;0;0;47m█[38;2;5;5;134m█[38;2;4;4;133m█[38;2;13;15;6m██[38;2;13;13;16m██
██[38;2;13;15;4m██[38;2;5;6;107m█[38;2;6;8;108m█[38;2;4;3;136m█[38;2;0;0;115m█[38;2;59;59;40m█[38;2;164;164;145m█[38;2;173;174;166m█[38;2;87;88;80m█[38;2;0;0;3m█[38;2;0;0;1m█[38;2;75;76;68m█[38;2;169;171;162m██[38;2;75;76;68m█[38;2;0;0;1m█[38;2;0;0;3m█[38;2;87;88;80m█[38;2;174;175;167m█[38;2;166;166;147m█[38;2;61;61;42m█[38;2;0;0;112m█[38;2;4;4;133m█[38;2;6;8;109m█[38;2;5;6;108m█[38;2;13;15;4m██[38;2;13;13;16m██
██[38;2;13;13;11m██[38;2;11;10;47m██[38;2;0;0;215m█[38;2;0;0;214m█[38;2;0;0;67m█[38;2;0;0;60m█[38;2;0;0;48m█[38;2;0;0;51m█[38;2;0;0;188m█[38;2;0;0;189m█[38;2;0;0;58m█[38;2;0;0;54m██[38;2;0;0;58m█[38;2;0;0;189m█[38;2;0;0;188m█[38;2;0;0;51m█[38;2;0;0;48m█[38;2;0;0;58m█[38;2;0;0;65m█[38;2;0;0;214m█[38;2;0;0;215m█[38;2;11;10;49m██[38;2;13;13;11m██[38;2;13;13;16m██
████[38;2;13;15;6m██[38;2;2;4;144m█[38;2;3;5;145m█[38;2;0;0;247m█[38;2;0;0;246m█[38;2;0;0;238m█[38;2;0;0;239m█[38;2;0;0;228m██[38;2;0;0;239m█[38;2;0;0;238m██[38;2;0;0;239m█[38;2;0;0;228m██[38;2;0;0;239m█[38;2;0;0;238m█[38;2;0;0;246m█[38;2;0;0;247m█[38;2;5;4;147m█[38;2;4;3;146m█[38;2;13;15;6m██[38;2;13;13;16m████
████[38;2;13;13;13m██[38;2;13;12;24m██[38;2;4;3;136m█[38;2;5;4;137m█[38;2;5;4;143m██[38;2;11;10;49m██[38;2;5;4;139m████[38;2;11;10;49m██[38;2;5;4;145m██[38;2;5;4;137m██[38;2;13;12;24m██[38;2;13;13;13m██[38;2;13;13;16m████
██████[38;2;13;13;13m██[38;2;13;15;6m████[38;2;13;13;9m██[38;2;13;15;6m████[38;2;13;13;9m██[38;2;13;15;6m████[38;2;13;13;13m██[38;2;13;13;16m██████
████████████████████████████████
████████████████████████████████