[38;2;13;13;16m██████████[38;2;13;13;9m██[38;2;13;12;22m██[38;2;9;9;70m█[38;2;10;10;72m██[38;2;9;9;70m█[38;2;13;12;22m██[38;2;13;13;9m██[38;2;13;13;16m██████████
████████[38;2;13;15;6m██[38;2;9;10;55m█[38;2;10;11;56m█[38;2;2;0;196m██[38;2;0;0;208m█[38;2;0;0;205m██[38;2;0;0;208m█[38;2;0;1;196m██[38;2;10;11;56m█[38;2;9;10;55m█[38;2;13;15;6m██[38;2;13;13;16m████████
██████[38;2;13;13;9m██[38;2;11;10;42m██[38;2;1;2;201m█[38;2;0;0;197m█[38;2;0;0;91m█[38;2;0;0;83m█[38;2;0;0;8m█[38;2;6;5;17m█[38;2;6;5;15m█[38;2;0;0;5m█[38;2;0;0;83m█[38;2;0;0;91m█[38;2;0;0;197m█[38;2;1;2;201m█[38;2;11;10;42m██[38;2;13;13;9m██[38;2;13;13;16m██████
██████[38;2;13;13;11m██[38;2;3;3;162m██[38;2;0;0;82m█[38;2;0;0;73m█[38;2;54;53;38m█[38;2;141;140;125m█[38;2;196;196;194m█[38;2;218;218;216m██[38;2;196;196;194m█[38;2;141;140;125m█[38;2;54;53;38m█[38;2;0;0;73m█[38;2;0;0;82m█[38;2;4;4;164m█[38;2;3;3;162m█[38;2;13;13;11m██[38;2;13;13;16m██████
████[38;2;13;13;9m██[38;2;9;9;70m█[38;2;10;10;72m█[38;2;5;3;152m█[38;2;0;0;131m█[38;2;24;25;15m█[38;2;171;172;161m█[38;2;255;255;255m████████[38;2;171;172;161m█[38;2;24;25;15m█[38;2;0;0;131m█[38;2;3;4;152m█[38;2;10;10;72m█[38;2;9;9;70m█[38;2;13;13;9m██[38;2;13;13;16m████
████[38;2;13;15;6m██[38;2;4;3;138m█[38;2;6;5;140m█[38;2;0;0;41m█[38;2;38;39;90m█[38;2;225;226;218m█[38;2;255;255;255m█[38;2;254;254;254m█[38;2;253;253;253m██████[38;2;254;254;254m█[38;2;255;255;255m█[38;2;226;228;219m█[38;2;38;39;90m█[38;2;0;0;41m█[38;2;6;5;140m█[38;2;4;3;138m█[38;2;13;15;6m██[38;2;13;13;16m████
██[38;2;13;13;13m██[38;2;11;12;30m██[38;2;5;3;150m█[38;2;0;0;137m█[38;2;22;22;24m█[38;2;224;224;226m█[38;2;255;255;255m█[38;2;253;253;253m██████████[38;2;255;255;255m█[38;2;224;224;226m█[38;2;22;22;24m█[38;2;0;0;137m█[38;2;6;4;151m█[38;2;11;12;27m██[38;2;13;13;13m██[38;2;13;13;16m██
██[38;2;13;13;9m██[38;2;9;10;63m█[38;2;10;11;65m█[38;2;4;4;117m█[38;2;0;0;96m█[38;2;165;166;154m█[38;2;255;255;255m█[38;2;254;254;254m█[38;2;253;253;253m███████████[38;2;255;255;255m█[38;2;165;166;154m█[38;2;0;0;96m█[38;2;4;4;117m█[38;2;10;11;65m█[38;2;9;10;63m█[38;2;13;13;9m██[38;2;13;13;16m██
██[38;2;13;15;6m██[38;2;8;6;95m█[38;2;9;8;96m█[38;2;0;0;72m█[38;2;40;40;117m█[38;2;253;254;244m█[38;2;255;255;250m█[38;2;255;255;255m███[38;2;253;253;253m█████████[38;2;255;255;246m█[38;2;253;254;244m█[38;2;40;40;117m█[38;2;0;0;72m█[38;2;9;8;96m█[38;2;8;6;95m█[38;2;13;15;6m██[38;2;13;13;16m██
██[38;2;13;15;6m██[38;2;5;5;112m█[38;2;6;6;113m█[38;2;0;0;34m█[38;2;125;126;174m█[38;2;255;255;255m█[38;2;194;195;187m█[38;2;42;42;42m█[38;2;141;141;141m█[38;2;250;250;250m█[38;2;255;255;255m█[38;2;254;254;254m█[38;2;253;253;253m██[38;2;255;255;255m█████[38;2;253;254;246m█[38;2;255;255;255m█[38;2;125;126;174m█[38;2;0;0;34m█[38;2;6;6;113m█[38;2;5;5;112m█[38;2;13;15;6m██[38;2;13;13;16m██
██[38;2;13;15;6m██[38;2;5;5;120m██[38;2;0;0;25m█[38;2;183;182;217m█[38;2;255;255;255m█[38;2;190;190;186m█[38;2;0;0;0m██[38;2;46;46;46m█[38;2;181;181;181m█[38;2;255;255;255m█[38;2;254;254;254m█[38;2;255;255;255m█[38;2;242;242;242m█[38;2;239;239;239m███[38;2;240;240;240m█[38;2;255;255;251m█[38;2;255;255;255m█[38;2;183;182;217m█[38;2;0;0;25m█[38;2;5;5;123m██[38;2;13;15;6m██[38;2;13;13;16m██
██[38;2;13;13;9m██[38;2;5;4;125m█[38;2;3;2;123m█[38;2;0;0;25m█[38;2;205;205;232m█[38;2;255;255;255m██[38;2;230;230;230m█[38;2;88;88;88m█[38;2;0;0;0m██[38;2;122;122;122m█[38;2;255;255;255m█[38;2;165;165;165m█[38;2;11;11;11m█[38;2;17;17;17m███[38;2;9;9;9m█[38;2;139;139;137m█[38;2;255;255;255m█[38;2;205;205;232m█[38;2;0;0;25m█[38;2;2;2;123m█[38;2;5;5;126m█[38;2;13;13;9m██[38;2;13;13;16m██
██[38;2;13;13;9m██[38;2;4;4;125m█[38;2;2;2;123m█[38;2;0;0;25m█[38;2;208;208;233m█[38;2;255;255;255m██[38;2;205;205;205m█[38;2;68;68;68m█[38;2;0;0;0m██[38;2;140;140;140m█[38;2;255;255;255m█[38;2;179;179;179m█[38;2;37;37;37m█[38;2;40;40;40m█[38;2;41;41;41m█[38;2;40;40;40m█[38;2;34;34;34m█[38;2;154;154;152m█[38;2;255;255;255m█[38;2;208;208;233m█[38;2;0;0;25m█[38;2;2;2;123m█[38;2;4;4;125m█[38;2;13;13;9m██[38;2;13;13;16m██
██[38;2;13;13;9m██[38;2;4;4;125m█[38;2;2;2;123m█[38;2;0;0;25m█[38;2;208;208;233m█[38;2;255;255;255m█[38;2;181;181;179m█[38;2;0;0;0m██[38;2;70;70;70m█[38;2;205;205;205m█[38;2;255;255;255m█[38;2;253;253;253m█[38;2;255;255;255m█[38;2;254;254;254m█[38;2;252;252;252m███[38;2;253;253;253m█[38;2;255;255;255m██[38;2;208;208;233m█[38;2;0;0;25m█[38;2;2;2;123m█[38;2;4;4;125m█[38;2;13;13;9m██[38;2;13;13;16m██
██[38;2;13;13;9m██[38;2;4;4;125m█[38;2;2;2;123m█[38;2;0;0;25m█[38;2;208;208;233m█[38;2;255;255;255m█[38;2;205;205;203m█[38;2;70;70;70m█[38;2;168;168;168m█[38;2;255;255;255m██[38;2;253;253;253m███[38;2;254;254;254m█████[38;2;253;253;251m█[38;2;255;255;255m█[38;2;208;208;233m█[38;2;0;0;25m█[38;2;2;2;123m█[38;2;4;4;125m█[38;2;13;13;9m██[38;2;13;13;16m██
██[38;2;13;13;9m██[38;2;4;4;125m█[38;2;2;2;123m█[38;2;0;0;25m█[38;2;208;208;233m█[38;2;255;255;255m████[38;2;254;254;254m█[38;2;253;253;253m█████████[38;2;253;253;251m█[38;2;255;255;255m█[38;2;208;208;233m█[38;2;0;0;25m█[38;2;2;2;123m█[38;2;4;4;125m█[38;2;13;13;9m██[38;2;13;13;16m██
██[38;2;13;13;9m██[38;2;4;4;125m█[38;2;2;2;123m█[38;2;0;0;25m█[38;2;208;208;233m█[38;2;255;255;255m█[38;2;253;253;251m█[38;2;253;253;253m████████████[38;2;253;253;251m█[38;2;255;255;255m█[38;2;208;208;233m█[38;2;0;0;25m█[38;2;2;2;123m█[38;2;4;4;125m█[38;2;13;13;9m██[38;2;13;13;16m██
██[38;2;13;13;9m██[38;2;4;4;125m█[38;2;2;2;123m█[38;2;0;0;25m█[38;2;208;208;233m█[38;2;255;255;255m█[38;2;253;253;251m█[38;2;253;253;253m████████████[38;2;253;253;251m█[38;2;255;255;255m█[38;2;208;208;233m█[38;2;0;0;25m█[38;2;2;2;123m█[38;2;4;4;125m█[38;2;13;13;9m██[38;2;13;13;16m██
██[38;2;13;13;9m██[38;2;4;4;125m█[38;2;2;2;123m█[38;2;0;0;25m█[38;2;208;208;233m█[38;2;255;255;255m█[38;2;253;253;251m█[38;2;253;253;253m████████████[38;2;253;253;251m█[38;2;255;255;255m█[38;2;208;208;233m█[38;2;0;0;25m█[38;2;2;2;123m█[38;2;4;4;125m█[38;2;13;13;9m██[38;2;13;13;16m██
██[38;2;13;13;9m██[38;2;4;4;125m█[38;2;2;2;123m█[38;2;0;0;25m█[38;2;208;208;233m█[38;2;255;255;255m█[38;2;253;253;251m█[38;2;253;253;253m████████████[38;2;253;253;251m█[38;2;255;255;255m█[38;2;208;208;233m█[38;2;0;0;25m█[38;2;2;2;123m█[38;2;4;4;125m█[38;2;13;13;9m██[38;2;13;13;16m██
██[38;2;13;13;9m██[38;2;5;4;125m█[38;2;3;2;123m█[38;2;0;0;25m█[38;2;208;208;233m█[38;2;255;255;255m█[38;2;253;253;251m█[38;2;253;253;253m████████████[38;2;253;253;251m█[38;2;255;255;255m█[38;2;208;208;233m█[38;2;0;0;25m█[38;2;2;2;123m█[38;2;4;4;125m█[38;2;13;13;9m██[38;2;13;13;16m██
██[38;2;13;13;9m██[38;2;5;4;125m█[38;2;3;2;123m█[38;2;0;0;25m█[38;2;208;208;233m█[38;2;255;255;255m█[38;2;253;253;251m█[38;2;253;253;253m████████████[38;2;253;253;251m█[38;2;255;255;255m█[38;2;208;208;233m█[38;2;0;0;25m█[38;2;2;2;123m█[38;2;4;4;125m█[38;2;13;13;9m██[38;2;13;13;16m██
██[38;2;13;13;9m██[38;2;5;4;125m█[38;2;3;2;123m█[38;2;1;1;26m█[38;2;208;208;233m█[38;2;255;255;255m█[38;2;253;253;251m█[38;2;253;253;253m████████████[38;2;253;253;251m█[38;2;255;255;255m█[38;2;208;208;233m█[38;2;1;1;26m█[38;2;2;2;123m█[38;2;4;4;125m█[38;2;13;13;9m██[38;2;13;13;16m██
██[38;2;13;13;9m██[38;2;4;4;127m█[38;2;3;3;126m█[38;2;0;0;24m█[38;2;204;204;231m█[38;2;255;255;255m█[38;2;253;253;251m█[38;2;253;253;253m███[38;2;254;254;254m█[38;2;253;253;253m████[38;2;254;254;254m█[38;2;253;253;253m███[38;2;253;253;251m█[38;2;255;255;255m█[38;2;205;205;231m█[38;2;0;0;23m█[38;2;2;2;125m█[38;2;4;4;127m█[38;2;13;13;9m██[38;2;13;13;16m██
██[38;2;13;15;6m██[38;2;4;4;131m█[38;2;5;5;132m█[38;2;0;0;28m█[38;2;136;134;175m█[38;2;255;255;255m█[38;2;255;255;251m█[38;2;254;254;254m█[38;2;255;255;255m████[38;2;254;254;254m██[38;2;255;255;255m████[38;2;254;254;254m█[38;2;254;254;250m█[38;2;255;255;255m█[38;2;138;137;176m█[38;2;0;0;27m█[38;2;5;5;132m█[38;2;4;4;131m█[38;2;13;15;6m██[38;2;13;13;16m██
██[38;2;13;15;4m██[38;2;5;5;120m█[38;2;6;6;122m█[38;2;0;0;86m█[38;2;3;2;89m█[38;2;172;173;161m█[38;2;255;255;245m█[38;2;255;255;255m█[38;2;203;203;203m█[38;2;76;77;67m█[38;2;68;69;59m█[38;2;192;192;189m█[38;2;255;255;254m██[38;2;192;192;189m█[38;2;67;68;58m█[38;2;74;75;65m█[38;2;203;203;203m█[38;2;255;255;255m█[38;2;255;255;245m█[38;2;176;178;166m█[38;2;5;4;89m█[38;2;0;0;83m█[38;2;8;8;125m█[38;2;5;5;123m█[38;2;13;15;4m██[38;2;13;13;16m██
██[38;2;13;15;6m██[38;2;9;9;74m██[38;2;3;2;185m█[38;2;0;0;172m█[38;2;0;0;0m█[38;2;44;44;44m█[38;2;51;51;48m█[38;2;4;4;2m█[38;2;0;0;73m█[38;2;0;0;74m█[38;2;1;1;3m█[38;2;48;48;51m██[38;2;1;1;3m█[38;2;0;0;74m██[38;2;4;4;2m█[38;2;52;52;49m█[38;2;45;45;42m█[38;2;0;0;0m█[38;2;0;0;169m█[38;2;3;3;182m█[38;2;10;10;77m█[38;2;9;9;76m█[38;2;13;15;6m██[38;2;13;13;16m██
██[38;2;13;13;13m██[38;2;13;13;17m██[38;2;2;0;194m█[38;2;3;1;195m█[38;2;0;0;182m█[38;2;0;0;173m█[38;2;0;0;157m█[38;2;0;0;166m█[38;2;0;0;245m██[38;2;0;0;171m█[38;2;0;0;161m██[38;2;0;0;171m█[38;2;0;0;245m██[38;2;0;0;166m█[38;2;0;0;157m█[38;2;0;0;173m█[38;2;0;0;182m█[38;2;1;2;197m█[38;2;0;1;196m█[38;2;13;13;19m██[38;2;13;13;13m██[38;2;13;13;16m██
████[38;2;13;13;9m██[38;2;9;10;61m█[38;2;10;11;62m█[38;2;0;0;217m█[38;2;1;0;218m█[38;2;1;0;221m█[38;2;0;0;219m█[38;2;6;5;129m██[38;2;0;0;215m█[38;2;1;1;216m██[38;2;0;0;215m█[38;2;5;5;129m██[38;2;0;0;219m█[38;2;1;0;221m█[38;2;1;0;218m█[38;2;0;0;217m█[38;2;9;10;63m██[38;2;13;15;6m██[38;2;13;13;16m████
██████[38;2;13;13;9m██[38;2;11;11;32m██[38;2;11;11;37m██[38;2;13;15;4m██[38;2;11;11;34m████[38;2;13;15;4m██[38;2;11;11;37m██[38;2;11;11;32m██[38;2;13;13;9m██[38;2;13;13;16m██████
████████[38;2;13;13;11m████[38;2;13;13;16m██[38;2;13;13;11m████[38;2;13;13;16m██[38;2;13;13;11m████[38;2;13;13;16m████████
████████████████████████████████