[38;2;13;13;16m██████████████[38;2;13;13;13m████[38;2;13;13;16m██████████████
██████████[38;2;13;13;13m██[38;2;13;15;6m██[38;2;13;12;26m████[38;2;13;15;6m██[38;2;13;13;11m██[38;2;13;13;16m██████████
████████[38;2;13;13;11m██[38;2;13;13;19m██[38;2;5;4;139m██[38;2;0;0;210m██[38;2;0;0;212m██[38;2;6;4;151m█[38;2;5;3;150m█[38;2;11;12;26m██[38;2;13;13;11m██[38;2;13;13;16m████████
██████[38;2;13;13;13m██[38;2;13;13;16m██[38;2;3;3;171m█[38;2;4;4;172m█[38;2;0;0;171m█[38;2;0;0;159m█[38;2;0;0;51m█[38;2;0;0;49m█[38;2;0;0;45m██[38;2;0;0;144m█[38;2;0;0;155m█[38;2;2;1;183m██[38;2;13;12;24m██[38;2;13;13;13m██[38;2;13;13;16m██████
██████[38;2;13;15;4m██[38;2;5;5;120m█[38;2;8;8;123m█[38;2;0;1;148m█[38;2;0;0;130m█[38;2;2;3;0m█[38;2;61;62;54m█[38;2;120;122;110m█[38;2;153;154;143m█[38;2;157;158;147m█[38;2;131;132;122m█[38;2;76;77;66m█[38;2;13;15;3m█[38;2;0;0;108m█[38;2;0;0;125m█[38;2;6;5;144m█[38;2;4;3;141m█[38;2;13;15;6m██[38;2;13;13;16m██████
████[38;2;13;13;11m██[38;2;11;11;38m██[38;2;4;3;176m█[38;2;0;0;167m█[38;2;0;0;0m█[38;2;81;80;89m█[38;2;208;208;203m█[38;2;255;255;254m█[38;2;255;255;255m█████[38;2;228;228;225m█[38;2;118;118;113m█[38;2;2;2;0m█[38;2;0;0;151m█[38;2;4;4;167m█[38;2;10;11;61m█[38;2;9;10;60m█[38;2;13;13;9m██[38;2;13;13;16m████
████[38;2;13;15;4m██[38;2;5;5;112m█[38;2;8;8;115m█[38;2;1;0;93m█[38;2;0;0;82m█[38;2;146;147;136m█[38;2;255;255;252m█[38;2;255;255;255m█[38;2;254;254;254m█[38;2;253;253;253m█████[38;2;255;255;255m██[38;2;195;196;186m█[38;2;17;17;81m█[38;2;0;0;56m█[38;2;6;5;138m█[38;2;4;3;136m█[38;2;13;15;6m██[38;2;13;13;16m████
██████[38;2;5;3;150m█[38;2;2;0;146m█[38;2;0;0;10m█[38;2;145;145;166m█[38;2;255;255;255m█[38;2;254;254;252m█[38;2;253;253;253m█████████[38;2;255;255;255m█[38;2;207;207;209m█[38;2;12;12;15m█[38;2;0;0;141m█[38;2;6;4;153m█[38;2;13;12;27m██[38;2;13;13;13m██[38;2;13;13;16m██
██[38;2;13;13;11m██[38;2;11;10;42m██[38;2;5;4;137m█[38;2;0;0;115m█[38;2;84;86;77m█[38;2;255;255;255m█[38;2;254;254;254m█[38;2;253;253;253m███████████[38;2;255;255;255m█[38;2;158;159;147m█[38;2;0;0;96m█[38;2;4;4;117m█[38;2;10;10;67m█[38;2;9;9;66m█[38;2;13;13;9m██[38;2;13;13;16m██
██[38;2;13;13;9m██[38;2;9;9;74m█[38;2;10;10;75m█[38;2;1;2;102m█[38;2;0;0;97m█[38;2;212;214;202m█[38;2;255;255;254m█[38;2;255;255;255m██[38;2;253;253;253m██████████[38;2;255;255;246m██[38;2;46;46;119m█[38;2;0;0;66m█[38;2;9;8;101m█[38;2;8;6;100m█[38;2;13;15;6m██[38;2;13;13;16m██
██[38;2;13;15;6m██[38;2;8;6;97m█[38;2;9;8;98m█[38;2;0;0;60m█[38;2;63;65;132m█[38;2;255;255;255m█[38;2;219;221;210m█[38;2;118;118;118m█[38;2;208;208;208m█[38;2;255;255;255m██[38;2;253;253;253m████████[38;2;253;253;249m█[38;2;255;255;255m█[38;2;144;146;186m█[38;2;0;0;27m█[38;2;6;6;119m█[38;2;5;5;118m█[38;2;13;15;6m██[38;2;13;13;16m██
██[38;2;13;15;6m██[38;2;5;6;110m█[38;2;6;8;111m█[38;2;0;0;37m█[38;2;129;130;180m█[38;2;255;255;255m█[38;2;161;162;154m█[38;2;0;0;0m██[38;2;117;117;117m█[38;2;237;237;237m█[38;2;255;255;255m█[38;2;252;252;252m█[38;2;255;255;255m████████[38;2;207;207;232m█[38;2;0;0;25m█[38;2;2;2;125m█[38;2;5;5;129m█[38;2;13;13;9m██[38;2;13;13;16m██
██[38;2;13;15;6m██[38;2;5;5;117m█[38;2;6;6;118m█[38;2;0;0;27m█[38;2;166;165;204m█[38;2;255;255;255m█[38;2;251;251;246m█[38;2;159;159;159m█[38;2;33;33;33m█[38;2;0;0;0m█[38;2;23;23;23m█[38;2;176;176;176m█[38;2;255;255;255m█[38;2;196;196;196m█[38;2;80;80;80m█[38;2;81;81;81m███[38;2;77;77;77m█[38;2;187;187;185m█[38;2;255;255;255m█[38;2;230;231;246m█[38;2;15;16;31m█[38;2;0;0;123m█[38;2;5;5;130m█[38;2;13;13;13m██[38;2;13;13;16m██
██[38;2;13;15;6m██[38;2;5;5;118m██[38;2;0;0;28m█[38;2;173;172;211m█[38;2;255;255;255m██[38;2;254;254;254m█[38;2;107;107;107m█[38;2;0;0;0m██[38;2;108;108;108m█[38;2;255;255;255m█[38;2;140;140;140m█[38;2;0;0;0m█████[38;2;127;127;125m█[38;2;255;255;255m█[38;2;235;236;251m█[38;2;19;20;35m█[38;2;0;0;122m█[38;2;6;5;130m█[38;2;13;13;13m██[38;2;13;13;16m██
██[38;2;13;15;6m██[38;2;5;5;118m██[38;2;0;0;26m█[38;2;174;173;210m█[38;2;255;255;255m█[38;2;203;203;198m█[38;2;27;27;27m█[38;2;0;0;0m█[38;2;19;19;19m█[38;2;145;145;145m█[38;2;249;249;249m█[38;2;255;255;255m█[38;2;249;249;249m█[38;2;214;214;214m█[38;2;211;211;211m███[38;2;212;212;212m█[38;2;247;247;245m█[38;2;255;255;255m█[38;2;233;235;250m█[38;2;18;19;34m█[38;2;0;0;122m█[38;2;6;5;130m█[38;2;13;13;13m██[38;2;13;13;16m██
██[38;2;13;15;6m██[38;2;5;5;118m██[38;2;0;0;26m█[38;2;174;173;210m█[38;2;255;255;255m█[38;2;171;171;166m█[38;2;5;5;5m█[38;2;105;105;105m█[38;2;231;231;231m█[38;2;255;255;255m██[38;2;253;253;253m█[38;2;254;254;254m█[38;2;255;255;255m█████[38;2;254;254;252m█[38;2;255;255;254m█[38;2;233;235;250m█[38;2;18;19;34m█[38;2;0;0;122m█[38;2;5;5;130m█[38;2;13;13;13m██[38;2;13;13;16m██
██[38;2;13;15;6m██[38;2;5;5;118m██[38;2;0;0;26m█[38;2;175;174;211m█[38;2;255;255;255m█[38;2;253;253;249m█[38;2;237;237;237m█[38;2;255;255;255m██[38;2;253;253;253m█████████[38;2;253;253;251m█[38;2;255;255;254m█[38;2;232;233;249m█[38;2;17;18;33m█[38;2;0;0;122m█[38;2;5;5;130m█[38;2;13;13;13m██[38;2;13;13;16m██
██[38;2;13;15;6m██[38;2;5;5;118m██[38;2;0;0;26m█[38;2;178;176;214m█[38;2;255;255;255m█[38;2;253;253;249m█[38;2;255;255;255m█[38;2;253;253;253m███████████[38;2;253;253;251m█[38;2;255;255;254m█[38;2;231;232;247m█[38;2;16;17;32m█[38;2;0;0;123m█[38;2;5;5;130m█[38;2;13;13;13m██[38;2;13;13;16m██
██[38;2;13;15;6m██[38;2;5;5;118m██[38;2;0;0;27m█[38;2;180;179;216m█[38;2;255;255;255m█[38;2;253;253;249m█[38;2;253;253;253m████████████[38;2;253;253;251m█[38;2;255;255;255m█[38;2;230;231;249m█[38;2;15;16;33m█[38;2;0;0;123m█[38;2;5;5;130m█[38;2;13;13;13m██[38;2;13;13;16m██
██[38;2;13;15;6m██[38;2;5;5;120m██[38;2;0;0;26m█[38;2;182;181;216m█[38;2;255;255;255m█[38;2;253;253;249m█[38;2;253;253;253m████████████[38;2;253;253;251m█[38;2;255;255;255m█[38;2;228;229;246m█[38;2;13;15;32m█[38;2;0;0;123m█[38;2;5;5;130m█[38;2;13;13;11m██[38;2;13;13;16m██
██[38;2;13;15;6m██[38;2;5;5;120m██[38;2;0;0;26m█[38;2;186;185;219m█[38;2;255;255;255m█[38;2;253;253;249m█[38;2;253;253;253m████████████[38;2;253;253;251m█[38;2;255;255;255m█[38;2;225;226;244m█[38;2;11;12;30m█[38;2;0;0;124m█[38;2;5;5;130m█[38;2;13;13;11m██[38;2;13;13;16m██
██[38;2;13;13;9m██[38;2;5;5;120m██[38;2;0;0;25m█[38;2;189;188;221m█[38;2;255;255;255m█[38;2;253;253;249m█[38;2;253;253;253m████████████[38;2;253;253;251m█[38;2;255;255;255m█[38;2;223;223;244m█[38;2;9;9;30m█[38;2;0;0;124m█[38;2;5;5;130m█[38;2;13;13;11m██[38;2;13;13;16m██
██[38;2;13;13;9m██[38;2;5;5;123m█[38;2;4;4;122m█[38;2;0;0;26m█[38;2;193;192;224m█[38;2;255;255;255m█[38;2;253;253;249m█[38;2;253;253;253m████████████[38;2;253;253;251m█[38;2;255;255;255m█[38;2;221;221;242m█[38;2;8;8;28m█[38;2;0;0;123m█[38;2;5;5;129m█[38;2;13;13;11m██[38;2;13;13;16m██
██[38;2;13;13;9m██[38;2;4;5;123m█[38;2;3;4;122m█[38;2;0;0;25m█[38;2;197;197;226m█[38;2;255;255;255m█[38;2;253;253;249m█[38;2;253;253;253m████████████[38;2;253;253;251m█[38;2;255;255;255m█[38;2;219;219;240m█[38;2;6;6;27m█[38;2;1;1;124m█[38;2;5;5;129m█[38;2;13;13;11m██[38;2;13;13;16m██
██[38;2;13;13;9m██[38;2;5;5;123m██[38;2;0;0;23m█[38;2;193;193;222m█[38;2;255;255;255m█[38;2;253;253;249m█[38;2;253;253;253m█[38;2;255;255;255m█[38;2;254;254;254m█[38;2;253;253;253m████[38;2;255;255;255m█[38;2;254;254;254m█[38;2;253;253;253m███[38;2;253;253;251m█[38;2;255;255;255m█[38;2;210;210;236m█[38;2;0;0;25m█[38;2;2;2;125m█[38;2;5;5;129m█[38;2;13;13;9m██[38;2;13;13;16m██
██[38;2;13;15;6m██[38;2;5;5;117m█[38;2;6;6;118m█[38;2;0;0;35m█[38;2;105;107;154m█[38;2;255;255;255m█[38;2;255;255;252m█[38;2;255;255;255m█[38;2;246;246;246m█[38;2;252;252;252m█[38;2;255;255;255m████[38;2;244;244;244m█[38;2;253;253;253m█[38;2;255;255;255m████[38;2;254;254;250m█[38;2;120;123;162m█[38;2;0;0;28m█[38;2;6;6;122m█[38;2;5;5;120m█[38;2;13;15;6m██[38;2;13;13;16m██
██[38;2;13;15;6m██[38;2;8;6;91m█[38;2;9;8;93m█[38;2;1;2;100m█[38;2;0;0;89m█[38;2;137;136;123m█[38;2;232;231;218m█[38;2;146;147;139m█[38;2;30;31;23m█[38;2;52;53;45m█[38;2;182;183;175m█[38;2;244;244;244m█[38;2;232;232;232m█[38;2;132;133;125m█[38;2;25;26;18m█[38;2;60;60;55m█[38;2;193;193;188m█[38;2;245;245;245m█[38;2;229;229;229m█[38;2;119;119;101m█[38;2;28;28;10m█[38;2;0;0;87m█[38;2;3;2;95m█[38;2;9;8;96m█[38;2;8;6;95m█[38;2;13;15;6m██[38;2;13;13;16m██
██[38;2;13;13;13m██[38;2;11;11;37m██[38;2;4;3;176m█[38;2;0;0;168m█[38;2;0;0;9m█[38;2;6;8;25m█[38;2;0;0;76m█[38;2;0;0;86m█[38;2;0;0;65m█[38;2;0;0;63m█[38;2;25;26;15m█[38;2;16;17;5m█[38;2;0;0;84m█[38;2;0;0;96m█[38;2;0;0;56m█[38;2;0;0;59m█[38;2;27;28;17m█[38;2;13;15;3m█[38;2;0;0;86m█[38;2;0;0;97m█[38;2;0;0;186m█[38;2;2;1;192m█[38;2;11;11;37m██[38;2;13;13;11m██[38;2;13;13;16m██
████[38;2;13;15;6m██[38;2;5;6;108m█[38;2;6;8;109m█[38;2;0;0;216m█[38;2;0;0;211m█[38;2;1;0;197m█[38;2;3;1;200m█[38;2;1;2;203m█[38;2;0;0;200m█[38;2;0;0;187m█[38;2;0;0;189m█[38;2;0;1;200m███[38;2;0;0;196m█[38;2;0;0;187m█[38;2;0;0;189m█[38;2;0;1;204m██[38;2;6;8;103m█[38;2;5;6;102m█[38;2;13;15;6m██[38;2;13;13;16m████
██████[38;2;13;13;13m██[38;2;8;8;79m█[38;2;9;9;80m█[38;2;11;11;38m██[38;2;11;10;51m██[38;2;6;8;111m██[38;2;11;11;32m██[38;2;9;11;53m█[38;2;10;12;54m█[38;2;6;8;111m██[38;2;11;11;32m██[38;2;13;15;6m██[38;2;13;13;16m██████
████████[38;2;13;15;6m██[38;2;13;13;11m████[38;2;13;15;4m██[38;2;13;13;11m██[38;2;13;13;9m██[38;2;13;15;4m██[38;2;13;13;11m██[38;2;13;13;16m████████
████████████████████████████████