[38;2;13;13;16m████████████[38;2;13;13;13m██[38;2;13;15;6m████[38;2;13;13;13m██[38;2;13;13;16m████████████
██████████[38;2;13;15;6m██[38;2;11;12;30m██[38;2;8;8;83m██[38;2;9;8;81m██[38;2;13;12;26m██[38;2;13;13;9m██[38;2;13;13;16m██████████
████████[38;2;13;15;6m██[38;2;9;9;70m██[38;2;0;0;210m█[38;2;1;1;211m█[38;2;0;0;250m████[38;2;1;2;205m█[38;2;0;1;204m█[38;2;9;10;60m██[38;2;13;15;6m██[38;2;13;13;16m████████
██████[38;2;13;13;9m██[38;2;11;10;53m██[38;2;0;0;228m█[38;2;0;0;229m█[38;2;0;0;189m█[38;2;0;0;180m█[38;2;0;0;86m█[38;2;0;0;83m█[38;2;0;0;87m█[38;2;0;0;90m█[38;2;0;0;190m█[38;2;0;0;198m█[38;2;0;0;221m█[38;2;0;0;219m█[38;2;11;11;40m██[38;2;13;13;9m██[38;2;13;13;16m██████
████[38;2;13;13;13m████[38;2;2;1;186m█[38;2;3;2;187m█[38;2;1;1;160m█[38;2;0;0;143m█[38;2;0;0;0m█[38;2;34;34;34m█[38;2;82;81;68m█[38;2;108;107;94m█[38;2;104;103;90m█[38;2;74;73;60m█[38;2;25;25;31m█[38;2;0;0;0m█[38;2;0;0;164m█[38;2;2;2;179m█[38;2;4;4;169m█[38;2;2;2;167m█[38;2;13;13;9m██[38;2;13;13;16m██████
████[38;2;13;15;6m██[38;2;8;8;83m█[38;2;9;9;84m█[38;2;1;2;200m█[38;2;0;0;190m█[38;2;0;0;0m█[38;2;68;68;74m█[38;2;187;187;182m█[38;2;247;247;243m█[38;2;255;255;255m████[38;2;240;242;233m█[38;2;166;167;159m█[38;2;40;41;59m█[38;2;0;0;5m█[38;2;0;0;202m█[38;2;1;1;208m█[38;2;9;10;61m██[38;2;13;13;9m██[38;2;13;13;16m████
████[38;2;13;13;9m██[38;2;2;2;165m█[38;2;4;4;167m█[38;2;0;0;82m█[38;2;0;0;77m█[38;2;147;148;137m█[38;2;255;255;250m█[38;2;255;255;255m██[38;2;253;253;253m████[38;2;255;255;255m██[38;2;250;249;236m█[38;2;107;105;93m█[38;2;0;0;94m█[38;2;2;2;113m█[38;2;6;5;146m█[38;2;4;3;144m█[38;2;13;15;4m██[38;2;13;13;16m████
██[38;2;13;13;13m██[38;2;11;11;37m██[38;2;3;3;180m█[38;2;0;0;173m█[38;2;0;0;4m█[38;2;167;166;175m█[38;2;255;255;255m█[38;2;254;254;252m█[38;2;253;253;253m████████[38;2;255;255;253m█[38;2;255;255;255m█[38;2;112;112;138m█[38;2;0;0;12m█[38;2;1;1;175m█[38;2;2;2;176m█[38;2;13;12;22m██[38;2;13;13;13m██[38;2;13;13;16m██
██[38;2;13;15;6m██[38;2;8;8;79m█[38;2;9;9;80m█[38;2;5;4;139m█[38;2;0;0;113m█[38;2;120;122;110m█[38;2;255;255;255m█[38;2;253;253;253m███████████[38;2;255;255;255m█[38;2;255;255;250m█[38;2;63;65;56m█[38;2;0;0;136m█[38;2;4;5;157m█[38;2;9;10;55m██[38;2;13;13;11m██[38;2;13;13;16m██
██[38;2;13;15;4m██[38;2;5;5;112m█[38;2;8;8;115m█[38;2;0;0;81m█[38;2;26;25;110m█[38;2;243;244;233m█[38;2;255;255;247m█[38;2;253;253;253m████████████[38;2;255;255;253m█[38;2;200;201;189m█[38;2;0;0;101m█[38;2;3;3;112m█[38;2;9;8;90m█[38;2;8;6;89m█[38;2;13;15;6m██[38;2;13;13;16m██
██[38;2;13;15;6m██[38;2;4;4;129m█[38;2;5;5;130m█[38;2;0;0;37m█[38;2;111;112;162m█[38;2;255;255;255m█[38;2;255;255;250m█[38;2;253;253;253m████████████[38;2;254;255;245m█[38;2;255;255;250m█[38;2;55;55;129m█[38;2;0;0;66m█[38;2;6;8;111m█[38;2;5;6;110m█[38;2;13;15;4m██[38;2;13;13;16m██
██[38;2;13;13;9m██[38;2;5;5;134m█[38;2;4;4;133m█[38;2;0;0;24m█[38;2;12;12;41m█[38;2;130;130;125m█[38;2;245;245;240m█[38;2;255;255;255m█[38;2;253;253;253m█[38;2;255;255;255m███████[38;2;253;253;253m███[38;2;253;254;246m█[38;2;255;255;255m█[38;2;125;126;176m█[38;2;0;0;37m█[38;2;6;6;119m█[38;2;5;5;118m█[38;2;13;15;6m██[38;2;13;13;16m██
██[38;2;13;13;11m██[38;2;5;5;132m█[38;2;2;2;129m█[38;2;3;3;24m█[38;2;16;16;37m█[38;2;0;0;0m█[38;2;34;34;32m█[38;2;176;176;176m█[38;2;255;255;255m█[38;2;240;240;240m█[38;2;146;146;146m█[38;2;131;131;131m█[38;2;133;133;133m██[38;2;129;129;129m█[38;2;189;189;189m█[38;2;255;255;255m█[38;2;253;253;253m██[38;2;253;253;249m█[38;2;255;255;255m█[38;2;168;167;207m█[38;2;0;0;27m█[38;2;6;6;122m█[38;2;5;5;120m█[38;2;13;15;6m██[38;2;13;13;16m██
██[38;2;13;13;11m██[38;2;5;5;130m█[38;2;0;0;123m█[38;2;20;22;39m█[38;2;146;147;165m█[38;2;8;8;5m█[38;2;0;0;0m█[38;2;35;35;35m█[38;2;255;255;255m█[38;2;192;192;192m█[38;2;0;0;0m█████[38;2;54;54;54m█[38;2;255;255;255m█[38;2;254;254;254m█[38;2;253;253;253m█[38;2;253;253;249m█[38;2;255;255;255m█[38;2;181;180;217m█[38;2;0;0;27m█[38;2;5;5;118m██[38;2;13;15;6m██[38;2;13;13;16m██
██[38;2;13;13;11m██[38;2;5;5;130m█[38;2;2;2;126m█[38;2;0;1;18m█[38;2;0;0;15m█[38;2;0;0;0m█[38;2;63;63;61m█[38;2;203;203;203m█[38;2;255;255;255m█[38;2;247;247;247m█[38;2;180;180;180m█[38;2;167;167;167m█[38;2;168;168;168m██[38;2;166;166;166m█[38;2;212;212;212m█[38;2;255;255;255m█[38;2;253;253;253m██[38;2;253;253;249m█[38;2;255;255;255m█[38;2;181;180;215m█[38;2;0;0;25m█[38;2;5;5;118m██[38;2;13;15;6m██[38;2;13;13;16m██
██[38;2;13;13;11m██[38;2;5;5;130m█[38;2;2;2;126m█[38;2;0;0;11m█[38;2;30;31;48m█[38;2;165;165;162m█[38;2;255;255;255m██[38;2;252;252;252m█[38;2;254;254;254m█[38;2;255;255;255m██████[38;2;253;253;253m███[38;2;253;253;249m█[38;2;255;255;255m█[38;2;181;180;215m█[38;2;0;0;25m█[38;2;5;5;118m██[38;2;13;15;6m██[38;2;13;13;16m██
██[38;2;13;13;11m██[38;2;5;5;130m█[38;2;0;0;124m█[38;2;9;10;27m█[38;2;219;221;238m█[38;2;255;255;255m█[38;2;254;254;252m█[38;2;253;253;253m████████████[38;2;253;253;249m█[38;2;255;255;255m█[38;2;182;181;216m█[38;2;0;0;25m█[38;2;5;5;120m██[38;2;13;15;6m██[38;2;13;13;16m██
██[38;2;13;13;11m██[38;2;5;5;130m█[38;2;0;0;123m█[38;2;13;15;32m█[38;2;230;231;249m█[38;2;255;255;255m█[38;2;253;253;251m█[38;2;253;253;253m████████████[38;2;253;253;249m█[38;2;255;255;255m█[38;2;183;182;217m█[38;2;0;0;25m█[38;2;5;5;120m██[38;2;13;15;6m██[38;2;13;13;16m██
██[38;2;13;13;11m██[38;2;5;5;130m█[38;2;0;0;124m█[38;2;11;12;30m█[38;2;226;228;245m█[38;2;255;255;255m█[38;2;253;253;251m█[38;2;253;253;253m████████████[38;2;253;253;249m█[38;2;255;255;255m█[38;2;186;185;219m█[38;2;0;0;26m█[38;2;5;5;120m██[38;2;13;15;6m██[38;2;13;13;16m██
██[38;2;13;13;11m██[38;2;5;5;130m█[38;2;0;0;124m█[38;2;10;11;28m█[38;2;224;225;243m█[38;2;255;255;255m█[38;2;253;253;251m█[38;2;253;253;253m████████████[38;2;253;253;249m█[38;2;255;255;255m█[38;2;187;186;218m█[38;2;0;0;24m█[38;2;5;5;120m██[38;2;13;13;9m██[38;2;13;13;16m██
██[38;2;13;13;11m██[38;2;5;5;129m█[38;2;0;0;123m█[38;2;9;9;30m█[38;2;223;223;244m█[38;2;255;255;255m█[38;2;253;253;251m█[38;2;253;253;253m████████████[38;2;253;253;249m█[38;2;255;255;255m█[38;2;190;189;222m█[38;2;0;0;25m█[38;2;5;5;120m██[38;2;13;13;9m██[38;2;13;13;16m██
██[38;2;13;13;11m██[38;2;5;5;129m█[38;2;0;0;123m█[38;2;8;8;28m█[38;2;221;221;242m█[38;2;255;255;255m█[38;2;253;253;251m█[38;2;253;253;253m████████████[38;2;253;253;249m█[38;2;255;255;255m█[38;2;193;193;222m█[38;2;0;0;24m█[38;2;4;4;122m█[38;2;5;5;123m█[38;2;13;13;9m██[38;2;13;13;16m██
██[38;2;13;13;11m██[38;2;5;5;129m█[38;2;1;1;124m█[38;2;5;5;26m█[38;2;219;219;240m█[38;2;255;255;255m█[38;2;253;253;251m█[38;2;253;253;253m████████████[38;2;253;253;249m█[38;2;255;255;255m█[38;2;197;197;226m█[38;2;0;0;24m█[38;2;4;4;122m█[38;2;5;5;123m█[38;2;13;13;9m██[38;2;13;13;16m██
██[38;2;13;13;9m██[38;2;4;4;125m█[38;2;3;3;124m█[38;2;0;0;22m█[38;2;183;183;212m█[38;2;255;255;255m█[38;2;255;255;253m█[38;2;253;253;253m██[38;2;254;254;254m█[38;2;255;255;255m███[38;2;253;253;253m██[38;2;254;254;254m█[38;2;255;255;255m███[38;2;252;252;247m█[38;2;255;255;255m█[38;2;162;161;198m█[38;2;0;0;25m█[38;2;5;5;120m██[38;2;13;15;6m██[38;2;13;13;16m██
██[38;2;13;15;6m██[38;2;5;5;112m█[38;2;6;6;113m█[38;2;0;0;53m█[38;2;41;41;101m█[38;2;147;148;137m█[38;2;226;228;216m█[38;2;255;255;255m██[38;2;255;255;254m█[38;2;171;171;168m█[38;2;141;141;137m█[38;2;233;233;229m█[38;2;255;255;255m██[38;2;252;252;250m█[38;2;162;162;160m█[38;2;150;150;147m█[38;2;242;242;239m█[38;2;255;255;255m█[38;2;232;233;223m█[38;2;35;35;101m█[38;2;0;0;60m█[38;2;8;9;110m█[38;2;5;6;108m█[38;2;13;15;6m██[38;2;13;13;16m██
██[38;2;13;13;9m██[38;2;9;9;68m█[38;2;10;10;69m█[38;2;5;3;152m█[38;2;0;0;134m█[38;2;0;0;0m█[38;2;23;22;33m█[38;2;116;115;100m█[38;2;138;137;122m█[38;2;66;65;74m█[38;2;0;0;0m█[38;2;0;0;2m█[38;2;27;28;46m█[38;2;123;122;107m█[38;2;137;136;120m█[38;2;58;56;68m█[38;2;0;0;0m██[38;2;41;40;54m█[38;2;112;112;94m█[38;2;32;32;13m█[38;2;0;0;125m█[38;2;5;4;145m█[38;2;10;11;65m█[38;2;9;10;63m█[38;2;13;13;9m██[38;2;13;13;16m██
████[38;2;13;13;13m██[38;2;3;2;175m██[38;2;0;1;200m█[38;2;0;0;189m█[38;2;0;0;59m█[38;2;0;0;58m█[38;2;0;0;148m█[38;2;1;1;164m█[38;2;2;1;192m█[38;2;0;0;180m█[38;2;0;0;56m█[38;2;0;0;55m█[38;2;0;0;157m█[38;2;2;1;172m█[38;2;2;1;183m█[38;2;0;0;171m█[38;2;0;0;109m█[38;2;0;0;120m█[38;2;3;3;166m██[38;2;13;13;13m██[38;2;13;13;16m████
████[38;2;13;13;11m██[38;2;13;12;27m██[38;2;5;5;117m█[38;2;6;6;118m█[38;2;0;0;209m██[38;2;5;4;139m██[38;2;5;5;115m█[38;2;6;6;116m█[38;2;0;0;210m██[38;2;5;5;134m██[38;2;4;5;123m█[38;2;5;6;124m█[38;2;2;1;186m██[38;2;11;10;42m██[38;2;13;13;11m██[38;2;13;13;16m████
██████[38;2;13;13;11m██[38;2;13;15;6m██[38;2;13;13;19m██[38;2;13;13;9m██[38;2;13;15;6m██[38;2;13;13;19m██[38;2;13;13;9m████[38;2;13;13;11m████[38;2;13;13;16m██████
██████████[38;2;13;13;13m██[38;2;13;13;16m████[38;2;13;13;13m██[38;2;13;13;16m██████████████
████████████████████████████████
████████████████████████████████