[38;2;13;13;16m██████████████[38;2;13;13;11m████[38;2;13;13;16m██████████████
██████████[38;2;13;13;11m██[38;2;13;13;9m██[38;2;11;11;32m████[38;2;13;13;9m██[38;2;13;13;11m██[38;2;13;13;16m██████████
████████[38;2;13;13;11m██[38;2;11;12;26m██[38;2;2;3;148m█[38;2;3;4;150m█[38;2;0;0;223m█[38;2;0;0;224m███[38;2;3;4;152m██[38;2;11;12;27m██[38;2;13;13;11m██[38;2;13;13;16m████████
██████[38;2;13;13;13m██[38;2;13;12;22m██[38;2;2;1;186m█[38;2;3;2;187m█[38;2;0;0;225m█[38;2;0;0;221m█[38;2;0;0;138m█[38;2;0;0;133m██[38;2;0;0;138m█[38;2;0;0;221m█[38;2;0;0;225m█[38;2;3;2;188m█[38;2;2;1;187m█[38;2;13;12;22m██[38;2;13;13;13m██[38;2;13;13;16m██████
██████[38;2;13;15;4m██[38;2;4;3;138m█[38;2;5;4;139m█[38;2;0;1;200m█[38;2;0;0;189m█[38;2;0;0;15m█[38;2;3;3;30m█[38;2;40;39;26m█[38;2;63;62;49m██[38;2;41;40;27m█[38;2;3;3;30m█[38;2;0;0;15m█[38;2;0;0;187m█[38;2;0;1;198m█[38;2;5;4;141m█[38;2;4;3;140m█[38;2;13;15;4m██[38;2;13;13;16m██████
████[38;2;13;13;11m██[38;2;11;10;47m██[38;2;0;0;207m█[38;2;0;0;204m█[38;2;0;0;20m█[38;2;20;19;52m█[38;2;133;134;123m█[38;2;216;217;205m█[38;2;250;250;250m█[38;2;255;255;255m██[38;2;250;250;250m█[38;2;217;218;208m█[38;2;134;136;125m█[38;2;22;20;53m█[38;2;0;0;19m█[38;2;0;0;204m█[38;2;1;1;208m█[38;2;11;10;49m██[38;2;13;13;11m██[38;2;13;13;16m████
████[38;2;13;15;4m██[38;2;4;4;131m█[38;2;5;5;132m█[38;2;3;3;120m█[38;2;0;0;98m█[38;2;86;84;72m█[38;2;236;235;222m█[38;2;255;255;255m███[38;2;254;254;254m██[38;2;255;255;255m███[38;2;237;236;223m█[38;2;89;88;75m█[38;2;0;0;98m█[38;2;3;3;120m█[38;2;6;6;136m█[38;2;4;4;133m█[38;2;13;15;4m██[38;2;13;13;16m████
██[38;2;13;13;13m██[38;2;13;13;19m██[38;2;2;2;173m█[38;2;1;1;172m█[38;2;0;0;13m█[38;2;101;101;127m█[38;2;255;255;255m█[38;2;255;255;254m█[38;2;253;253;253m████████[38;2;255;255;254m█[38;2;255;255;255m█[38;2;104;104;130m█[38;2;0;0;12m█[38;2;1;1;174m█[38;2;2;2;175m█[38;2;13;13;19m██[38;2;13;13;13m██[38;2;13;13;16m██
██[38;2;13;13;11m██[38;2;9;11;53m██[38;2;4;5;154m█[38;2;0;0;133m█[38;2;62;63;55m█[38;2;255;255;249m█[38;2;255;255;255m█[38;2;253;253;253m██████████[38;2;255;255;255m█[38;2;255;255;250m█[38;2;66;67;59m█[38;2;0;0;131m█[38;2;4;5;153m█[38;2;9;10;55m██[38;2;13;13;11m██[38;2;13;13;16m██
██[38;2;13;15;6m██[38;2;8;6;89m█[38;2;9;8;90m█[38;2;2;3;107m█[38;2;0;0;102m█[38;2;208;209;197m█[38;2;255;255;252m█[38;2;253;253;253m████████████[38;2;255;255;252m█[38;2;208;209;197m█[38;2;0;0;97m█[38;2;1;2;103m█[38;2;9;8;93m█[38;2;8;6;91m█[38;2;13;15;6m██[38;2;13;13;16m██
██[38;2;13;15;4m██[38;2;5;5;115m█[38;2;8;8;117m█[38;2;0;0;59m█[38;2;47;47;112m█[38;2;252;253;243m█[38;2;255;255;255m█[38;2;254;254;254m█[38;2;253;253;253m███████████[38;2;253;254;246m█[38;2;255;255;255m█[38;2;72;73;138m█[38;2;0;0;55m█[38;2;6;6;116m█[38;2;5;5;115m█[38;2;13;15;4m██[38;2;13;13;16m██
██[38;2;13;15;6m██[38;2;4;4;125m█[38;2;5;5;126m█[38;2;0;0;40m█[38;2;0;0;30m█[38;2;44;44;39m█[38;2;179;179;174m█[38;2;255;255;255m██[38;2;252;252;252m█[38;2;254;254;254m█[38;2;255;255;255m██████[38;2;253;253;253m██[38;2;253;253;249m█[38;2;255;255;255m█[38;2;151;153;193m█[38;2;0;0;27m█[38;2;5;5;126m█[38;2;4;4;125m█[38;2;13;15;6m██[38;2;13;13;16m██
██[38;2;13;13;9m██[38;2;4;4;125m█[38;2;3;3;124m█[38;2;1;1;30m█[38;2;58;58;87m█[38;2;0;0;0m██[38;2;77;77;77m█[38;2;214;214;214m█[38;2;255;255;255m█[38;2;247;247;247m█[38;2;186;186;186m█[38;2;175;175;175m█[38;2;176;176;176m██[38;2;174;174;174m█[38;2;221;221;221m█[38;2;255;255;255m█[38;2;253;253;253m█[38;2;253;253;249m█[38;2;255;255;255m█[38;2;196;196;225m█[38;2;0;0;24m█[38;2;3;3;126m█[38;2;5;5;129m█[38;2;13;13;9m██[38;2;13;13;16m██
██[38;2;13;13;9m██[38;2;4;4;125m█[38;2;2;2;123m█[38;2;0;0;26m█[38;2;223;223;250m█[38;2;168;168;166m█[38;2;0;0;0m██[38;2;47;47;47m█[38;2;255;255;255m█[38;2;182;182;182m█[38;2;0;0;0m█████[38;2;65;65;65m█[38;2;255;255;255m█[38;2;253;253;253m█[38;2;253;253;251m█[38;2;255;255;255m█[38;2;209;209;235m█[38;2;1;1;26m█[38;2;3;2;123m█[38;2;6;5;126m█[38;2;13;13;9m██[38;2;13;13;16m██
██[38;2;13;13;9m██[38;2;4;4;125m█[38;2;2;2;123m█[38;2;3;3;30m█[38;2;105;105;132m█[38;2;30;30;27m█[38;2;0;0;0m█[38;2;33;33;33m█[38;2;175;175;175m█[38;2;255;255;255m█[38;2;235;235;235m█[38;2;133;133;133m█[38;2;122;122;122m█[38;2;124;124;124m██[38;2;119;119;119m█[38;2;187;187;187m█[38;2;255;255;255m█[38;2;253;253;253m█[38;2;253;253;251m█[38;2;255;255;255m█[38;2;210;210;236m█[38;2;1;1;26m█[38;2;3;2;123m█[38;2;6;5;126m█[38;2;13;13;9m██[38;2;13;13;16m██
██[38;2;13;13;9m██[38;2;4;4;125m██[38;2;0;0;24m█[38;2;0;0;2m█[38;2;5;5;3m█[38;2;127;127;125m█[38;2;243;243;243m█[38;2;255;255;255m█[38;2;252;252;252m█[38;2;255;255;255m███████[38;2;253;253;253m██[38;2;253;253;251m█[38;2;255;255;255m█[38;2;209;209;235m█[38;2;1;1;26m█[38;2;3;2;123m█[38;2;6;5;126m█[38;2;13;13;9m██[38;2;13;13;16m██
██[38;2;13;13;9m██[38;2;4;4;125m█[38;2;2;2;123m█[38;2;0;0;26m█[38;2;125;125;152m█[38;2;221;221;218m█[38;2;255;255;255m██[38;2;253;253;253m███████████[38;2;253;253;251m█[38;2;255;255;255m█[38;2;209;209;235m█[38;2;1;1;26m█[38;2;3;2;123m█[38;2;6;5;126m█[38;2;13;13;9m██[38;2;13;13;16m██
██[38;2;13;13;9m██[38;2;4;4;125m█[38;2;2;2;123m█[38;2;0;0;26m█[38;2;215;215;242m█[38;2;255;255;255m█[38;2;253;253;251m█[38;2;253;253;253m████████████[38;2;253;253;251m█[38;2;255;255;255m█[38;2;209;209;235m█[38;2;1;1;26m█[38;2;3;2;123m█[38;2;6;5;126m█[38;2;13;13;9m██[38;2;13;13;16m██
██[38;2;13;13;9m██[38;2;4;4;125m█[38;2;2;2;123m█[38;2;0;0;26m█[38;2;205;205;232m█[38;2;255;255;255m█[38;2;253;253;251m█[38;2;253;253;253m████████████[38;2;253;253;251m█[38;2;255;255;255m█[38;2;209;209;235m█[38;2;1;1;26m█[38;2;3;2;123m█[38;2;6;5;126m█[38;2;13;13;9m██[38;2;13;13;16m██
██[38;2;13;13;9m██[38;2;4;4;125m█[38;2;2;2;123m█[38;2;0;0;26m█[38;2;205;205;232m█[38;2;255;255;255m█[38;2;253;253;251m█[38;2;253;253;253m████████████[38;2;253;253;251m█[38;2;255;255;255m█[38;2;209;209;235m█[38;2;1;1;26m█[38;2;3;2;123m█[38;2;6;5;126m█[38;2;13;13;9m██[38;2;13;13;16m██
██[38;2;13;13;9m██[38;2;4;4;125m█[38;2;2;2;123m█[38;2;0;0;26m█[38;2;205;205;232m█[38;2;255;255;255m█[38;2;253;253;251m█[38;2;253;253;253m████████████[38;2;253;253;251m█[38;2;255;255;255m█[38;2;209;209;235m█[38;2;1;1;26m█[38;2;3;2;123m█[38;2;6;5;126m█[38;2;13;13;9m██[38;2;13;13;16m██
██[38;2;13;13;9m██[38;2;4;4;125m█[38;2;2;2;123m█[38;2;0;0;26m█[38;2;205;205;232m█[38;2;255;255;255m█[38;2;253;253;251m█[38;2;253;253;253m████████████[38;2;253;253;251m█[38;2;255;255;255m█[38;2;209;209;235m█[38;2;1;1;26m█[38;2;2;2;123m█[38;2;5;5;126m█[38;2;13;13;9m██[38;2;13;13;16m██
██[38;2;13;13;9m██[38;2;4;4;125m█[38;2;2;2;123m█[38;2;0;0;25m█[38;2;208;208;233m█[38;2;255;255;255m█[38;2;253;253;251m█[38;2;253;253;253m████████████[38;2;253;253;251m█[38;2;255;255;255m█[38;2;210;210;236m█[38;2;1;1;26m█[38;2;2;2;123m█[38;2;5;5;126m█[38;2;13;13;9m██[38;2;13;13;16m██
██[38;2;13;13;9m██[38;2;4;4;125m█[38;2;3;3;124m█[38;2;0;0;22m█[38;2;190;190;219m█[38;2;255;255;255m█[38;2;255;255;254m█[38;2;253;253;253m███[38;2;254;254;254m█[38;2;255;255;255m██[38;2;253;253;253m███[38;2;254;254;254m█[38;2;255;255;255m██[38;2;253;253;249m█[38;2;255;255;255m█[38;2;193;193;222m█[38;2;0;0;23m█[38;2;3;3;124m█[38;2;5;5;126m█[38;2;13;13;9m██[38;2;13;13;16m██
██[38;2;13;15;6m██[38;2;5;5;115m█[38;2;6;6;116m█[38;2;0;0;41m█[38;2;81;82;133m█[38;2;218;219;209m█[38;2;219;221;210m█[38;2;255;255;255m████[38;2;209;209;207m█[38;2;222;222;219m█[38;2;255;255;255m████[38;2;207;207;204m█[38;2;229;229;226m█[38;2;255;255;255m██[38;2;82;83;134m█[38;2;0;0;41m█[38;2;6;6;118m█[38;2;5;5;117m█[38;2;13;15;6m██[38;2;13;13;16m██
██[38;2;13;15;6m██[38;2;8;8;81m█[38;2;9;9;82m█[38;2;4;4;119m█[38;2;0;0;104m█[38;2;2;3;0m█[38;2;6;8;0m█[38;2;113;115;107m█[38;2;200;201;193m█[38;2;193;193;188m█[38;2;91;91;87m█[38;2;0;0;0m█[38;2;11;11;11m█[38;2;126;127;119m█[38;2;204;205;197m█[38;2;189;189;185m█[38;2;79;79;74m█[38;2;0;0;0m█[38;2;19;19;19m█[38;2;139;139;120m█[38;2;93;93;74m█[38;2;0;0;98m█[38;2;4;4;117m█[38;2;9;9;84m█[38;2;8;8;83m█[38;2;13;15;6m██[38;2;13;13;16m██
██[38;2;13;13;13m██[38;2;13;12;24m██[38;2;2;2;181m█[38;2;0;0;178m█[38;2;0;0;180m█[38;2;0;0;179m█[38;2;0;0;31m█[38;2;0;0;37m█[38;2;0;0;47m█[38;2;0;0;46m█[38;2;0;0;174m█[38;2;0;0;171m█[38;2;0;0;27m█[38;2;0;0;34m█[38;2;0;0;52m██[38;2;0;0;167m█[38;2;0;0;161m█[38;2;0;0;61m█[38;2;0;0;65m█[38;2;0;0;174m█[38;2;2;2;176m█[38;2;13;12;26m██[38;2;13;13;13m██[38;2;13;13;16m██
████[38;2;13;15;6m██[38;2;9;9;73m█[38;2;10;10;74m█[38;2;3;4;153m██[38;2;0;0;212m█[38;2;0;0;210m█[38;2;0;0;204m█[38;2;0;0;207m█[38;2;3;4;152m██[38;2;0;0;212m█[38;2;0;0;210m█[38;2;0;0;202m█[38;2;0;1;204m█[38;2;3;4;153m██[38;2;0;0;215m██[38;2;9;9;80m█[38;2;8;8;79m█[38;2;13;15;6m██[38;2;13;13;16m████
██████[38;2;13;13;9m██[38;2;13;15;6m██[38;2;11;10;47m██[38;2;11;10;42m██[38;2;13;15;6m██[38;2;9;11;49m██[38;2;11;11;40m██[38;2;13;13;9m██[38;2;11;12;30m██[38;2;13;13;11m██[38;2;13;13;16m██████
██████████[38;2;13;13;11m████[38;2;13;13;16m██[38;2;13;13;11m████[38;2;13;13;16m██[38;2;13;13;13m██[38;2;13;13;16m████████
████████████████████████████████
████████████████████████████████