[38;2;13;13;16m████████████[38;2;13;13;9m██[38;2;13;15;4m████[38;2;13;13;11m██[38;2;13;13;16m████████████
██████████[38;2;13;15;6m██[38;2;9;10;58m██[38;2;5;4;125m██[38;2;5;5;120m██[38;2;11;10;47m██[38;2;13;15;6m██[38;2;13;13;16m██████████
████████[38;2;13;15;6m██[38;2;5;6;108m█[38;2;6;8;109m█[38;2;0;0;236m█[38;2;0;0;237m█[38;2;0;0;247m█[38;2;0;0;246m█[38;2;0;0;249m█[38;2;0;0;250m█[38;2;0;0;229m█[38;2;0;0;228m█[38;2;9;9;86m█[38;2;8;8;84m█[38;2;13;15;6m██[38;2;13;13;16m████████
██████[38;2;13;15;6m██[38;2;8;8;84m█[38;2;9;9;86m█[38;2;0;0;242m█[38;2;0;0;240m█[38;2;0;0;151m█[38;2;0;0;140m█[38;2;0;0;51m█[38;2;0;0;49m█[38;2;0;0;58m█[38;2;0;0;60m█[38;2;0;0;165m█[38;2;0;0;176m█[38;2;0;0;233m█[38;2;0;0;232m█[38;2;9;10;55m██[38;2;13;13;9m██[38;2;13;13;16m██████
████[38;2;13;13;13m██[38;2;13;12;26m██[38;2;0;0;210m█[38;2;1;1;211m█[38;2;0;0;119m█[38;2;0;0;102m█[38;2;11;12;1m█[38;2;69;70;59m█[38;2;120;122;110m█[38;2;144;145;133m█[38;2;138;139;127m█[38;2;103;104;93m█[38;2;44;44;41m█[38;2;0;0;0m█[38;2;0;0;147m█[38;2;2;2;165m█[38;2;3;3;180m█[38;2;2;2;179m█[38;2;13;13;11m██[38;2;13;13;16m██████
████[38;2;13;15;4m██[38;2;5;5;112m█[38;2;6;6;113m█[38;2;3;3;180m█[38;2;0;0;162m█[38;2;3;4;0m█[38;2;117;118;110m█[38;2;224;224;222m█[38;2;255;255;255m█████[38;2;253;254;246m█[38;2;188;189;181m█[38;2;58;56;70m█[38;2;0;0;2m█[38;2;0;0;200m█[38;2;1;2;205m█[38;2;9;9;68m██[38;2;13;13;9m██[38;2;13;13;16m████
██████[38;2;2;1;183m█[38;2;3;2;185m█[38;2;0;0;48m█[38;2;22;22;79m█[38;2;198;200;189m█[38;2;255;255;255m██[38;2;253;253;253m█████[38;2;254;254;254m█[38;2;255;255;255m█[38;2;255;255;243m█[38;2;115;116;102m█[38;2;0;0;91m█[38;2;2;2;111m█[38;2;6;5;146m█[38;2;4;3;144m█[38;2;13;15;4m██[38;2;13;13;16m████
██[38;2;13;13;11m██[38;2;9;11;53m██[38;2;4;3;174m█[38;2;0;0;160m█[38;2;19;19;17m█[38;2;216;216;214m█[38;2;255;255;255m█[38;2;253;253;253m█████████[38;2;255;255;252m█[38;2;255;255;255m█[38;2;111;111;138m█[38;2;0;0;13m█[38;2;1;1;175m█[38;2;2;2;176m█[38;2;13;13;19m██[38;2;13;13;13m██[38;2;13;13;16m██
██[38;2;13;15;6m██[38;2;8;6;97m█[38;2;9;8;98m█[38;2;3;3;116m█[38;2;0;0;98m█[38;2;174;175;164m█[38;2;255;255;255m█[38;2;253;253;253m███████████[38;2;255;255;255m█[38;2;254;254;250m█[38;2;54;54;49m█[38;2;0;0;140m█[38;2;4;5;159m█[38;2;11;10;51m██[38;2;13;13;11m██[38;2;13;13;16m██
██[38;2;13;15;4m██[38;2;4;4;127m█[38;2;6;6;130m█[38;2;0;0;55m█[38;2;67;67;131m█[38;2;255;255;254m█[38;2;254;255;247m█[38;2;253;253;253m████████████[38;2;255;255;254m█[38;2;185;186;174m█[38;2;0;0;102m█[38;2;4;4;119m█[38;2;9;9;82m█[38;2;8;8;81m█[38;2;13;15;6m██[38;2;13;13;16m██
██[38;2;13;13;9m██[38;2;4;3;138m██[38;2;0;0;23m█[38;2;173;172;207m█[38;2;255;255;255m█[38;2;253;253;249m█[38;2;253;253;253m████████████[38;2;255;255;246m█[38;2;252;253;243m█[38;2;37;35;118m█[38;2;0;0;77m█[38;2;6;8;103m█[38;2;5;6;102m█[38;2;13;15;6m██[38;2;13;13;16m██
██[38;2;13;13;13m██[38;2;5;4;139m█[38;2;2;1;136m█[38;2;0;0;11m█[38;2;58;59;76m█[38;2;196;196;194m█[38;2;255;255;255m██[38;2;253;253;253m█[38;2;255;255;255m██████[38;2;254;254;254m█[38;2;253;253;253m███[38;2;253;254;246m█[38;2;255;255;255m█[38;2;97;97;157m█[38;2;0;0;47m█[38;2;8;9;112m█[38;2;5;6;110m█[38;2;13;15;6m██[38;2;13;13;16m██
████[38;2;5;5;134m█[38;2;0;0;129m█[38;2;4;3;15m█[38;2;0;0;8m█[38;2;0;0;0m█[38;2;100;100;97m█[38;2;246;246;246m█[38;2;253;253;253m█[38;2;134;134;134m█[38;2;91;91;91m█[38;2;95;95;95m██[38;2;91;91;91m█[38;2;127;127;127m█[38;2;247;247;247m█[38;2;254;254;254m█[38;2;253;253;253m██[38;2;253;254;246m█[38;2;255;255;255m█[38;2;134;136;183m█[38;2;0;0;34m█[38;2;6;6;113m█[38;2;5;5;112m█[38;2;13;15;6m██[38;2;13;13;16m██
██[38;2;13;13;17m██[38;2;5;5;132m█[38;2;0;0;124m█[38;2;20;19;28m█[38;2;28;27;37m█[38;2;0;0;0m██[38;2;222;222;222m█[38;2;245;245;245m█[38;2;22;22;22m█[38;2;0;0;0m████[38;2;11;11;11m█[38;2;230;230;230m█[38;2;255;255;255m█[38;2;253;253;253m██[38;2;253;254;246m█[38;2;255;255;255m█[38;2;144;145;190m█[38;2;0;0;32m█[38;2;6;6;113m█[38;2;5;5;112m█[38;2;13;15;6m██[38;2;13;13;16m██
████[38;2;5;5;132m█[38;2;1;1;127m█[38;2;0;0;2m█[38;2;0;0;0m█[38;2;61;61;59m█[38;2;198;198;196m█[38;2;255;255;255m██[38;2;223;223;223m█[38;2;198;198;198m█[38;2;201;201;201m██[38;2;198;198;198m█[38;2;219;219;219m█[38;2;255;255;255m█[38;2;253;253;253m███[38;2;253;253;249m█[38;2;255;255;255m█[38;2;145;146;192m█[38;2;0;0;32m█[38;2;6;6;113m█[38;2;5;5;112m█[38;2;13;15;6m██[38;2;13;13;16m██
████[38;2;5;5;132m█[38;2;0;0;124m█[38;2;8;6;18m█[38;2;158;157;168m█[38;2;255;255;254m█[38;2;255;255;255m█[38;2;253;253;253m██[38;2;255;255;255m██████[38;2;253;253;253m████[38;2;253;253;249m█[38;2;255;255;255m█[38;2;147;148;194m█[38;2;0;0;32m█[38;2;6;6;113m█[38;2;5;5;112m█[38;2;13;15;6m██[38;2;13;13;16m██
████[38;2;5;5;132m█[38;2;0;0;120m█[38;2;38;37;48m█[38;2;255;255;255m█[38;2;255;255;254m█[38;2;253;253;251m█[38;2;253;253;253m████████████[38;2;253;253;249m█[38;2;255;255;255m█[38;2;150;152;194m█[38;2;0;0;30m█[38;2;6;6;113m█[38;2;5;5;112m█[38;2;13;15;6m██[38;2;13;13;16m██
████[38;2;5;5;132m█[38;2;0;0;122m█[38;2;33;32;44m█[38;2;246;245;255m█[38;2;255;255;253m█[38;2;253;253;251m█[38;2;253;253;253m████████████[38;2;253;253;249m█[38;2;255;255;255m█[38;2;152;154;196m█[38;2;0;0;30m█[38;2;6;6;116m█[38;2;5;5;115m█[38;2;13;15;6m██[38;2;13;13;16m██
████[38;2;5;5;132m█[38;2;0;0;122m█[38;2;31;30;41m█[38;2;244;243;254m█[38;2;255;255;253m█[38;2;253;253;251m█[38;2;253;253;253m████████████[38;2;253;253;249m█[38;2;255;255;255m█[38;2;157;159;198m█[38;2;0;0;28m█[38;2;6;6;116m█[38;2;5;5;115m█[38;2;13;15;6m██[38;2;13;13;16m██
████[38;2;5;5;132m█[38;2;0;0;123m█[38;2;25;26;40m█[38;2;239;240;254m█[38;2;255;255;254m█[38;2;253;253;251m█[38;2;253;253;253m████████████[38;2;253;253;249m█[38;2;255;255;255m█[38;2;161;164;203m█[38;2;0;0;28m█[38;2;6;6;118m█[38;2;5;5;117m█[38;2;13;15;6m██[38;2;13;13;16m██
██[38;2;13;13;13m██[38;2;5;5;132m█[38;2;0;0;124m█[38;2;20;22;37m█[38;2;236;237;252m█[38;2;255;255;254m█[38;2;253;253;251m█[38;2;253;253;253m████████████[38;2;253;253;249m█[38;2;255;255;255m█[38;2;169;168;208m█[38;2;0;0;28m█[38;2;6;6;118m█[38;2;5;5;117m█[38;2;13;15;6m██[38;2;13;13;16m██
██[38;2;13;13;13m██[38;2;5;5;130m█[38;2;0;0;122m█[38;2;18;19;34m█[38;2;232;233;249m█[38;2;255;255;254m█[38;2;253;253;251m█[38;2;253;253;253m████████████[38;2;253;253;249m█[38;2;255;255;255m█[38;2;176;175;212m█[38;2;0;0;26m█[38;2;5;5;118m██[38;2;13;15;6m██[38;2;13;13;16m██
██[38;2;13;13;11m██[38;2;5;5;130m█[38;2;0;0;123m█[38;2;12;13;31m█[38;2;230;231;249m█[38;2;255;255;255m█[38;2;253;253;251m█[38;2;253;253;253m████████████[38;2;253;253;249m█[38;2;255;255;255m█[38;2;182;181;216m█[38;2;0;0;25m█[38;2;5;5;118m██[38;2;13;15;6m██[38;2;13;13;16m██
██[38;2;13;13;9m██[38;2;4;4;127m█[38;2;3;3;126m█[38;2;0;0;22m█[38;2;182;182;211m█[38;2;255;255;255m█[38;2;255;255;251m█[38;2;253;253;253m██[38;2;255;255;255m████[38;2;253;253;253m██[38;2;255;255;255m███[38;2;254;254;254m█[38;2;253;253;249m█[38;2;255;255;255m█[38;2;134;137;179m█[38;2;0;0;30m█[38;2;6;6;118m█[38;2;5;5;117m█[38;2;13;15;6m██[38;2;13;13;16m██
██[38;2;13;15;4m██[38;2;5;5;112m█[38;2;6;6;113m█[38;2;0;0;60m█[38;2;26;26;90m█[38;2;148;150;138m█[38;2;247;249;237m█[38;2;255;255;255m██[38;2;200;200;195m█[38;2;101;101;96m█[38;2;151;151;148m█[38;2;252;252;250m█[38;2;255;255;255m██[38;2;189;189;185m█[38;2;100;100;95m█[38;2;164;164;161m█[38;2;255;255;254m█[38;2;255;255;255m█[38;2;205;207;196m█[38;2;15;15;91m█[38;2;0;0;74m█[38;2;9;8;101m█[38;2;8;6;100m█[38;2;13;15;6m██[38;2;13;13;16m██
██[38;2;13;13;9m██[38;2;9;10;61m██[38;2;3;3;168m█[38;2;0;0;154m█[38;2;0;0;0m█[38;2;41;40;52m█[38;2;104;104;86m█[38;2;82;82;63m█[38;2;3;2;41m█[38;2;0;0;24m█[38;2;0;0;4m█[38;2;47;48;63m█[38;2;107;107;88m█[38;2;76;76;58m█[38;2;0;0;38m█[38;2;0;0;25m█[38;2;0;0;3m█[38;2;58;56;68m█[38;2;87;86;75m█[38;2;11;10;0m█[38;2;0;0;140m█[38;2;3;4;155m█[38;2;9;10;55m██[38;2;13;13;11m██[38;2;13;13;16m██
████[38;2;13;13;11m██[38;2;2;2;159m█[38;2;4;4;161m█[38;2;1;0;188m█[38;2;0;0;176m█[38;2;0;0;94m█[38;2;0;0;96m█[38;2;0;0;201m█[38;2;1;1;208m█[38;2;1;1;178m█[38;2;0;0;165m█[38;2;0;0;94m█[38;2;0;0;97m█[38;2;0;0;205m█[38;2;1;1;211m█[38;2;0;0;171m█[38;2;0;0;157m█[38;2;0;0;138m█[38;2;0;0;151m█[38;2;3;4;153m█[38;2;2;3;152m█[38;2;13;13;9m██[38;2;13;13;16m████
████[38;2;13;13;13m██[38;2;13;13;16m██[38;2;5;5;117m█[38;2;6;6;118m█[38;2;2;1;189m█[38;2;3;2;190m█[38;2;9;9;86m█[38;2;8;8;84m█[38;2;6;6;119m██[38;2;2;1;187m██[38;2;9;9;82m█[38;2;8;8;81m█[38;2;5;5;126m██[38;2;4;4;164m█[38;2;3;3;162m█[38;2;11;12;30m██[38;2;13;13;11m██[38;2;13;13;16m████
██████[38;2;13;13;13m██[38;2;13;15;6m██[38;2;13;13;9m████[38;2;13;15;6m██[38;2;13;13;9m██[38;2;13;15;6m██[38;2;13;13;9m██[38;2;13;15;6m██[38;2;13;13;13m██[38;2;13;13;16m██████
████████████████████████████████
████████████████████████████████
████████████████████████████████