[38;2;13;13;16m████████████████████████████████
████████████[38;2;13;13;11m██[38;2;13;15;4m████[38;2;13;13;9m██[38;2;13;13;16m████████████
██████████[38;2;13;15;6m██[38;2;11;10;42m██[38;2;6;6;119m██[38;2;6;6;124m██[38;2;11;10;51m██[38;2;13;15;6m██[38;2;13;13;16m██████████
████████[38;2;13;15;4m██[38;2;8;8;83m█[38;2;9;9;84m█[38;2;1;0;218m█[38;2;0;0;216m█[38;2;0;0;188m█[38;2;0;0;185m█[38;2;0;0;180m█[38;2;0;0;182m█[38;2;0;0;217m█[38;2;1;0;221m█[38;2;6;8;105m█[38;2;5;6;104m█[38;2;13;15;6m██[38;2;13;13;16m████████
██████[38;2;13;13;9m██[38;2;9;10;58m██[38;2;1;1;208m█[38;2;0;0;203m█[38;2;0;0;62m█[38;2;0;0;59m█[38;2;9;9;4m█[38;2;27;27;23m█[38;2;30;31;23m█[38;2;15;16;8m█[38;2;0;0;45m█[38;2;0;0;41m█[38;2;0;0;196m█[38;2;1;2;205m█[38;2;9;9;82m█[38;2;8;8;81m█[38;2;13;15;6m██[38;2;13;13;16m██████
██████[38;2;13;13;13m██[38;2;2;2;173m██[38;2;0;0;69m█[38;2;0;0;66m█[38;2;75;74;59m█[38;2;171;169;154m█[38;2;222;222;222m█[38;2;242;242;242m█[38;2;243;243;243m█[38;2;230;230;230m█[38;2;189;190;176m█[38;2;104;105;91m█[38;2;6;8;55m█[38;2;0;0;37m█[38;2;1;0;185m█[38;2;2;1;186m█[38;2;13;12;24m██[38;2;13;13;13m██[38;2;13;13;16m████
████[38;2;13;15;6m██[38;2;8;9;74m█[38;2;9;10;75m█[38;2;3;4;152m█[38;2;0;0;131m█[38;2;30;31;19m█[38;2;185;186;174m█[38;2;255;255;255m████████[38;2;222;221;208m█[38;2;74;73;60m█[38;2;0;0;101m█[38;2;2;2;123m█[38;2;6;8;105m█[38;2;5;6;104m█[38;2;13;15;4m██[38;2;13;13;16m████
████[38;2;13;15;6m██[38;2;4;3;140m█[38;2;6;5;143m█[38;2;0;0;47m█[38;2;37;37;94m█[38;2;229;230;222m█[38;2;255;255;255m█[38;2;254;254;254m█[38;2;253;253;253m███████[38;2;255;255;255m█[38;2;255;255;253m█[38;2;101;101;127m█[38;2;0;0;13m█[38;2;2;3;157m█[38;2;3;4;158m█[38;2;13;13;13m██[38;2;13;13;16m████
██[38;2;13;13;13m██[38;2;13;12;26m██[38;2;3;4;152m█[38;2;0;0;141m█[38;2;15;15;18m█[38;2;218;218;222m█[38;2;255;255;255m█[38;2;253;253;251m█[38;2;253;253;253m█████████[38;2;255;255;255m█[38;2;255;255;251m█[38;2;73;74;66m█[38;2;0;0;120m█[38;2;5;4;143m█[38;2;11;10;49m██[38;2;13;13;11m██[38;2;13;13;16m██
██[38;2;13;13;9m██[38;2;9;10;58m██[38;2;5;4;125m█[38;2;0;0;102m█[38;2;145;146;136m█[38;2;255;255;255m█[38;2;253;253;253m████████████[38;2;255;255;251m█[38;2;221;222;210m█[38;2;2;4;96m█[38;2;0;2;94m█[38;2;9;9;88m█[38;2;8;8;87m█[38;2;13;15;6m██[38;2;13;13;16m██
██[38;2;13;15;6m██[38;2;8;8;87m█[38;2;9;9;88m█[38;2;0;0;84m█[38;2;22;20;108m█[38;2;242;243;232m█[38;2;243;244;233m█[38;2;255;255;255m██[38;2;253;253;253m██████████[38;2;253;254;246m█[38;2;255;255;255m█[38;2;96;97;151m█[38;2;0;0;42m█[38;2;6;6;116m█[38;2;5;5;115m█[38;2;13;15;6m██[38;2;13;13;16m██
██[38;2;13;15;6m██[38;2;5;6;107m█[38;2;6;8;108m█[38;2;0;0;49m█[38;2;102;102;164m█[38;2;179;180;172m█[38;2;8;9;1m█[38;2;112;112;112m█[38;2;236;236;236m█[38;2;255;255;255m██[38;2;253;253;253m█[38;2;254;254;254m█[38;2;255;255;255m█████[38;2;254;254;254m█[38;2;253;253;249m█[38;2;255;255;255m█[38;2;182;181;214m█[38;2;0;0;23m█[38;2;4;4;125m██[38;2;13;13;9m██[38;2;13;13;16m██
██[38;2;13;15;6m██[38;2;5;5;115m█[38;2;6;6;116m█[38;2;0;0;32m█[38;2;152;153;198m█[38;2;209;209;204m█[38;2;20;20;16m█[38;2;0;0;0m█[38;2;25;25;25m█[38;2;153;153;153m█[38;2;251;251;251m█[38;2;255;255;255m█[38;2;249;249;249m█[38;2;216;216;216m█[38;2;214;214;214m███[38;2;216;216;216m█[38;2;249;249;249m█[38;2;254;254;252m█[38;2;255;255;255m█[38;2;223;223;244m█[38;2;9;9;30m█[38;2;0;0;124m█[38;2;5;5;130m█[38;2;13;13;11m██[38;2;13;13;16m██
██[38;2;13;15;6m██[38;2;5;5;117m██[38;2;0;0;27m█[38;2;168;167;207m█[38;2;255;255;255m█[38;2;251;251;246m█[38;2;98;98;98m█[38;2;0;0;0m██[38;2;118;118;118m█[38;2;255;255;255m█[38;2;133;133;133m█[38;2;0;0;0m█████[38;2;136;136;136m█[38;2;255;255;255m█[38;2;255;255;254m█[38;2;236;237;252m█[38;2;20;22;37m█[38;2;0;0;124m█[38;2;5;5;132m█[38;2;13;13;13m██[38;2;13;13;16m██
██[38;2;13;15;6m██[38;2;5;5;117m██[38;2;0;0;28m█[38;2;172;171;210m█[38;2;255;255;255m█[38;2;159;159;154m█[38;2;33;33;33m█[38;2;0;0;0m█[38;2;24;24;24m█[38;2;180;180;180m█[38;2;255;255;255m█[38;2;188;188;188m█[38;2;75;75;75m█[38;2;77;77;77m█[38;2;79;79;79m█[38;2;77;77;77m█[38;2;75;75;75m█[38;2;190;190;190m█[38;2;255;255;255m█[38;2;255;255;254m█[38;2;236;237;252m█[38;2;22;23;38m█[38;2;0;0;122m█[38;2;5;5;130m█[38;2;13;13;13m██[38;2;13;13;16m██
██[38;2;13;15;6m██[38;2;5;5;117m██[38;2;0;0;28m█[38;2;183;182;222m█[38;2;162;162;158m█[38;2;0;0;0m█[38;2;1;1;1m█[38;2;118;118;118m█[38;2;238;238;238m█[38;2;255;255;255m█[38;2;252;252;252m█[38;2;255;255;255m███████[38;2;253;253;251m█[38;2;255;255;254m█[38;2;235;236;251m█[38;2;20;22;37m█[38;2;0;0;124m█[38;2;5;5;132m█[38;2;13;13;13m██[38;2;13;13;16m██
██[38;2;13;15;6m██[38;2;5;5;118m██[38;2;0;0;26m█[38;2;178;176;214m█[38;2;222;222;217m█[38;2;113;113;109m█[38;2;210;210;210m█[38;2;255;255;255m██[38;2;253;253;253m█████████[38;2;253;253;251m█[38;2;255;255;254m█[38;2;235;236;251m█[38;2;19;20;35m█[38;2;0;0;124m█[38;2;5;5;132m█[38;2;13;13;13m██[38;2;13;13;16m██
██[38;2;13;15;6m██[38;2;5;5;118m██[38;2;0;0;26m█[38;2;174;173;210m█[38;2;255;255;255m███[38;2;253;253;253m███████████[38;2;253;253;251m█[38;2;255;255;254m█[38;2;233;235;250m█[38;2;18;19;34m█[38;2;0;0;122m█[38;2;5;5;130m█[38;2;13;13;13m██[38;2;13;13;16m██
██[38;2;13;15;6m██[38;2;5;5;118m██[38;2;0;0;26m█[38;2;178;176;214m█[38;2;255;255;255m█[38;2;253;253;249m█[38;2;253;253;253m████████████[38;2;253;253;251m█[38;2;255;255;254m█[38;2;231;232;247m█[38;2;16;17;32m█[38;2;0;0;123m█[38;2;5;5;130m█[38;2;13;13;13m██[38;2;13;13;16m██
██[38;2;13;15;6m██[38;2;5;5;118m██[38;2;0;0;25m█[38;2;180;179;214m█[38;2;255;255;255m█[38;2;253;253;249m█[38;2;253;253;253m████████████[38;2;253;253;251m█[38;2;255;255;255m█[38;2;230;231;249m█[38;2;15;16;33m█[38;2;0;0;123m█[38;2;5;5;130m█[38;2;13;13;13m██[38;2;13;13;16m██
██[38;2;13;15;6m██[38;2;5;5;120m██[38;2;0;0;26m█[38;2;183;182;217m█[38;2;255;255;255m█[38;2;253;253;249m█[38;2;253;253;253m████████████[38;2;253;253;251m█[38;2;255;255;255m█[38;2;226;228;245m█[38;2;12;13;31m█[38;2;0;0;124m█[38;2;5;5;130m█[38;2;13;13;11m██[38;2;13;13;16m██
██[38;2;13;13;9m██[38;2;5;5;120m██[38;2;0;0;24m█[38;2;188;187;219m█[38;2;255;255;255m█[38;2;253;253;249m█[38;2;253;253;253m████████████[38;2;253;253;251m█[38;2;255;255;255m█[38;2;224;225;243m█[38;2;10;11;28m█[38;2;0;0;124m█[38;2;5;5;130m█[38;2;13;13;11m██[38;2;13;13;16m██
██[38;2;13;13;9m██[38;2;5;5;123m█[38;2;4;4;122m█[38;2;0;0;25m█[38;2;192;190;223m█[38;2;255;255;255m█[38;2;253;253;249m█[38;2;253;253;253m████████████[38;2;253;253;251m█[38;2;255;255;255m█[38;2;222;222;243m█[38;2;9;9;30m█[38;2;0;0;124m█[38;2;5;5;130m█[38;2;13;13;11m██[38;2;13;13;16m██
██[38;2;13;13;9m██[38;2;5;5;123m█[38;2;4;4;122m█[38;2;0;0;24m█[38;2;196;196;225m█[38;2;255;255;255m█[38;2;253;253;249m█[38;2;253;253;253m████████████[38;2;253;253;251m█[38;2;255;255;255m█[38;2;221;221;242m█[38;2;6;6;27m█[38;2;1;1;124m█[38;2;5;5;129m█[38;2;13;13;11m██[38;2;13;13;16m██
██[38;2;13;15;6m██[38;2;5;5;120m██[38;2;0;0;24m█[38;2;174;173;208m█[38;2;255;255;255m█[38;2;255;255;253m█[38;2;255;255;255m██[38;2;253;253;253m███[38;2;255;255;255m███[38;2;253;253;253m███[38;2;255;255;255m███[38;2;195;195;222m█[38;2;0;0;22m█[38;2;3;3;126m█[38;2;4;4;127m█[38;2;13;13;9m██[38;2;13;13;16m██
██[38;2;13;15;6m██[38;2;5;6;110m█[38;2;6;8;111m█[38;2;0;0;54m█[38;2;55;55;117m█[38;2;253;254;244m█[38;2;232;233;223m█[38;2;176;176;174m█[38;2;231;231;229m█[38;2;255;255;255m███[38;2;222;222;222m█[38;2;176;176;174m█[38;2;237;237;235m█[38;2;255;255;255m███[38;2;215;215;215m█[38;2;182;183;173m█[38;2;238;239;229m█[38;2;74;75;129m█[38;2;0;0;45m█[38;2;6;6;118m█[38;2;5;5;117m█[38;2;13;15;6m██[38;2;13;13;16m██
██[38;2;13;13;9m██[38;2;9;9;73m█[38;2;10;10;74m█[38;2;4;4;129m█[38;2;0;0;109m█[38;2;54;53;40m█[38;2;32;31;18m█[38;2;0;0;0m█[38;2;27;27;33m█[38;2;139;140;130m█[38;2;181;182;172m█[38;2;127;127;125m█[38;2;16;16;13m█[38;2;0;0;0m█[38;2;35;35;41m█[38;2;148;150;139m█[38;2;181;182;172m█[38;2;118;118;116m█[38;2;10;10;8m█[38;2;0;0;0m█[38;2;19;19;15m█[38;2;0;0;110m█[38;2;4;3;124m█[38;2;9;9;80m█[38;2;8;8;79m█[38;2;13;15;6m██[38;2;13;13;16m██
██[38;2;13;13;13m██[38;2;13;13;17m██[38;2;3;3;168m█[38;2;2;2;167m█[38;2;0;0;136m█[38;2;0;0;141m█[38;2;2;2;181m█[38;2;0;0;169m█[38;2;0;0;27m█[38;2;0;0;30m█[38;2;0;0;101m█[38;2;0;0;115m█[38;2;2;2;181m█[38;2;0;0;167m█[38;2;0;0;26m█[38;2;0;0;28m█[38;2;0;0;105m█[38;2;0;0;120m█[38;2;1;0;195m█[38;2;0;0;185m█[38;2;1;1;168m█[38;2;3;3;171m█[38;2;13;13;19m██[38;2;13;13;13m██[38;2;13;13;16m██
████[38;2;13;13;9m██[38;2;9;10;63m█[38;2;10;11;65m█[38;2;4;3;174m█[38;2;3;2;173m█[38;2;5;4;139m██[38;2;0;0;219m█[38;2;0;0;218m█[38;2;2;2;175m██[38;2;5;4;139m██[38;2;0;0;222m█[38;2;0;0;221m█[38;2;2;2;175m██[38;2;5;4;139m██[38;2;10;10;69m█[38;2;9;9;68m█[38;2;13;13;9m██[38;2;13;13;16m████
██████[38;2;13;13;11m████[38;2;13;13;9m██[38;2;11;11;38m██[38;2;13;13;19m██[38;2;13;13;9m██[38;2;11;11;38m██[38;2;13;13;19m██[38;2;13;15;4m██[38;2;13;13;11m██[38;2;13;13;16m██████
████████████[38;2;13;13;11m██[38;2;13;13;13m██[38;2;13;13;16m██[38;2;13;13;11m██[38;2;13;13;13m██[38;2;13;13;16m██████████
████████████████████████████████