[38;2;13;13;16m██████████████[38;2;13;13;13m████[38;2;13;13;16m██████████████
██████████[38;2;13;13;13m██[38;2;13;15;6m██[38;2;13;13;19m████[38;2;13;15;6m██[38;2;13;13;13m██[38;2;13;13;16m██████████
████████[38;2;13;13;11m██[38;2;13;13;17m██[38;2;5;4;125m█[38;2;6;5;126m█[38;2;0;0;207m█[38;2;1;1;208m█[38;2;1;1;210m█[38;2;0;0;209m█[38;2;5;5;129m█[38;2;4;4;127m█[38;2;13;13;19m██[38;2;13;13;11m██[38;2;13;13;16m████████
██████[38;2;13;13;13m████[38;2;3;3;166m█[38;2;4;4;167m█[38;2;0;0;232m█[38;2;0;0;229m█[38;2;0;0;152m█[38;2;0;0;148m██[38;2;0;0;152m█[38;2;0;0;226m█[38;2;0;0;230m█[38;2;4;4;172m█[38;2;3;3;171m█[38;2;13;13;16m██[38;2;13;13;13m██[38;2;13;13;16m██████
██████[38;2;13;15;4m██[38;2;5;5;120m█[38;2;6;6;122m█[38;2;1;1;208m█[38;2;0;0;197m█[38;2;0;0;24m█[38;2;0;0;33m█[38;2;30;31;19m█[38;2;51;52;40m█[38;2;52;53;41m█[38;2;31;32;20m█[38;2;0;0;31m█[38;2;0;0;19m█[38;2;0;0;192m█[38;2;0;1;202m█[38;2;5;5;129m█[38;2;4;4;127m█[38;2;13;15;4m██[38;2;13;13;16m██████
████[38;2;13;13;11m██[38;2;11;11;37m██[38;2;0;1;204m█[38;2;0;0;203m█[38;2;0;0;30m█[38;2;11;10;51m█[38;2;116;117;105m█[38;2;204;205;194m█[38;2;244;244;244m█[38;2;255;255;255m██[38;2;245;245;245m█[38;2;209;210;198m█[38;2;125;126;115m█[38;2;17;16;51m█[38;2;0;0;23m█[38;2;0;0;202m█[38;2;1;2;205m█[38;2;11;10;42m██[38;2;13;13;11m██[38;2;13;13;16m████
████[38;2;13;15;4m██[38;2;5;5;120m█[38;2;6;6;122m█[38;2;3;3;132m█[38;2;0;0;109m█[38;2;69;68;55m█[38;2;224;223;210m█[38;2;255;255;255m███[38;2;254;254;254m██[38;2;255;255;255m███[38;2;232;231;218m█[38;2;83;82;69m█[38;2;0;0;101m█[38;2;3;2;123m█[38;2;6;6;131m█[38;2;4;4;129m█[38;2;13;15;4m██[38;2;13;13;16m████
██████[38;2;3;3;168m██[38;2;0;0;22m█[38;2;83;82;117m█[38;2;254;254;250m█[38;2;255;255;255m█[38;2;253;253;253m████████[38;2;255;255;255m██[38;2;102;102;129m█[38;2;0;0;13m█[38;2;2;1;172m█[38;2;3;2;173m█[38;2;13;13;19m██[38;2;13;13;13m██[38;2;13;13;16m██
██[38;2;13;13;11m██[38;2;11;10;47m██[38;2;4;5;157m█[38;2;0;0;138m█[38;2;47;47;42m█[38;2;249;249;244m█[38;2;255;255;255m█[38;2;253;253;253m██████████[38;2;255;255;255m█[38;2;255;255;250m█[38;2;66;67;59m█[38;2;0;0;131m█[38;2;4;5;153m█[38;2;9;10;55m██[38;2;13;13;11m██[38;2;13;13;16m██
██[38;2;13;15;6m██[38;2;8;8;83m█[38;2;9;9;84m█[38;2;3;3;112m█[38;2;0;0;101m█[38;2;195;196;185m█[38;2;255;255;254m█[38;2;253;253;253m████████████[38;2;255;255;252m█[38;2;210;211;200m█[38;2;0;0;98m█[38;2;1;2;103m█[38;2;9;8;93m█[38;2;8;6;91m█[38;2;13;15;6m██[38;2;13;13;16m██
██[38;2;13;15;4m██[38;2;5;6;108m█[38;2;8;9;110m█[38;2;0;0;67m█[38;2;38;38;111m█[38;2;238;239;229m█[38;2;255;255;255m██[38;2;253;253;253m███████████[38;2;253;254;246m█[38;2;255;255;255m█[38;2;77;77;141m█[38;2;0;0;54m█[38;2;6;6;116m█[38;2;5;5;115m█[38;2;13;15;4m██[38;2;13;13;16m██
██[38;2;13;15;6m██[38;2;5;5;120m█[38;2;6;6;122m█[38;2;0;0;46m█[38;2;0;0;35m█[38;2;22;23;15m█[38;2;147;148;140m█[38;2;251;251;251m█[38;2;255;255;255m█[38;2;253;253;253m██[38;2;255;255;255m██████[38;2;253;253;253m██[38;2;253;253;249m█[38;2;255;255;255m█[38;2;158;160;198m█[38;2;0;0;26m█[38;2;5;5;126m█[38;2;4;4;125m█[38;2;13;15;6m██[38;2;13;13;16m██
██[38;2;13;15;6m██[38;2;4;4;125m██[38;2;0;0;33m█[38;2;76;75;110m█[38;2;11;11;6m█[38;2;0;0;0m█[38;2;48;48;48m█[38;2;186;186;186m█[38;2;255;255;255m██[38;2;214;214;214m█[38;2;186;186;186m█[38;2;188;188;188m██[38;2;186;186;186m█[38;2;209;209;209m█[38;2;254;254;254m█[38;2;253;253;253m█[38;2;253;253;251m█[38;2;255;255;255m█[38;2;203;203;230m█[38;2;0;0;24m█[38;2;3;3;126m█[38;2;5;5;129m█[38;2;13;13;9m██[38;2;13;13;16m██
██[38;2;13;13;9m██[38;2;4;5;123m█[38;2;3;4;122m█[38;2;0;0;24m█[38;2;216;216;245m█[38;2;223;223;218m█[38;2;31;31;26m█[38;2;0;0;0m██[38;2;218;218;218m█[38;2;246;246;246m█[38;2;18;18;18m█[38;2;0;0;0m████[38;2;4;4;4m█[38;2;228;228;228m█[38;2;255;255;255m█[38;2;253;253;251m█[38;2;255;255;255m█[38;2;216;216;239m█[38;2;4;4;27m█[38;2;2;1;124m█[38;2;6;5;129m█[38;2;13;13;11m██[38;2;13;13;16m██
██[38;2;13;13;9m██[38;2;4;5;123m█[38;2;3;4;122m█[38;2;1;1;30m█[38;2;145;145;174m█[38;2;74;74;69m█[38;2;0;0;0m█[38;2;1;1;1m█[38;2;112;112;112m█[38;2;247;247;247m█[38;2;254;254;254m█[38;2;148;148;148m█[38;2;107;107;107m█[38;2;111;111;111m██[38;2;107;107;107m█[38;2;139;139;139m█[38;2;249;249;249m█[38;2;254;254;254m█[38;2;253;253;251m█[38;2;255;255;255m█[38;2;217;217;240m█[38;2;5;5;28m█[38;2;2;1;124m█[38;2;6;5;129m█[38;2;13;13;11m██[38;2;13;13;16m██
██[38;2;13;13;9m██[38;2;4;5;123m██[38;2;0;0;28m█[38;2;0;0;16m█[38;2;0;0;0m█[38;2;72;72;67m█[38;2;207;207;207m█[38;2;255;255;255m██[38;2;253;253;253m█[38;2;255;255;255m██████[38;2;254;254;254m█[38;2;253;253;253m█[38;2;253;253;251m█[38;2;255;255;255m█[38;2;216;216;239m█[38;2;4;4;27m█[38;2;2;1;124m█[38;2;6;5;129m█[38;2;13;13;11m██[38;2;13;13;16m██
██[38;2;13;13;9m██[38;2;4;5;123m█[38;2;3;4;122m█[38;2;0;0;28m█[38;2;124;124;153m█[38;2;181;181;176m█[38;2;255;255;253m█[38;2;255;255;255m█[38;2;253;253;253m███████████[38;2;253;253;251m█[38;2;255;255;255m█[38;2;216;216;239m█[38;2;4;4;27m█[38;2;2;1;124m█[38;2;6;5;129m█[38;2;13;13;11m██[38;2;13;13;16m██
██[38;2;13;13;9m██[38;2;4;5;123m█[38;2;3;4;122m█[38;2;0;0;25m█[38;2;208;208;237m█[38;2;255;255;255m█[38;2;254;254;250m█[38;2;253;253;253m████████████[38;2;253;253;251m█[38;2;255;255;255m█[38;2;216;216;239m█[38;2;4;4;27m█[38;2;1;1;124m█[38;2;5;5;129m█[38;2;13;13;11m██[38;2;13;13;16m██
██[38;2;13;13;9m██[38;2;4;5;123m█[38;2;3;4;122m█[38;2;0;0;26m█[38;2;200;200;229m█[38;2;255;255;255m█[38;2;253;253;249m█[38;2;253;253;253m████████████[38;2;253;253;251m█[38;2;255;255;255m█[38;2;215;215;238m█[38;2;4;4;27m█[38;2;1;1;124m█[38;2;5;5;129m█[38;2;13;13;11m██[38;2;13;13;16m██
██[38;2;13;13;9m██[38;2;4;5;123m█[38;2;3;4;122m█[38;2;0;0;24m█[38;2;200;200;226m█[38;2;255;255;255m█[38;2;253;253;249m█[38;2;253;253;253m████████████[38;2;253;253;251m█[38;2;255;255;255m█[38;2;214;214;237m█[38;2;3;3;26m█[38;2;1;1;124m█[38;2;5;5;129m█[38;2;13;13;11m██[38;2;13;13;16m██
██[38;2;13;13;9m██[38;2;5;5;123m█[38;2;3;3;120m█[38;2;0;0;24m█[38;2;202;202;229m█[38;2;255;255;255m█[38;2;253;253;249m█[38;2;253;253;253m████████████[38;2;253;253;251m█[38;2;255;255;255m█[38;2;212;212;236m█[38;2;3;3;26m█[38;2;2;2;125m█[38;2;5;5;129m█[38;2;13;13;11m██[38;2;13;13;16m██
██[38;2;13;13;9m██[38;2;5;4;125m█[38;2;3;2;123m█[38;2;0;0;24m█[38;2;202;202;229m█[38;2;255;255;255m█[38;2;253;253;249m█[38;2;253;253;253m████████████[38;2;253;253;251m█[38;2;255;255;255m█[38;2;212;212;236m█[38;2;2;2;25m█[38;2;2;2;125m█[38;2;5;5;129m█[38;2;13;13;11m██[38;2;13;13;16m██
██[38;2;13;13;9m██[38;2;4;4;125m█[38;2;2;2;123m█[38;2;0;0;25m█[38;2;204;204;231m█[38;2;255;255;255m█[38;2;253;253;251m█[38;2;253;253;253m████████████[38;2;253;253;251m█[38;2;255;255;255m█[38;2;214;214;237m█[38;2;3;3;26m█[38;2;2;2;123m█[38;2;5;5;126m█[38;2;13;13;9m██[38;2;13;13;16m██
██[38;2;13;13;9m██[38;2;4;4;125m█[38;2;3;3;124m█[38;2;0;0;23m█[38;2;194;194;223m█[38;2;255;255;255m█[38;2;255;255;253m█[38;2;253;253;253m████[38;2;255;255;255m██[38;2;253;253;253m████[38;2;255;255;255m██[38;2;253;253;251m█[38;2;255;255;255m█[38;2;202;202;229m█[38;2;0;0;23m█[38;2;3;3;124m█[38;2;5;5;126m█[38;2;13;13;9m██[38;2;13;13;16m██
██[38;2;13;15;6m██[38;2;5;5;117m█[38;2;6;6;118m█[38;2;0;0;39m█[38;2;96;97;147m█[38;2;247;249;240m█[38;2;231;232;224m█[38;2;255;255;255m████[38;2;240;240;240m█[38;2;231;231;231m█[38;2;255;255;255m████[38;2;237;237;237m█[38;2;236;236;236m█[38;2;255;255;255m██[38;2;103;104;150m█[38;2;0;0;33m█[38;2;6;6;119m█[38;2;5;5;118m█[38;2;13;15;6m██[38;2;13;13;16m██
██[38;2;13;15;6m██[38;2;8;8;87m█[38;2;9;9;88m█[38;2;2;3;107m█[38;2;0;0;98m█[38;2;28;27;12m█[38;2;13;12;0m█[38;2;110;110;105m█[38;2;216;216;211m█[38;2;226;226;222m█[38;2;154;154;150m█[38;2;28;30;22m█[38;2;12;13;5m█[38;2;123;123;118m█[38;2;221;221;216m█[38;2;225;225;221m█[38;2;143;143;138m█[38;2;22;23;15m█[38;2;19;20;12m█[38;2;141;141;123m█[38;2;123;123;104m█[38;2;0;0;90m█[38;2;2;3;104m█[38;2;9;8;90m█[38;2;8;6;89m█[38;2;13;15;6m██[38;2;13;13;16m██
██[38;2;13;13;13m██[38;2;11;12;30m██[38;2;4;3;178m█[38;2;0;0;171m█[38;2;0;0;147m█[38;2;0;0;152m█[38;2;0;0;25m█[38;2;2;1;38m█[38;2;8;8;28m█[38;2;0;0;10m█[38;2;0;0;140m█[38;2;0;0;144m█[38;2;0;0;23m█[38;2;4;3;38m█[38;2;6;6;32m█[38;2;0;0;15m█[38;2;0;0;139m██[38;2;0;0;48m██[38;2;0;0;171m█[38;2;3;3;176m█[38;2;11;11;32m██[38;2;13;13;13m██[38;2;13;13;16m██
████[38;2;13;15;6m██[38;2;8;6;94m█[38;2;9;8;95m█[38;2;2;2;181m██[38;2;0;0;207m█[38;2;0;0;202m█[38;2;0;0;203m█[38;2;0;0;208m█[38;2;2;2;176m██[38;2;0;0;207m█[38;2;0;0;202m█[38;2;0;0;204m█[38;2;0;0;208m█[38;2;2;2;176m██[38;2;0;0;219m██[38;2;9;8;96m█[38;2;8;6;95m█[38;2;13;15;6m██[38;2;13;13;16m████
██████[38;2;13;13;11m██[38;2;13;13;9m██[38;2;9;10;61m█[38;2;10;11;62m█[38;2;10;10;72m█[38;2;9;9;70m█[38;2;13;13;11m██[38;2;9;10;63m█[38;2;10;11;65m█[38;2;9;10;72m█[38;2;8;9;70m█[38;2;13;13;13m██[38;2;11;10;42m██[38;2;13;13;13m██[38;2;13;13;16m██████
██████████[38;2;13;13;9m████[38;2;13;13;16m██[38;2;13;13;9m████[38;2;13;13;16m██[38;2;13;13;11m██[38;2;13;13;16m████████
████████████████████████████████
████████████████████████████████