[38;2;13;13;16m████████████████████████████████
████████████[38;2;13;13;9m██[38;2;13;15;4m████[38;2;13;13;11m██[38;2;13;13;16m████████████
██████████[38;2;13;15;6m██[38;2;9;10;55m██[38;2;6;5;126m██[38;2;6;6;118m██[38;2;11;11;38m██[38;2;13;15;6m██[38;2;13;13;16m██████████
████████[38;2;13;15;6m██[38;2;5;5;112m█[38;2;6;6;113m█[38;2;0;0;222m█[38;2;0;0;219m█[38;2;0;0;180m█[38;2;0;0;178m█[38;2;0;0;189m█[38;2;0;0;194m█[38;2;0;0;215m█[38;2;1;1;216m█[38;2;10;10;75m█[38;2;9;9;74m█[38;2;13;15;6m██[38;2;13;13;16m████████
██████[38;2;13;15;4m██[38;2;8;6;94m█[38;2;9;8;95m█[38;2;0;1;200m█[38;2;0;0;189m█[38;2;0;0;32m█[38;2;0;0;39m█[38;2;17;18;10m█[38;2;30;31;23m█[38;2;25;25;20m█[38;2;5;5;1m█[38;2;0;0;66m█[38;2;0;0;73m█[38;2;0;0;204m█[38;2;1;1;208m█[38;2;11;10;47m██[38;2;13;13;9m██[38;2;13;13;16m██████
████[38;2;13;13;11m██[38;2;11;11;32m██[38;2;2;1;187m█[38;2;0;0;183m█[38;2;0;0;22m█[38;2;19;18;53m█[38;2;119;120;109m█[38;2;197;198;187m█[38;2;233;233;233m█[38;2;244;244;244m█[38;2;240;240;238m█[38;2;217;217;215m█[38;2;159;158;143m█[38;2;60;59;44m█[38;2;0;0;73m█[38;2;0;0;84m█[38;2;4;4;164m█[38;2;3;3;162m█[38;2;13;13;9m██[38;2;13;13;16m██████
████[38;2;13;15;4m██[38;2;5;5;118m█[38;2;8;8;120m█[38;2;0;1;104m█[38;2;0;0;88m█[38;2;101;100;87m█[38;2;236;235;222m█[38;2;255;255;255m████████[38;2;161;162;154m█[38;2;12;13;5m█[38;2;0;0;146m█[38;2;4;4;164m█[38;2;10;11;61m█[38;2;9;10;60m█[38;2;13;13;9m██[38;2;13;13;16m████
██[38;2;13;13;13m██[38;2;13;12;22m██[38;2;3;3;160m█[38;2;0;0;155m█[38;2;0;0;6m█[38;2;136;137;152m█[38;2;255;255;255m██[38;2;253;253;253m███████[38;2;254;254;254m█[38;2;255;255;255m█[38;2;204;205;195m█[38;2;12;12;86m█[38;2;0;0;68m█[38;2;6;6;130m█[38;2;4;4;127m█[38;2;13;15;4m██[38;2;13;13;16m████
██[38;2;13;13;9m██[38;2;9;10;61m██[38;2;5;5;132m█[38;2;0;0;107m█[38;2;111;112;101m█[38;2;255;255;255m█[38;2;254;254;254m█[38;2;253;253;253m█████████[38;2;253;253;251m█[38;2;255;255;255m█[38;2;183;185;198m█[38;2;0;0;11m█[38;2;0;0;146m█[38;2;3;4;152m█[38;2;13;13;17m██[38;2;13;13;16m████
██[38;2;13;15;6m██[38;2;8;5;102m█[38;2;9;6;103m█[38;2;0;0;72m█[38;2;31;31;108m█[38;2;246;247;237m█[38;2;255;255;249m█[38;2;255;255;255m█[38;2;253;253;253m███████████[38;2;255;255;255m█[38;2;101;102;94m█[38;2;0;0;113m█[38;2;5;4;137m█[38;2;11;10;45m██[38;2;13;13;11m██[38;2;13;13;16m██
██[38;2;13;15;6m██[38;2;5;4;125m█[38;2;6;5;126m█[38;2;0;0;27m█[38;2;145;144;185m█[38;2;255;255;255m█[38;2;253;253;249m█[38;2;239;239;239m█[38;2;255;255;255m██[38;2;253;253;253m█████████[38;2;255;255;250m█[38;2;212;214;202m█[38;2;0;0;97m█[38;2;2;3;104m█[38;2;10;10;74m█[38;2;9;9;73m█[38;2;13;13;9m██[38;2;13;13;16m██
██[38;2;13;13;11m██[38;2;5;5;134m█[38;2;0;0;129m█[38;2;6;8;25m█[38;2;219;221;238m█[38;2;255;255;255m█[38;2;169;169;167m█[38;2;8;8;8m█[38;2;111;111;111m█[38;2;235;235;235m█[38;2;255;255;255m██[38;2;253;253;253m█[38;2;254;254;254m█[38;2;255;255;255m█████[38;2;255;255;246m█[38;2;255;255;247m█[38;2;48;48;125m█[38;2;0;0;70m█[38;2;9;8;93m█[38;2;8;6;91m█[38;2;13;15;6m██[38;2;13;13;16m██
██[38;2;13;13;17m██[38;2;5;5;134m█[38;2;0;0;123m█[38;2;39;38;47m█[38;2;250;249;255m█[38;2;255;255;255m█[38;2;198;198;196m█[38;2;22;22;22m█[38;2;0;0;0m█[38;2;24;24;24m█[38;2;151;151;151m█[38;2;250;250;250m█[38;2;255;255;255m█[38;2;250;250;250m█[38;2;216;216;216m█[38;2;214;214;214m███[38;2;216;216;216m█[38;2;249;250;242m█[38;2;255;255;255m█[38;2;97;97;159m█[38;2;0;0;49m█[38;2;6;8;103m█[38;2;5;6;102m█[38;2;13;15;6m██[38;2;13;13;16m██
██[38;2;13;13;19m██[38;2;5;5;132m█[38;2;0;0;117m█[38;2;56;56;60m█[38;2;255;255;255m█[38;2;253;253;253m█[38;2;255;255;255m█[38;2;252;252;252m█[38;2;102;102;102m█[38;2;0;0;0m██[38;2;113;113;113m█[38;2;255;255;255m█[38;2;138;138;138m█[38;2;0;0;0m█████[38;2;132;133;125m█[38;2;255;255;255m█[38;2;120;122;175m█[38;2;0;0;41m█[38;2;6;8;108m█[38;2;5;6;107m█[38;2;13;15;6m██[38;2;13;13;16m██
██[38;2;13;13;19m██[38;2;5;5;132m█[38;2;0;0;117m█[38;2;56;56;60m█[38;2;255;255;255m██[38;2;252;252;252m█[38;2;162;162;162m█[38;2;35;35;35m█[38;2;0;0;0m█[38;2;20;20;20m█[38;2;176;176;176m█[38;2;255;255;255m█[38;2;192;192;192m█[38;2;75;75;75m█[38;2;77;77;77m█[38;2;79;79;79m█[38;2;77;77;77m█[38;2;75;75;75m█[38;2;187;188;180m█[38;2;255;255;255m█[38;2;124;125;176m█[38;2;0;0;39m█[38;2;6;8;109m█[38;2;5;6;108m█[38;2;13;15;6m██[38;2;13;13;16m██
██[38;2;13;13;19m██[38;2;5;5;132m█[38;2;0;0;118m█[38;2;54;54;60m█[38;2;255;255;255m██[38;2;162;162;162m█[38;2;0;0;0m██[38;2;112;112;112m█[38;2;236;236;236m█[38;2;255;255;255m█[38;2;252;252;252m█[38;2;255;255;255m██████[38;2;255;255;252m█[38;2;255;255;255m█[38;2;125;126;178m█[38;2;0;0;39m█[38;2;6;8;109m█[38;2;5;6;108m█[38;2;13;15;6m██[38;2;13;13;16m██
██[38;2;13;13;19m██[38;2;5;5;132m█[38;2;0;0;118m█[38;2;52;52;58m█[38;2;255;255;255m██[38;2;218;218;218m█[38;2;113;113;113m█[38;2;204;204;204m█[38;2;255;255;255m██[38;2;253;253;253m████████[38;2;253;254;246m█[38;2;255;255;255m█[38;2;129;130;181m█[38;2;0;0;38m█[38;2;6;8;109m█[38;2;5;6;108m█[38;2;13;15;6m██[38;2;13;13;16m██
██[38;2;13;13;17m██[38;2;5;5;132m█[38;2;0;0;119m█[38;2;48;48;54m█[38;2;253;253;255m█[38;2;254;254;252m█[38;2;255;255;254m█[38;2;255;255;255m██[38;2;253;253;253m██████████[38;2;253;254;246m█[38;2;255;255;255m█[38;2;133;134;185m█[38;2;0;0;37m█[38;2;6;8;111m█[38;2;5;6;110m█[38;2;13;15;6m██[38;2;13;13;16m██
██[38;2;13;13;17m██[38;2;5;5;132m█[38;2;0;0;119m█[38;2;44;42;52m█[38;2;252;251;255m█[38;2;254;254;252m█[38;2;253;253;251m█[38;2;253;253;253m████████████[38;2;253;254;246m█[38;2;255;255;255m█[38;2;139;140;188m█[38;2;0;0;34m█[38;2;6;8;111m█[38;2;5;6;110m█[38;2;13;15;6m██[38;2;13;13;16m██
████[38;2;5;5;132m█[38;2;0;0;120m█[38;2;38;37;46m█[38;2;249;247;255m█[38;2;255;255;253m█[38;2;253;253;251m█[38;2;253;253;253m████████████[38;2;253;253;249m█[38;2;255;255;255m█[38;2;146;147;193m█[38;2;0;0;32m█[38;2;6;6;113m█[38;2;5;5;112m█[38;2;13;15;6m██[38;2;13;13;16m██
████[38;2;5;5;132m█[38;2;0;0;122m█[38;2;33;32;44m█[38;2;245;244;255m█[38;2;255;255;253m█[38;2;253;253;251m█[38;2;253;253;253m████████████[38;2;253;253;249m█[38;2;255;255;255m█[38;2;154;157;198m█[38;2;0;0;30m█[38;2;6;6;116m█[38;2;5;5;115m█[38;2;13;15;6m██[38;2;13;13;16m██
██[38;2;13;13;13m██[38;2;5;5;132m█[38;2;0;0;123m█[38;2;25;26;40m█[38;2;239;240;254m█[38;2;255;255;254m█[38;2;253;253;251m█[38;2;253;253;253m████████████[38;2;253;253;249m█[38;2;255;255;255m█[38;2;162;165;204m█[38;2;0;0;28m█[38;2;6;6;118m█[38;2;5;5;117m█[38;2;13;15;6m██[38;2;13;13;16m██
██[38;2;13;13;13m██[38;2;5;5;130m█[38;2;0;0;122m█[38;2;19;20;35m█[38;2;235;236;251m█[38;2;255;255;254m█[38;2;253;253;251m█[38;2;253;253;253m████████████[38;2;253;253;249m█[38;2;255;255;255m█[38;2;173;172;211m█[38;2;0;0;28m█[38;2;5;5;118m██[38;2;13;15;6m██[38;2;13;13;16m██
██[38;2;13;13;13m██[38;2;5;5;130m█[38;2;0;0;123m█[38;2;15;16;33m█[38;2;231;232;250m█[38;2;255;255;254m█[38;2;253;253;251m█[38;2;253;253;253m████████████[38;2;253;253;249m█[38;2;255;255;255m█[38;2;182;181;216m█[38;2;0;0;25m█[38;2;5;5;120m██[38;2;13;15;6m██[38;2;13;13;16m██
██[38;2;13;13;9m██[38;2;5;5;129m█[38;2;2;2;125m█[38;2;0;0;22m█[38;2;205;205;229m█[38;2;255;255;255m█[38;2;253;253;251m█[38;2;253;253;253m██[38;2;255;255;255m███[38;2;253;253;253m███[38;2;255;255;255m███[38;2;253;253;253m█[38;2;253;253;249m█[38;2;255;255;255m█[38;2;162;161;201m█[38;2;0;0;27m█[38;2;6;6;119m█[38;2;5;5;118m█[38;2;13;15;6m██[38;2;13;13;16m██
██[38;2;13;15;6m██[38;2;5;5;118m█[38;2;6;6;119m█[38;2;0;0;41m█[38;2;74;75;125m█[38;2;246;247;239m█[38;2;255;255;255m███[38;2;212;212;210m█[38;2;181;181;179m█[38;2;245;245;245m█[38;2;255;255;255m███[38;2;204;204;202m█[38;2;182;182;180m█[38;2;251;251;251m█[38;2;255;255;255m██[38;2;250;251;240m█[38;2;51;51;115m█[38;2;0;0;58m█[38;2;6;8;109m█[38;2;5;6;108m█[38;2;13;15;6m██[38;2;13;13;16m██
██[38;2;13;15;6m██[38;2;8;8;79m█[38;2;9;9;80m█[38;2;3;3;127m█[38;2;0;0;108m█[38;2;39;38;23m█[38;2;152;151;136m█[38;2;181;182;172m█[38;2;116;117;107m█[38;2;8;6;16m█[38;2;0;0;0m█[38;2;49;49;45m█[38;2;157;157;152m█[38;2;179;180;169m█[38;2;104;105;95m█[38;2;2;1;10m█[38;2;0;0;0m█[38;2;59;60;52m█[38;2;164;165;157m█[38;2;165;164;148m█[38;2;55;54;39m█[38;2;0;0;110m█[38;2;4;4;131m█[38;2;10;10;74m█[38;2;9;9;73m█[38;2;13;13;9m██[38;2;13;13;16m██
██[38;2;13;13;13m██[38;2;13;13;19m██[38;2;2;1;186m██[38;2;0;0;94m█[38;2;0;0;83m█[38;2;0;0;38m██[38;2;0;0;187m█[38;2;1;0;193m█[38;2;0;0;83m█[38;2;0;0;74m█[38;2;0;0;44m█[38;2;0;0;45m█[38;2;0;0;190m█[38;2;1;0;195m█[38;2;0;0;73m█[38;2;0;0;66m█[38;2;0;0;68m█[38;2;0;0;75m█[38;2;2;1;174m█[38;2;3;2;175m█[38;2;13;13;17m██[38;2;13;13;13m██[38;2;13;13;16m██
████[38;2;13;13;9m██[38;2;11;10;51m█[38;2;12;11;52m█[38;2;2;0;196m██[38;2;0;0;214m█[38;2;0;0;215m█[38;2;5;5;130m██[38;2;2;1;192m██[38;2;0;0;211m█[38;2;0;0;212m█[38;2;5;5;129m██[38;2;2;0;198m██[38;2;0;0;207m██[38;2;10;11;61m█[38;2;9;10;60m█[38;2;13;13;9m██[38;2;13;13;16m████
██████[38;2;13;13;9m██[38;2;13;12;24m██[38;2;11;11;37m██[38;2;13;15;6m██[38;2;13;12;26m██[38;2;11;11;34m██[38;2;13;15;4m██[38;2;13;12;27m████[38;2;13;13;9m██[38;2;13;13;16m██████
████████[38;2;13;13;13m██[38;2;13;13;11m██[38;2;13;13;16m██[38;2;13;13;13m██[38;2;13;13;11m██[38;2;13;13;16m██[38;2;13;13;13m████[38;2;13;13;16m████████
████████████████████████████████