[38;2;13;13;16m██████████[38;2;13;15;6m██[38;2;11;11;32m██[38;2;9;8;96m████[38;2;11;11;32m██[38;2;13;15;6m██[38;2;13;13;16m██████████
████████[38;2;13;15;6m██[38;2;9;9;74m█[38;2;10;10;75m█[38;2;0;0;209m█[38;2;0;0;208m█[38;2;0;0;195m█[38;2;0;0;192m██[38;2;0;0;195m█[38;2;0;0;208m█[38;2;0;0;209m█[38;2;10;10;75m█[38;2;9;9;74m█[38;2;13;15;6m██[38;2;13;13;16m████████
██████[38;2;13;13;9m██[38;2;9;10;55m██[38;2;1;2;203m█[38;2;0;0;197m█[38;2;0;0;65m█[38;2;0;0;61m█[38;2;6;6;4m█[38;2;22;22;19m██[38;2;6;6;4m█[38;2;0;0;61m█[38;2;0;0;65m█[38;2;0;0;197m█[38;2;1;2;203m█[38;2;10;11;56m█[38;2;9;10;55m█[38;2;13;13;9m██[38;2;13;13;16m██████
██████[38;2;13;13;13m██[38;2;3;3;171m██[38;2;0;0;60m█[38;2;0;0;61m█[38;2;80;79;63m█[38;2;171;169;154m█[38;2;218;218;216m█[38;2;237;237;235m██[38;2;218;218;216m█[38;2;171;169;154m█[38;2;80;79;63m█[38;2;0;0;61m█[38;2;0;0;60m█[38;2;3;3;171m██[38;2;13;13;13m██[38;2;13;13;16m██████
████[38;2;13;15;6m██[38;2;8;8;81m█[38;2;9;9;82m█[38;2;4;3;141m█[38;2;0;0;119m█[38;2;41;42;31m█[38;2;195;196;185m█[38;2;255;255;255m████████[38;2;195;196;185m█[38;2;41;42;31m█[38;2;0;0;119m█[38;2;4;3;141m█[38;2;9;9;82m█[38;2;8;8;81m█[38;2;13;15;6m██[38;2;13;13;16m████
████[38;2;13;13;9m██[38;2;4;3;141m█[38;2;5;4;143m█[38;2;0;0;33m█[38;2;58;59;104m█[38;2;242;243;235m█[38;2;255;255;255m█[38;2;253;253;253m████████[38;2;255;255;255m█[38;2;242;243;235m█[38;2;58;59;104m█[38;2;0;0;33m█[38;2;5;4;143m█[38;2;4;3;141m█[38;2;13;13;9m██[38;2;13;13;16m████
██[38;2;13;13;13m██[38;2;11;11;32m██[38;2;6;5;148m█[38;2;0;0;132m█[38;2;34;34;32m█[38;2;238;238;236m█[38;2;255;255;255m█[38;2;253;253;253m██████████[38;2;255;255;255m█[38;2;238;238;236m█[38;2;34;34;32m█[38;2;0;0;132m█[38;2;4;6;148m█[38;2;11;11;32m██[38;2;13;13;13m██[38;2;13;13;16m██
██[38;2;13;13;9m██[38;2;9;9;68m█[38;2;10;10;69m█[38;2;4;4;113m█[38;2;0;0;95m█[38;2;180;181;169m█[38;2;255;255;255m█[38;2;253;253;253m████████████[38;2;255;255;255m█[38;2;180;181;169m█[38;2;0;0;95m█[38;2;4;4;113m█[38;2;10;10;69m█[38;2;9;9;68m█[38;2;13;13;9m██[38;2;13;13;16m██
██[38;2;13;15;6m██[38;2;8;6;97m█[38;2;9;8;98m█[38;2;0;0;66m█[38;2;51;51;124m█[38;2;255;255;247m█[38;2;255;255;250m█[38;2;255;255;255m██[38;2;254;254;254m█[38;2;253;253;253m████[38;2;255;255;255m███[38;2;253;253;253m██[38;2;254;255;245m█[38;2;255;255;249m█[38;2;51;51;124m█[38;2;0;0;66m█[38;2;6;9;98m█[38;2;5;8;97m█[38;2;13;15;6m██[38;2;13;13;16m██
██[38;2;13;15;6m██[38;2;5;5;115m█[38;2;6;6;116m█[38;2;0;0;32m█[38;2;133;134;180m█[38;2;255;255;255m█[38;2;203;204;196m█[38;2;65;65;65m█[38;2;164;164;164m█[38;2;255;255;255m██[38;2;253;253;253m██[38;2;255;255;255m█[38;2;141;141;141m█[38;2;79;79;79m█[38;2;208;208;208m█[38;2;255;255;255m██[38;2;253;254;246m█[38;2;255;255;255m█[38;2;133;134;180m█[38;2;0;0;32m█[38;2;6;6;116m█[38;2;5;5;115m█[38;2;13;15;6m██[38;2;13;13;16m██
██[38;2;13;13;9m██[38;2;5;5;123m██[38;2;0;0;24m█[38;2;187;186;218m█[38;2;255;255;255m█[38;2;182;182;178m█[38;2;0;0;0m██[38;2;67;67;67m█[38;2;202;202;202m█[38;2;255;255;255m█[38;2;253;253;253m█[38;2;255;255;255m█[38;2;101;101;101m█[38;2;0;0;0m██[38;2;115;115;115m█[38;2;236;236;236m█[38;2;255;255;255m██[38;2;187;186;218m█[38;2;0;0;24m█[38;2;4;5;123m██[38;2;13;13;9m██[38;2;13;13;16m██
██[38;2;13;13;9m██[38;2;4;4;125m█[38;2;2;2;123m█[38;2;0;0;26m█[38;2;207;207;233m█[38;2;255;255;255m██[38;2;209;209;209m█[38;2;72;72;72m█[38;2;0;0;0m██[38;2;139;139;139m█[38;2;255;255;255m█[38;2;254;254;254m█[38;2;253;253;253m█[38;2;168;168;168m█[38;2;27;27;27m█[38;2;0;0;0m█[38;2;22;22;22m█[38;2;207;207;204m█[38;2;255;255;255m█[38;2;207;207;233m█[38;2;0;0;26m█[38;2;2;2;123m█[38;2;4;4;125m█[38;2;13;13;9m██[38;2;13;13;16m██
██[38;2;13;13;9m██[38;2;4;4;125m█[38;2;2;2;123m█[38;2;0;0;25m█[38;2;208;208;233m█[38;2;255;255;255m██[38;2;229;229;229m█[38;2;88;88;88m█[38;2;0;0;0m██[38;2;124;124;124m█[38;2;255;255;255m█[38;2;254;254;254m█[38;2;255;255;255m█[38;2;190;190;190m█[38;2;37;37;37m█[38;2;0;0;0m█[38;2;6;6;6m█[38;2;198;198;196m█[38;2;255;255;255m█[38;2;208;208;233m█[38;2;0;0;25m█[38;2;2;2;123m█[38;2;4;4;125m█[38;2;13;13;9m██[38;2;13;13;16m██
██[38;2;13;13;9m██[38;2;4;4;125m█[38;2;2;2;123m█[38;2;0;0;25m█[38;2;208;208;233m█[38;2;255;255;255m█[38;2;192;192;189m█[38;2;0;0;0m██[38;2;47;47;47m█[38;2;183;183;183m█[38;2;255;255;255m█[38;2;254;254;254m█[38;2;255;255;255m█[38;2;115;115;115m█[38;2;0;0;0m██[38;2;91;91;91m█[38;2;222;222;222m█[38;2;255;255;255m██[38;2;208;208;233m█[38;2;0;0;25m█[38;2;2;2;123m█[38;2;4;4;125m█[38;2;13;13;9m██[38;2;13;13;16m██
██[38;2;13;13;9m██[38;2;4;4;125m█[38;2;2;2;123m█[38;2;0;0;25m█[38;2;208;208;233m█[38;2;255;255;255m█[38;2;194;194;192m█[38;2;41;41;41m█[38;2;141;141;141m█[38;2;251;251;251m█[38;2;255;255;255m█[38;2;254;254;254m█[38;2;253;253;253m█[38;2;255;255;255m█[38;2;124;124;124m█[38;2;55;55;55m█[38;2;189;189;189m█[38;2;255;255;255m██[38;2;253;253;251m█[38;2;255;255;255m█[38;2;208;208;233m█[38;2;0;0;25m█[38;2;2;2;123m█[38;2;4;4;125m█[38;2;13;13;9m██[38;2;13;13;16m██
██[38;2;13;13;9m██[38;2;4;4;125m█[38;2;2;2;123m█[38;2;0;0;25m█[38;2;208;208;233m█[38;2;255;255;255m█[38;2;255;255;254m█[38;2;255;255;255m███[38;2;253;253;253m████[38;2;255;255;255m███[38;2;253;253;253m██[38;2;253;253;251m█[38;2;255;255;255m█[38;2;208;208;233m█[38;2;0;0;25m█[38;2;2;2;123m█[38;2;4;4;125m█[38;2;13;13;9m██[38;2;13;13;16m██
██[38;2;13;13;9m██[38;2;4;4;125m█[38;2;2;2;123m█[38;2;0;0;25m█[38;2;208;208;233m█[38;2;255;255;255m█[38;2;253;253;251m█[38;2;254;254;254m█[38;2;253;253;253m███████[38;2;254;254;254m█[38;2;253;253;253m███[38;2;253;253;251m█[38;2;255;255;255m█[38;2;208;208;233m█[38;2;0;0;25m█[38;2;2;2;123m█[38;2;4;4;125m█[38;2;13;13;9m██[38;2;13;13;16m██
██[38;2;13;13;9m██[38;2;4;4;125m█[38;2;2;2;123m█[38;2;0;0;25m█[38;2;208;208;233m█[38;2;255;255;255m█[38;2;253;253;251m█[38;2;253;253;253m████████████[38;2;253;253;251m█[38;2;255;255;255m█[38;2;208;208;233m█[38;2;0;0;25m█[38;2;2;2;123m█[38;2;4;4;125m█[38;2;13;13;9m██[38;2;13;13;16m██
██[38;2;13;13;9m██[38;2;4;4;125m█[38;2;2;2;123m█[38;2;0;0;25m█[38;2;208;208;233m█[38;2;255;255;255m█[38;2;253;253;251m█[38;2;253;253;253m████████████[38;2;253;253;251m█[38;2;255;255;255m█[38;2;208;208;233m█[38;2;0;0;25m█[38;2;2;2;123m█[38;2;4;4;125m█[38;2;13;13;9m██[38;2;13;13;16m██
██[38;2;13;13;9m██[38;2;4;4;125m█[38;2;2;2;123m█[38;2;0;0;25m█[38;2;208;208;233m█[38;2;255;255;255m█[38;2;253;253;251m█[38;2;253;253;253m████████████[38;2;253;253;251m█[38;2;255;255;255m█[38;2;208;208;233m█[38;2;0;0;25m█[38;2;2;2;123m█[38;2;4;4;125m█[38;2;13;13;9m██[38;2;13;13;16m██
██[38;2;13;13;9m██[38;2;4;4;125m█[38;2;2;2;123m█[38;2;0;0;25m█[38;2;208;208;233m█[38;2;255;255;255m█[38;2;253;253;251m█[38;2;253;253;253m████████████[38;2;253;253;251m█[38;2;255;255;255m█[38;2;208;208;233m█[38;2;0;0;25m█[38;2;2;2;123m█[38;2;4;4;125m█[38;2;13;13;9m██[38;2;13;13;16m██
██[38;2;13;13;9m██[38;2;4;4;125m█[38;2;2;2;123m█[38;2;0;0;25m█[38;2;208;208;233m█[38;2;255;255;255m█[38;2;253;253;251m█[38;2;253;253;253m████████████[38;2;253;253;251m█[38;2;255;255;255m█[38;2;208;208;233m█[38;2;0;0;25m█[38;2;2;2;123m█[38;2;4;4;125m█[38;2;13;13;9m██[38;2;13;13;16m██
██[38;2;13;13;9m██[38;2;4;4;125m█[38;2;2;2;123m█[38;2;0;0;25m█[38;2;209;209;235m█[38;2;255;255;255m█[38;2;253;253;251m█[38;2;253;253;253m████████████[38;2;253;253;251m█[38;2;255;255;255m█[38;2;209;209;235m█[38;2;0;0;25m█[38;2;2;2;123m█[38;2;4;4;125m█[38;2;13;13;9m██[38;2;13;13;16m██
██[38;2;13;13;9m██[38;2;4;4;129m██[38;2;0;0;20m█[38;2;185;185;214m█[38;2;255;255;255m█[38;2;253;253;249m█[38;2;253;253;253m█[38;2;255;255;255m███[38;2;253;253;253m███[38;2;255;255;255m███[38;2;253;253;253m██[38;2;253;253;249m█[38;2;255;255;255m█[38;2;186;186;215m█[38;2;0;0;20m█[38;2;4;4;129m██[38;2;13;13;9m██[38;2;13;13;16m██
██[38;2;13;15;6m██[38;2;4;4;131m█[38;2;6;6;133m█[38;2;0;0;48m█[38;2;62;62;119m█[38;2;254;255;247m█[38;2;255;255;255m██[38;2;251;251;251m█[38;2;182;182;180m█[38;2;204;204;202m█[38;2;255;255;255m███[38;2;245;245;245m█[38;2;178;178;175m█[38;2;210;210;208m█[38;2;255;255;255m███[38;2;245;246;238m█[38;2;62;62;119m█[38;2;0;0;48m█[38;2;6;6;133m█[38;2;4;4;131m█[38;2;13;15;6m██[38;2;13;13;16m██
██[38;2;13;15;4m██[38;2;5;6;107m█[38;2;6;8;108m█[38;2;4;3;136m█[38;2;0;0;115m█[38;2;60;60;41m█[38;2;166;166;147m█[38;2;162;164;155m█[38;2;60;61;53m█[38;2;0;0;0m█[38;2;2;1;10m█[38;2;102;103;93m█[38;2;178;179;168m█[38;2;157;157;152m█[38;2;48;48;44m█[38;2;0;0;0m█[38;2;6;5;15m█[38;2;113;115;104m█[38;2;180;181;171m█[38;2;151;150;134m█[38;2;39;38;23m█[38;2;0;0;117m█[38;2;4;3;138m█[38;2;6;8;109m█[38;2;5;6;108m█[38;2;13;15;4m██[38;2;13;13;16m██
██[38;2;13;13;11m██[38;2;11;10;47m██[38;2;0;0;215m█[38;2;0;0;214m█[38;2;0;0;65m█[38;2;0;0;58m█[38;2;0;0;61m█[38;2;0;0;68m█[38;2;1;0;188m█[38;2;0;0;183m█[38;2;0;0;42m█[38;2;0;0;41m█[38;2;0;0;68m█[38;2;0;0;77m█[38;2;1;0;188m█[38;2;0;0;182m█[38;2;0;0;38m██[38;2;0;0;72m█[38;2;0;0;82m█[38;2;0;0;222m██[38;2;11;10;47m██[38;2;13;13;11m██[38;2;13;13;16m██
████[38;2;13;15;6m██[38;2;4;3;144m█[38;2;5;4;145m█[38;2;0;0;250m█[38;2;0;0;249m█[38;2;0;0;238m█[38;2;0;0;239m█[38;2;0;0;228m██[38;2;0;0;239m█[38;2;0;0;238m██[38;2;0;0;239m█[38;2;0;0;228m██[38;2;0;0;238m█[38;2;0;0;237m█[38;2;0;0;246m█[38;2;0;0;247m█[38;2;5;4;143m█[38;2;4;3;141m█[38;2;13;13;9m██[38;2;13;13;16m████
████[38;2;13;13;13m██[38;2;13;12;24m██[38;2;4;3;138m█[38;2;5;4;139m█[38;2;6;5;132m█[38;2;5;4;131m█[38;2;11;10;51m██[38;2;5;3;150m██[38;2;6;5;126m█[38;2;5;4;125m█[38;2;11;10;53m██[38;2;5;3;153m██[38;2;6;5;126m█[38;2;5;4;125m█[38;2;13;13;17m██[38;2;13;13;13m██[38;2;13;13;16m████
██████[38;2;13;13;13m██[38;2;13;15;6m████[38;2;13;13;9m██[38;2;13;15;6m████[38;2;13;13;9m██[38;2;13;15;6m████[38;2;13;13;13m██[38;2;13;13;16m██████
████████████████████████████████
████████████████████████████████