[38;2;13;13;16m██████████[38;2;13;15;6m██[38;2;11;11;32m██[38;2;8;6;94m██[38;2;9;8;95m█[38;2;8;6;94m█[38;2;11;11;32m██[38;2;13;15;6m██[38;2;13;13;16m██████████
████████[38;2;13;15;6m██[38;2;9;9;74m█[38;2;10;10;75m█[38;2;0;0;215m██[38;2;0;0;218m█[38;2;0;0;216m██[38;2;0;0;217m█[38;2;0;0;215m██[38;2;10;10;74m█[38;2;9;9;73m█[38;2;13;15;6m██[38;2;13;13;16m████████
██████[38;2;13;13;9m██[38;2;9;10;55m██[38;2;1;1;216m█[38;2;0;0;212m█[38;2;0;0;94m█[38;2;0;0;84m█[38;2;0;0;5m█[38;2;4;3;15m██[38;2;0;0;5m█[38;2;0;0;84m█[38;2;0;0;94m█[38;2;0;0;210m█[38;2;1;1;214m█[38;2;9;10;55m██[38;2;13;13;9m██[38;2;13;13;16m██████
██████[38;2;13;13;13m██[38;2;2;2;176m█[38;2;3;3;178m█[38;2;0;0;83m█[38;2;0;0;73m█[38;2;49;48;33m█[38;2;136;134;119m█[38;2;190;190;186m█[38;2;214;214;209m██[38;2;190;190;186m█[38;2;136;134;119m█[38;2;49;48;33m█[38;2;0;0;73m█[38;2;0;0;83m█[38;2;3;3;178m█[38;2;2;2;176m█[38;2;13;13;13m██[38;2;13;13;16m██████
████[38;2;13;15;6m██[38;2;8;8;81m█[38;2;9;9;82m█[38;2;3;4;158m█[38;2;0;0;138m█[38;2;20;22;11m█[38;2;165;166;155m█[38;2;254;254;254m█[38;2;255;255;255m██████[38;2;254;254;254m█[38;2;164;165;154m█[38;2;20;22;11m█[38;2;0;0;138m█[38;2;3;4;158m█[38;2;9;9;82m█[38;2;8;8;81m█[38;2;13;15;6m██[38;2;13;13;16m████
████[38;2;13;15;6m██[38;2;4;2;148m█[38;2;6;4;151m█[38;2;0;0;45m█[38;2;34;35;89m█[38;2;222;223;215m█[38;2;255;255;255m██[38;2;253;253;253m██████[38;2;255;255;255m██[38;2;222;223;215m█[38;2;34;35;89m█[38;2;0;0;45m█[38;2;4;5;151m█[38;2;2;3;148m█[38;2;13;15;6m██[38;2;13;13;16m████
██[38;2;13;13;13m██[38;2;11;11;32m██[38;2;3;4;155m█[38;2;0;0;144m█[38;2;19;19;22m█[38;2;221;221;223m█[38;2;255;255;255m█[38;2;253;253;253m██████████[38;2;255;255;255m█[38;2;221;221;223m█[38;2;19;19;22m█[38;2;0;0;144m█[38;2;4;5;157m█[38;2;11;11;32m██[38;2;13;13;13m██[38;2;13;13;16m██
██[38;2;13;13;9m██[38;2;9;9;68m█[38;2;10;10;69m█[38;2;5;5;120m█[38;2;0;0;98m█[38;2;161;162;151m█[38;2;255;255;255m█[38;2;253;253;253m████████[38;2;254;254;254m█[38;2;253;253;253m███[38;2;255;255;255m█[38;2;161;162;151m█[38;2;0;0;98m█[38;2;5;5;120m█[38;2;10;10;69m█[38;2;9;9;68m█[38;2;13;13;9m██[38;2;13;13;16m██
██[38;2;13;15;6m██[38;2;5;8;100m█[38;2;6;9;101m█[38;2;0;0;72m█[38;2;39;39;116m█[38;2;252;253;243m█[38;2;255;255;250m█[38;2;255;255;255m███[38;2;253;253;253m████[38;2;255;255;255m███[38;2;253;253;253m██[38;2;255;255;246m█[38;2;252;253;243m█[38;2;39;39;116m█[38;2;0;0;72m█[38;2;6;9;101m█[38;2;5;8;100m█[38;2;13;15;6m██[38;2;13;13;16m██
██[38;2;13;15;6m██[38;2;5;5;117m█[38;2;6;6;118m█[38;2;0;0;37m█[38;2;124;125;175m█[38;2;255;255;255m█[38;2;197;198;190m█[38;2;48;48;48m█[38;2;147;147;147m█[38;2;253;253;253m█[38;2;255;255;255m█[38;2;253;253;253m██[38;2;255;255;255m█[38;2;130;130;130m█[38;2;62;62;62m█[38;2;195;195;195m█[38;2;255;255;255m██[38;2;253;254;246m█[38;2;255;255;255m█[38;2;124;125;175m█[38;2;0;0;37m█[38;2;6;6;118m█[38;2;5;5;117m█[38;2;13;15;6m██[38;2;13;13;16m██
██[38;2;13;13;9m██[38;2;5;5;123m██[38;2;0;0;25m█[38;2;182;181;216m█[38;2;255;255;255m█[38;2;188;188;183m█[38;2;0;0;0m██[38;2;52;52;52m█[38;2;187;187;187m█[38;2;255;255;255m█[38;2;254;254;254m█[38;2;255;255;255m█[38;2;110;110;110m█[38;2;0;0;0m██[38;2;97;97;97m█[38;2;225;225;225m█[38;2;255;255;254m█[38;2;255;255;255m█[38;2;182;181;216m█[38;2;0;0;25m█[38;2;4;5;123m██[38;2;13;13;9m██[38;2;13;13;16m██
██[38;2;13;13;9m██[38;2;4;4;125m█[38;2;2;2;123m█[38;2;0;0;25m█[38;2;205;205;232m█[38;2;255;255;255m██[38;2;224;224;224m█[38;2;83;83;83m█[38;2;0;0;0m██[38;2;126;126;126m█[38;2;255;255;255m█[38;2;254;254;254m█[38;2;255;255;255m█[38;2;185;185;185m█[38;2;33;33;33m█[38;2;0;0;0m█[38;2;9;9;9m█[38;2;200;200;197m█[38;2;255;255;255m█[38;2;205;205;232m█[38;2;0;0;25m█[38;2;2;2;123m█[38;2;4;4;125m█[38;2;13;13;9m██[38;2;13;13;16m██
██[38;2;13;13;9m██[38;2;4;4;125m█[38;2;2;2;123m█[38;2;0;0;25m█[38;2;208;208;233m█[38;2;255;255;255m██[38;2;211;211;211m█[38;2;73;73;73m█[38;2;0;0;0m██[38;2;136;136;136m█[38;2;255;255;255m█[38;2;254;254;254m██[38;2;169;169;169m█[38;2;27;27;27m█[38;2;0;0;0m█[38;2;19;19;19m█[38;2;205;205;203m█[38;2;255;255;255m█[38;2;208;208;233m█[38;2;0;0;25m█[38;2;2;2;123m█[38;2;4;4;125m█[38;2;13;13;9m██[38;2;13;13;16m██
██[38;2;13;13;9m██[38;2;4;4;125m█[38;2;2;2;123m█[38;2;0;0;25m█[38;2;208;208;233m█[38;2;255;255;255m█[38;2;183;183;181m█[38;2;0;0;0m██[38;2;65;65;65m█[38;2;200;200;200m█[38;2;255;255;255m█[38;2;253;253;253m█[38;2;255;255;255m█[38;2;102;102;102m█[38;2;0;0;0m██[38;2;111;111;111m█[38;2;235;235;235m█[38;2;255;255;255m██[38;2;208;208;233m█[38;2;0;0;25m█[38;2;2;2;123m█[38;2;4;4;125m█[38;2;13;13;9m██[38;2;13;13;16m██
██[38;2;13;13;9m██[38;2;4;4;125m█[38;2;2;2;123m█[38;2;0;0;25m█[38;2;208;208;233m█[38;2;255;255;255m█[38;2;203;203;201m█[38;2;63;63;63m█[38;2;161;161;161m█[38;2;255;255;255m██[38;2;253;253;253m██[38;2;255;255;255m█[38;2;140;140;140m█[38;2;76;76;76m█[38;2;207;207;207m█[38;2;255;255;255m██[38;2;253;253;251m█[38;2;255;255;255m█[38;2;208;208;233m█[38;2;0;0;25m█[38;2;2;2;123m█[38;2;4;4;125m█[38;2;13;13;9m██[38;2;13;13;16m██
██[38;2;13;13;9m██[38;2;4;4;125m█[38;2;2;2;123m█[38;2;0;0;25m█[38;2;208;208;233m█[38;2;255;255;255m█[38;2;255;255;254m█[38;2;255;255;255m██[38;2;254;254;254m█[38;2;253;253;253m████[38;2;255;255;255m███[38;2;253;253;253m██[38;2;253;253;251m█[38;2;255;255;255m█[38;2;208;208;233m█[38;2;0;0;25m█[38;2;2;2;123m█[38;2;4;4;125m█[38;2;13;13;9m██[38;2;13;13;16m██
██[38;2;13;13;9m██[38;2;4;4;125m█[38;2;2;2;123m█[38;2;0;0;25m█[38;2;208;208;233m█[38;2;255;255;255m█[38;2;253;253;251m█[38;2;253;253;253m████████████[38;2;253;253;251m█[38;2;255;255;255m█[38;2;208;208;233m█[38;2;0;0;25m█[38;2;2;2;123m█[38;2;4;4;125m█[38;2;13;13;9m██[38;2;13;13;16m██
██[38;2;13;13;9m██[38;2;4;4;125m█[38;2;2;2;123m█[38;2;0;0;25m█[38;2;208;208;233m█[38;2;255;255;255m█[38;2;253;253;251m█[38;2;253;253;253m████████████[38;2;253;253;251m█[38;2;255;255;255m█[38;2;208;208;233m█[38;2;0;0;25m█[38;2;2;2;123m█[38;2;4;4;125m█[38;2;13;13;9m██[38;2;13;13;16m██
██[38;2;13;13;9m██[38;2;4;4;125m█[38;2;2;2;123m█[38;2;0;0;25m█[38;2;208;208;233m█[38;2;255;255;255m█[38;2;253;253;251m█[38;2;253;253;253m████████████[38;2;253;253;251m█[38;2;255;255;255m█[38;2;208;208;233m█[38;2;0;0;25m█[38;2;2;2;123m█[38;2;4;4;125m█[38;2;13;13;9m██[38;2;13;13;16m██
██[38;2;13;13;9m██[38;2;4;4;125m█[38;2;2;2;123m█[38;2;0;0;25m█[38;2;208;208;233m█[38;2;255;255;255m█[38;2;253;253;251m█[38;2;253;253;253m████████████[38;2;253;253;251m█[38;2;255;255;255m█[38;2;208;208;233m█[38;2;0;0;25m█[38;2;2;2;123m█[38;2;4;4;125m█[38;2;13;13;9m██[38;2;13;13;16m██
██[38;2;13;13;9m██[38;2;4;4;125m█[38;2;2;2;123m█[38;2;0;0;25m█[38;2;208;208;233m█[38;2;255;255;255m█[38;2;253;253;251m█[38;2;253;253;253m████████████[38;2;253;253;251m█[38;2;255;255;255m█[38;2;208;208;233m█[38;2;0;0;25m█[38;2;2;2;123m█[38;2;4;4;125m█[38;2;13;13;9m██[38;2;13;13;16m██
██[38;2;13;13;9m██[38;2;4;4;125m█[38;2;2;2;123m█[38;2;1;1;26m█[38;2;208;208;233m█[38;2;255;255;255m█[38;2;253;253;251m█[38;2;253;253;253m████████████[38;2;253;253;251m█[38;2;255;255;255m█[38;2;208;208;233m█[38;2;1;1;26m█[38;2;2;2;123m█[38;2;4;4;125m█[38;2;13;13;9m██[38;2;13;13;16m██
██[38;2;13;13;9m██[38;2;4;4;127m█[38;2;3;3;126m█[38;2;0;0;24m█[38;2;203;203;230m█[38;2;255;255;255m█[38;2;253;253;251m█[38;2;253;253;253m██[38;2;254;254;254m██[38;2;253;253;253m████[38;2;254;254;254m██[38;2;253;253;253m██[38;2;253;253;251m█[38;2;255;255;255m█[38;2;203;203;230m█[38;2;0;0;24m█[38;2;3;3;126m█[38;2;4;4;127m█[38;2;13;13;9m██[38;2;13;13;16m██
██[38;2;13;15;6m██[38;2;4;4;127m█[38;2;5;5;129m█[38;2;0;0;28m█[38;2;124;126;166m█[38;2;255;255;255m█[38;2;255;255;252m█[38;2;255;255;255m████████[38;2;254;254;254m█[38;2;255;255;255m███[38;2;255;255;252m█[38;2;255;255;255m█[38;2;125;127;167m█[38;2;0;0;28m█[38;2;5;5;126m█[38;2;4;4;125m█[38;2;13;15;6m██[38;2;13;13;16m██
██[38;2;13;15;4m██[38;2;5;6;108m█[38;2;6;8;109m█[38;2;1;0;90m█[38;2;0;0;88m█[38;2;157;158;144m█[38;2;247;249;235m█[38;2;251;251;249m█[38;2;183;183;181m█[38;2;55;56;46m█[38;2;54;55;45m█[38;2;180;180;178m█[38;2;250;250;247m█[38;2;249;249;246m█[38;2;171;171;168m█[38;2;48;49;39m█[38;2;61;62;52m█[38;2;192;192;189m█[38;2;252;252;250m█[38;2;246;247;233m█[38;2;157;158;144m█[38;2;0;0;87m█[38;2;1;0;88m█[38;2;6;8;109m█[38;2;5;6;108m█[38;2;13;15;4m██[38;2;13;13;16m██
██[38;2;13;13;11m██[38;2;9;11;53m██[38;2;3;3;182m█[38;2;0;0;172m█[38;2;0;0;0m█[38;2;30;30;35m█[38;2;35;35;39m█[38;2;0;0;1m█[38;2;0;0;93m█[38;2;0;0;94m█[38;2;0;0;3m█[38;2;34;34;40m█[38;2;33;32;41m█[38;2;0;0;3m█[38;2;0;0;95m█[38;2;0;0;93m█[38;2;0;0;2m█[38;2;38;38;40m█[38;2;30;30;35m█[38;2;0;0;0m█[38;2;0;0;172m█[38;2;3;3;182m█[38;2;9;10;55m██[38;2;13;13;9m██[38;2;13;13;16m██
████[38;2;13;13;9m██[38;2;3;4;153m█[38;2;4;5;154m█[38;2;0;0;202m█[38;2;0;0;194m█[38;2;0;0;178m█[38;2;0;0;186m█[38;2;0;0;235m██[38;2;0;0;188m█[38;2;0;0;180m█[38;2;0;0;183m█[38;2;0;0;192m█[38;2;0;0;233m██[38;2;0;0;183m█[38;2;0;0;175m█[38;2;0;0;194m█[38;2;0;0;202m█[38;2;4;5;157m█[38;2;3;4;155m█[38;2;13;13;9m██[38;2;13;13;16m████
████[38;2;13;13;11m██[38;2;11;12;26m██[38;2;3;4;150m██[38;2;3;4;155m██[38;2;9;10;55m██[38;2;3;4;153m██[38;2;3;4;150m██[38;2;9;10;55m██[38;2;3;3;160m█[38;2;4;4;161m█[38;2;5;3;150m██[38;2;13;12;26m██[38;2;13;13;11m██[38;2;13;13;16m████
██████[38;2;13;13;13m██[38;2;13;15;6m████[38;2;13;13;9m██[38;2;13;15;6m████[38;2;13;13;9m██[38;2;13;15;6m████[38;2;13;13;13m██[38;2;13;13;16m██████
████████████████████████████████
████████████████████████████████
████████████████████████████████