[38;2;13;13;16m████████████████████████████████
████████████[38;2;13;15;6m██[38;2;13;13;9m████[38;2;13;15;6m██[38;2;13;13;16m████████████
████████[38;2;13;13;13m██[38;2;13;13;9m██[38;2;8;6;91m█[38;2;9;8;93m█[38;2;2;2;176m████[38;2;9;8;95m█[38;2;8;6;94m█[38;2;13;13;11m██[38;2;13;13;13m██[38;2;13;13;16m████████
████████[38;2;13;13;9m██[38;2;4;3;138m█[38;2;5;4;139m█[38;2;0;0;203m█[38;2;0;0;195m█[38;2;0;0;109m█[38;2;0;0;105m██[38;2;0;0;109m█[38;2;0;0;195m█[38;2;0;0;203m█[38;2;5;4;139m██[38;2;13;13;9m██[38;2;13;13;16m████████
██████[38;2;13;15;4m██[38;2;5;6;102m█[38;2;6;8;103m█[38;2;1;1;175m█[38;2;0;0;160m█[38;2;0;0;2m█[38;2;23;22;33m█[38;2;69;68;55m█[38;2;96;95;82m██[38;2;69;68;55m█[38;2;23;22;31m█[38;2;0;0;0m█[38;2;0;0;160m█[38;2;1;1;175m█[38;2;6;8;103m█[38;2;5;6;102m█[38;2;13;15;4m██[38;2;13;13;16m██████
████[38;2;13;13;13m██[38;2;11;11;32m██[38;2;3;3;180m█[38;2;0;0;174m█[38;2;0;0;8m█[38;2;45;45;66m█[38;2;167;168;160m█[38;2;239;240;232m█[38;2;255;255;255m████[38;2;239;240;232m█[38;2;167;168;160m█[38;2;45;45;66m█[38;2;0;0;8m█[38;2;0;0;174m█[38;2;3;3;180m█[38;2;11;11;32m██[38;2;13;13;13m██[38;2;13;13;16m████
████[38;2;13;15;4m██[38;2;5;6;108m█[38;2;6;8;109m█[38;2;1;2;103m█[38;2;0;0;87m█[38;2;117;118;104m█[38;2;252;253;239m█[38;2;255;255;255m██[38;2;253;253;253m████[38;2;255;255;255m██[38;2;252;253;239m█[38;2;117;118;104m█[38;2;0;0;87m█[38;2;1;2;103m█[38;2;6;8;109m█[38;2;5;6;108m█[38;2;13;15;4m██[38;2;13;13;16m████
██████[38;2;3;4;152m█[38;2;1;2;150m█[38;2;0;0;11m█[38;2;130;130;153m█[38;2;255;255;255m█[38;2;255;255;254m█[38;2;253;253;253m████████[38;2;255;255;252m█[38;2;255;255;255m█[38;2;130;130;153m█[38;2;0;0;11m█[38;2;1;2;150m█[38;2;3;4;152m█[38;2;13;13;16m██████
██[38;2;13;13;11m██[38;2;11;10;45m██[38;2;5;4;137m█[38;2;0;0;115m█[38;2;84;86;77m█[38;2;255;255;255m██[38;2;253;253;253m██████████[38;2;255;255;255m██[38;2;84;86;77m█[38;2;0;0;113m█[38;2;5;4;137m█[38;2;11;10;45m██[38;2;13;13;11m██[38;2;13;13;16m██
██[38;2;13;15;6m██[38;2;8;8;81m█[38;2;9;9;82m█[38;2;0;1;96m█[38;2;1;2;97m█[38;2;219;221;209m█[38;2;255;255;252m█[38;2;255;255;255m██[38;2;253;253;253m██████████[38;2;255;255;250m█[38;2;219;221;209m█[38;2;1;2;97m█[38;2;0;1;96m█[38;2;9;9;82m█[38;2;8;8;81m█[38;2;13;15;6m██[38;2;13;13;16m██
██[38;2;13;15;6m██[38;2;5;6;104m█[38;2;6;8;105m█[38;2;0;0;51m█[38;2;82;82;144m█[38;2;255;255;255m█[38;2;240;242;233m█[38;2;180;180;180m█[38;2;239;239;239m█[38;2;255;255;255m█[38;2;254;254;254m█[38;2;253;253;253m████████[38;2;253;254;246m█[38;2;255;255;255m█[38;2;82;82;144m█[38;2;0;0;51m█[38;2;6;8;105m█[38;2;5;6;104m█[38;2;13;15;6m██[38;2;13;13;16m██
██[38;2;13;15;6m██[38;2;5;5;118m█[38;2;6;6;119m█[38;2;0;0;27m█[38;2;159;158;198m█[38;2;255;255;255m█[38;2;165;165;160m█[38;2;0;0;0m█[38;2;34;34;34m█[38;2;169;169;169m█[38;2;255;255;255m██[38;2;252;252;252m█[38;2;255;255;255m██████[38;2;255;255;253m█[38;2;255;255;255m█[38;2;157;159;198m█[38;2;0;0;28m█[38;2;6;6;119m█[38;2;5;5;118m█[38;2;13;15;6m██[38;2;13;13;16m██
██[38;2;13;13;9m██[38;2;5;5;123m█[38;2;4;4;122m█[38;2;0;0;25m█[38;2;197;197;226m█[38;2;255;255;255m█[38;2;237;237;232m█[38;2;102;102;102m█[38;2;1;1;1m█[38;2;0;0;0m█[38;2;67;67;67m█[38;2;211;211;211m█[38;2;255;255;255m█[38;2;228;228;228m█[38;2;146;146;146m█[38;2;143;143;143m███[38;2;141;141;141m█[38;2;216;216;211m█[38;2;255;255;255m█[38;2;197;197;226m█[38;2;0;0;25m█[38;2;3;4;122m█[38;2;4;5;123m█[38;2;13;13;9m██[38;2;13;13;16m██
██[38;2;13;13;9m██[38;2;5;5;126m█[38;2;2;2;123m█[38;2;0;0;25m█[38;2;208;208;233m█[38;2;255;255;255m███[38;2;129;129;129m█[38;2;0;0;0m██[38;2;86;86;86m█[38;2;255;255;255m█[38;2;138;138;138m█[38;2;0;0;0m█████[38;2;105;105;103m█[38;2;255;255;255m█[38;2;208;208;233m█[38;2;0;0;25m█[38;2;2;2;123m█[38;2;4;4;125m█[38;2;13;13;9m██[38;2;13;13;16m██
██[38;2;13;13;9m██[38;2;5;5;126m█[38;2;2;2;123m█[38;2;0;0;25m█[38;2;208;208;233m█[38;2;255;255;255m█[38;2;232;232;230m█[38;2;87;87;87m█[38;2;0;0;0m██[38;2;81;81;81m█[38;2;219;219;219m█[38;2;255;255;255m█[38;2;233;233;233m█[38;2;161;161;161m█[38;2;158;158;158m█[38;2;159;159;159m█[38;2;158;158;158m██[38;2;224;224;222m█[38;2;255;255;255m█[38;2;208;208;233m█[38;2;0;0;25m█[38;2;2;2;123m█[38;2;4;4;125m█[38;2;13;13;9m██[38;2;13;13;16m██
██[38;2;13;13;9m██[38;2;5;5;126m█[38;2;2;2;123m█[38;2;0;0;25m█[38;2;208;208;233m█[38;2;255;255;255m█[38;2;167;167;165m█[38;2;0;0;0m█[38;2;46;46;46m█[38;2;183;183;183m█[38;2;255;255;255m██[38;2;252;252;252m█[38;2;255;255;255m████████[38;2;208;208;233m█[38;2;0;0;25m█[38;2;2;2;123m█[38;2;4;4;125m█[38;2;13;13;9m██[38;2;13;13;16m██
██[38;2;13;13;9m██[38;2;5;5;126m█[38;2;2;2;123m█[38;2;0;0;25m█[38;2;208;208;233m█[38;2;255;255;255m█[38;2;244;244;242m█[38;2;193;193;193m█[38;2;246;246;246m█[38;2;255;255;255m█[38;2;254;254;254m█[38;2;253;253;253m████████[38;2;253;253;251m█[38;2;255;255;255m█[38;2;208;208;233m█[38;2;0;0;25m█[38;2;2;2;123m█[38;2;4;4;125m█[38;2;13;13;9m██[38;2;13;13;16m██
██[38;2;13;13;9m██[38;2;5;5;126m█[38;2;2;2;123m█[38;2;0;0;25m█[38;2;208;208;233m█[38;2;255;255;255m█[38;2;254;254;252m█[38;2;255;255;255m██[38;2;253;253;253m██████████[38;2;253;253;251m█[38;2;255;255;255m█[38;2;208;208;233m█[38;2;0;0;25m█[38;2;2;2;123m█[38;2;4;4;125m█[38;2;13;13;9m██[38;2;13;13;16m██
██[38;2;13;13;9m██[38;2;5;5;126m█[38;2;2;2;123m█[38;2;0;0;25m█[38;2;208;208;233m█[38;2;255;255;255m█[38;2;253;253;251m█[38;2;253;253;253m████████████[38;2;253;253;251m█[38;2;255;255;255m█[38;2;208;208;233m█[38;2;0;0;25m█[38;2;2;2;123m█[38;2;4;4;125m█[38;2;13;13;9m██[38;2;13;13;16m██
██[38;2;13;13;9m██[38;2;5;5;126m█[38;2;2;2;123m█[38;2;0;0;25m█[38;2;208;208;233m█[38;2;255;255;255m█[38;2;253;253;251m█[38;2;253;253;253m████████████[38;2;253;253;251m█[38;2;255;255;255m█[38;2;208;208;233m█[38;2;0;0;25m█[38;2;2;2;123m█[38;2;4;4;125m█[38;2;13;13;9m██[38;2;13;13;16m██
██[38;2;13;13;9m██[38;2;5;5;126m█[38;2;2;2;123m█[38;2;0;0;25m█[38;2;208;208;233m█[38;2;255;255;255m█[38;2;253;253;251m█[38;2;253;253;253m████████████[38;2;253;253;251m█[38;2;255;255;255m█[38;2;208;208;233m█[38;2;0;0;25m█[38;2;2;2;123m█[38;2;5;5;126m█[38;2;13;13;9m██[38;2;13;13;16m██
██[38;2;13;13;9m██[38;2;5;5;126m█[38;2;2;2;123m█[38;2;0;0;25m█[38;2;208;208;233m█[38;2;255;255;255m█[38;2;253;253;251m█[38;2;253;253;253m████████████[38;2;253;253;251m█[38;2;255;255;255m█[38;2;208;208;233m█[38;2;0;0;25m█[38;2;2;2;123m█[38;2;4;4;125m█[38;2;13;13;9m██[38;2;13;13;16m██
██[38;2;13;13;9m██[38;2;5;5;126m█[38;2;2;2;123m█[38;2;0;0;25m█[38;2;208;208;233m█[38;2;255;255;255m█[38;2;253;253;251m█[38;2;253;253;253m████████████[38;2;253;253;251m█[38;2;255;255;255m█[38;2;208;208;233m█[38;2;0;0;25m█[38;2;2;2;123m█[38;2;4;4;125m█[38;2;13;13;9m██[38;2;13;13;16m██
██[38;2;13;13;9m██[38;2;6;5;126m█[38;2;3;2;123m█[38;2;1;1;26m█[38;2;209;209;235m█[38;2;255;255;255m█[38;2;253;253;251m█[38;2;253;253;253m████████████[38;2;253;253;251m█[38;2;255;255;255m█[38;2;209;209;235m█[38;2;1;1;26m█[38;2;2;2;123m█[38;2;4;4;125m█[38;2;13;13;9m██[38;2;13;13;16m██
██[38;2;13;13;9m██[38;2;4;4;125m█[38;2;3;3;124m█[38;2;0;0;23m█[38;2;201;201;228m█[38;2;255;255;255m█[38;2;253;253;249m█[38;2;253;253;253m██[38;2;255;255;255m██[38;2;253;253;253m████[38;2;255;255;255m██[38;2;253;253;253m██[38;2;253;253;251m█[38;2;255;255;255m█[38;2;202;202;229m█[38;2;0;0;23m█[38;2;3;3;124m█[38;2;4;4;125m█[38;2;13;13;9m██[38;2;13;13;16m██
██[38;2;13;15;6m██[38;2;5;5;118m█[38;2;6;6;119m█[38;2;0;0;33m█[38;2;112;113;159m█[38;2;255;255;255m█[38;2;255;255;251m█[38;2;255;255;255m██[38;2;251;251;251m█[38;2;249;249;249m█[38;2;255;255;255m████[38;2;249;249;249m█[38;2;250;250;250m█[38;2;255;255;255m██[38;2;255;255;253m█[38;2;255;255;255m█[38;2;116;118;160m█[38;2;0;0;31m█[38;2;6;6;119m█[38;2;5;5;118m█[38;2;13;15;6m██[38;2;13;13;16m██
██[38;2;13;15;6m██[38;2;8;6;94m█[38;2;9;8;95m█[38;2;1;2;97m█[38;2;0;0;88m█[38;2;139;138;125m█[38;2;238;237;224m█[38;2;243;243;240m█[38;2;172;172;169m█[38;2;44;45;34m█[38;2;37;38;27m█[38;2;159;159;157m█[38;2;240;240;238m██[38;2;159;159;157m█[38;2;37;38;27m█[38;2;42;44;33m█[38;2;172;172;169m█[38;2;243;243;240m█[38;2;239;238;225m█[38;2;143;141;129m█[38;2;0;0;87m█[38;2;0;2;94m█[38;2;9;8;95m█[38;2;8;6;94m█[38;2;13;15;6m██[38;2;13;13;16m██
██[38;2;13;13;11m██[38;2;11;11;37m██[38;2;3;3;176m█[38;2;0;0;168m█[38;2;0;0;8m█[38;2;16;17;34m█[38;2;24;23;32m█[38;2;0;0;3m█[38;2;0;0;113m█[38;2;0;0;116m█[38;2;0;0;6m█[38;2;19;20;35m██[38;2;0;0;6m█[38;2;0;0;116m█[38;2;0;0;115m█[38;2;0;0;3m█[38;2;24;23;32m█[38;2;17;18;35m█[38;2;0;0;9m█[38;2;0;0;167m█[38;2;3;3;176m█[38;2;11;11;38m██[38;2;13;13;11m██[38;2;13;13;16m██
████[38;2;13;15;6m██[38;2;5;6;110m█[38;2;6;8;111m█[38;2;0;0;208m█[38;2;0;0;202m█[38;2;0;0;190m█[38;2;0;0;196m█[38;2;3;1;197m██[38;2;0;0;198m█[38;2;0;0;192m█[38;2;0;0;190m█[38;2;0;0;197m█[38;2;1;2;197m█[38;2;0;1;196m█[38;2;0;0;196m█[38;2;0;0;189m█[38;2;0;0;201m█[38;2;0;0;208m█[38;2;6;6;113m█[38;2;5;5;112m█[38;2;13;15;6m██[38;2;13;13;16m████
██████[38;2;13;13;11m██[38;2;8;8;84m█[38;2;9;9;86m█[38;2;9;8;93m█[38;2;8;6;91m█[38;2;13;13;17m██[38;2;8;8;87m█[38;2;9;9;88m██[38;2;8;8;87m█[38;2;13;13;17m██[38;2;8;6;94m█[38;2;9;8;95m█[38;2;9;9;86m█[38;2;8;8;84m█[38;2;13;13;11m██[38;2;13;13;16m██████
████████[38;2;13;15;6m████[38;2;13;13;13m██[38;2;13;15;6m████[38;2;13;13;13m██[38;2;13;15;6m████[38;2;13;13;16m████████
████████████████████████████████