[38;2;13;13;16m██████████[38;2;13;13;9m██[38;2;13;13;19m██[38;2;9;10;63m████[38;2;13;13;19m██[38;2;13;13;9m██[38;2;13;13;16m██████████
████████[38;2;13;15;6m██[38;2;11;10;49m██[38;2;2;1;192m██[38;2;0;0;244m████[38;2;2;1;192m██[38;2;11;10;51m██[38;2;13;15;6m██[38;2;13;13;16m████████
██████[38;2;13;13;11m██[38;2;11;11;38m██[38;2;0;0;212m█[38;2;1;1;214m█[38;2;0;0;187m█[38;2;0;0;176m█[38;2;0;0;74m█[38;2;0;0;72m██[38;2;0;0;74m█[38;2;0;0;176m█[38;2;0;0;187m█[38;2;1;1;214m█[38;2;0;0;212m█[38;2;11;11;38m██[38;2;13;13;11m██[38;2;13;13;16m██████
██████[38;2;13;13;9m██[38;2;2;2;165m█[38;2;4;4;167m█[38;2;1;1;160m█[38;2;0;0;143m█[38;2;0;0;0m█[38;2;40;40;38m█[38;2;91;93;79m█[38;2;120;122;108m██[38;2;91;93;79m█[38;2;40;40;38m█[38;2;0;0;0m█[38;2;0;0;143m█[38;2;1;1;160m█[38;2;4;4;167m█[38;2;2;2;165m█[38;2;13;13;9m██[38;2;13;13;16m██████
████[38;2;13;13;9m██[38;2;9;9;66m██[38;2;3;1;195m█[38;2;0;0;186m█[38;2;0;0;0m█[38;2;68;68;74m█[38;2;192;192;187m█[38;2;251;251;246m█[38;2;255;255;255m████[38;2;251;251;246m█[38;2;192;192;187m█[38;2;68;67;76m█[38;2;0;0;0m█[38;2;0;0;186m█[38;2;3;1;195m█[38;2;9;9;66m██[38;2;13;13;9m██[38;2;13;13;16m████
████[38;2;13;15;4m██[38;2;4;3;146m█[38;2;6;5;148m█[38;2;0;1;90m█[38;2;0;0;81m█[38;2;140;141;130m█[38;2;255;255;250m█[38;2;255;255;255m██[38;2;253;253;253m████[38;2;255;255;255m██[38;2;255;255;250m█[38;2;140;141;130m█[38;2;0;0;80m█[38;2;0;0;89m█[38;2;6;5;148m█[38;2;4;3;146m█[38;2;13;15;4m██[38;2;13;13;16m████
██[38;2;13;13;13m██[38;2;13;12;26m██[38;2;3;3;171m█[38;2;0;0;166m█[38;2;0;0;5m█[38;2;151;152;166m█[38;2;255;255;255m█[38;2;255;255;253m█[38;2;253;253;253m████████[38;2;255;255;253m█[38;2;255;255;255m█[38;2;151;152;166m█[38;2;0;0;5m█[38;2;0;0;166m█[38;2;2;3;171m█[38;2;13;12;26m██[38;2;13;13;13m██[38;2;13;13;16m██
██[38;2;13;13;9m██[38;2;9;10;63m██[38;2;5;4;143m█[38;2;0;0;118m█[38;2;100;101;90m█[38;2;255;255;255m█[38;2;254;254;254m█[38;2;253;253;253m██████████[38;2;254;254;254m█[38;2;255;255;255m█[38;2;101;102;91m█[38;2;0;0;118m█[38;2;5;4;143m█[38;2;9;10;63m██[38;2;13;13;9m██[38;2;13;13;16m██
██[38;2;13;15;6m██[38;2;8;6;97m█[38;2;9;8;98m█[38;2;0;1;93m█[38;2;6;9;101m█[38;2;228;229;217m█[38;2;255;255;251m█[38;2;255;255;255m██[38;2;253;253;253m██████████[38;2;255;255;249m█[38;2;229;230;218m█[38;2;6;9;101m█[38;2;0;1;93m█[38;2;9;8;98m█[38;2;8;6;97m█[38;2;13;15;6m██[38;2;13;13;16m██
██[38;2;13;15;4m██[38;2;5;5;117m█[38;2;8;8;119m█[38;2;0;0;47m█[38;2;91;91;151m█[38;2;255;255;255m█[38;2;233;235;226m█[38;2;154;154;154m█[38;2;226;226;226m█[38;2;255;255;255m██[38;2;253;253;253m████████[38;2;253;254;246m█[38;2;255;255;255m█[38;2;91;91;151m█[38;2;0;0;47m█[38;2;8;8;119m█[38;2;5;5;117m█[38;2;13;15;4m██[38;2;13;13;16m██
██[38;2;13;15;6m██[38;2;4;4;125m█[38;2;5;5;126m█[38;2;0;0;27m█[38;2;165;164;203m█[38;2;255;255;255m█[38;2;166;166;161m█[38;2;0;0;0m█[38;2;16;16;16m█[38;2;145;145;145m█[38;2;251;251;251m█[38;2;255;255;255m█[38;2;252;252;252m█[38;2;255;255;255m██████[38;2;255;255;254m█[38;2;255;255;255m█[38;2;165;164;203m█[38;2;0;0;27m█[38;2;5;5;126m█[38;2;4;4;125m█[38;2;13;15;6m██[38;2;13;13;16m██
██[38;2;13;13;9m██[38;2;4;4;127m█[38;2;3;3;126m█[38;2;0;0;23m█[38;2;200;200;226m█[38;2;255;255;255m█[38;2;244;244;239m█[38;2;129;129;129m█[38;2;15;15;15m█[38;2;0;0;0m█[38;2;45;45;45m█[38;2;195;195;195m█[38;2;255;255;255m█[38;2;217;217;217m█[38;2;118;118;118m█[38;2;116;116;116m█[38;2;117;117;117m█[38;2;116;116;116m█[38;2;115;115;115m█[38;2;202;202;197m█[38;2;255;255;255m█[38;2;200;200;226m█[38;2;0;0;23m█[38;2;3;3;126m█[38;2;4;4;127m█[38;2;13;13;9m██[38;2;13;13;16m██
██[38;2;13;13;9m██[38;2;5;5;126m█[38;2;2;2;123m█[38;2;0;0;25m█[38;2;208;208;233m█[38;2;255;255;255m███[38;2;125;125;125m█[38;2;0;0;0m██[38;2;89;89;89m█[38;2;255;255;255m█[38;2;140;140;140m█[38;2;0;0;0m█████[38;2;109;109;107m█[38;2;255;255;255m█[38;2;208;208;233m█[38;2;0;0;25m█[38;2;2;2;123m█[38;2;4;4;125m█[38;2;13;13;9m██[38;2;13;13;16m██
██[38;2;13;13;9m██[38;2;5;5;126m█[38;2;2;2;123m█[38;2;0;0;25m█[38;2;208;208;233m█[38;2;255;255;255m█[38;2;222;222;219m█[38;2;61;61;61m█[38;2;0;0;0m██[38;2;105;105;105m█[38;2;232;232;232m█[38;2;255;255;255m█[38;2;242;242;242m█[38;2;186;186;186m█[38;2;181;181;181m█[38;2;182;182;182m█[38;2;181;181;181m█[38;2;182;182;182m█[38;2;235;235;232m█[38;2;255;255;255m█[38;2;208;208;233m█[38;2;0;0;25m█[38;2;2;2;123m█[38;2;4;4;125m█[38;2;13;13;9m██[38;2;13;13;16m██
██[38;2;13;13;9m██[38;2;5;5;126m█[38;2;2;2;123m█[38;2;0;0;25m█[38;2;208;208;233m█[38;2;255;255;255m█[38;2;171;171;168m█[38;2;0;0;0m█[38;2;68;68;68m█[38;2;204;204;204m█[38;2;255;255;255m██[38;2;252;252;252m█[38;2;255;255;255m██████[38;2;255;255;254m█[38;2;255;255;255m█[38;2;208;208;233m█[38;2;0;0;25m█[38;2;2;2;123m█[38;2;4;4;125m█[38;2;13;13;9m██[38;2;13;13;16m██
██[38;2;13;13;9m██[38;2;5;5;126m█[38;2;2;2;123m█[38;2;0;0;25m█[38;2;208;208;233m█[38;2;255;255;255m█[38;2;250;250;247m█[38;2;214;214;214m█[38;2;254;254;254m█[38;2;255;255;255m█[38;2;253;253;253m█████████[38;2;253;253;251m█[38;2;255;255;255m█[38;2;208;208;233m█[38;2;0;0;25m█[38;2;2;2;123m█[38;2;4;4;125m█[38;2;13;13;9m██[38;2;13;13;16m██
██[38;2;13;13;9m██[38;2;5;5;126m█[38;2;2;2;123m█[38;2;0;0;25m█[38;2;208;208;233m█[38;2;255;255;255m█[38;2;254;254;252m█[38;2;255;255;255m█[38;2;254;254;254m█[38;2;253;253;253m██████████[38;2;253;253;251m█[38;2;255;255;255m█[38;2;208;208;233m█[38;2;0;0;25m█[38;2;2;2;123m█[38;2;4;4;125m█[38;2;13;13;9m██[38;2;13;13;16m██
██[38;2;13;13;9m██[38;2;5;5;126m█[38;2;2;2;123m█[38;2;0;0;25m█[38;2;208;208;233m█[38;2;255;255;255m█[38;2;253;253;251m█[38;2;253;253;253m████████████[38;2;253;253;251m█[38;2;255;255;255m█[38;2;208;208;233m█[38;2;0;0;25m█[38;2;2;2;123m█[38;2;4;4;125m█[38;2;13;13;9m██[38;2;13;13;16m██
██[38;2;13;13;9m██[38;2;5;5;126m█[38;2;2;2;123m█[38;2;0;0;25m█[38;2;208;208;233m█[38;2;255;255;255m█[38;2;253;253;251m█[38;2;253;253;253m████████████[38;2;253;253;251m█[38;2;255;255;255m█[38;2;208;208;233m█[38;2;0;0;25m█[38;2;2;2;123m█[38;2;4;4;125m█[38;2;13;13;9m██[38;2;13;13;16m██
██[38;2;13;13;9m██[38;2;5;5;126m█[38;2;2;2;123m█[38;2;0;0;25m█[38;2;208;208;233m█[38;2;255;255;255m█[38;2;253;253;251m█[38;2;253;253;253m████████████[38;2;253;253;251m█[38;2;255;255;255m█[38;2;208;208;233m█[38;2;0;0;25m█[38;2;2;2;123m█[38;2;4;4;125m█[38;2;13;13;9m██[38;2;13;13;16m██
██[38;2;13;13;9m██[38;2;5;5;126m█[38;2;2;2;123m█[38;2;0;0;25m█[38;2;208;208;233m█[38;2;255;255;255m█[38;2;253;253;251m█[38;2;253;253;253m████████████[38;2;253;253;251m█[38;2;255;255;255m█[38;2;208;208;233m█[38;2;0;0;25m█[38;2;2;2;123m█[38;2;4;4;125m█[38;2;13;13;9m██[38;2;13;13;16m██
██[38;2;13;13;9m██[38;2;5;5;126m█[38;2;2;2;123m█[38;2;1;1;26m█[38;2;209;209;235m█[38;2;255;255;255m█[38;2;253;253;251m█[38;2;253;253;253m████████████[38;2;253;253;251m█[38;2;255;255;255m█[38;2;209;209;235m█[38;2;1;1;26m█[38;2;2;2;123m█[38;2;4;4;125m█[38;2;13;13;9m██[38;2;13;13;16m██
██[38;2;13;13;9m██[38;2;5;5;126m█[38;2;3;3;124m█[38;2;0;0;23m█[38;2;202;202;229m█[38;2;255;255;255m█[38;2;253;253;251m█[38;2;253;253;253m██[38;2;254;254;254m██[38;2;253;253;253m████[38;2;254;254;254m██[38;2;253;253;253m██[38;2;253;253;251m█[38;2;255;255;255m█[38;2;203;203;230m█[38;2;0;0;23m█[38;2;3;3;124m█[38;2;4;4;125m█[38;2;13;13;9m██[38;2;13;13;16m██
██[38;2;13;15;6m██[38;2;5;5;120m█[38;2;6;6;122m█[38;2;0;0;31m█[38;2;118;120;162m█[38;2;255;255;255m█[38;2;255;255;252m█[38;2;255;255;255m██[38;2;254;254;254m█[38;2;252;252;252m█[38;2;255;255;255m████[38;2;252;252;252m█[38;2;253;253;253m█[38;2;255;255;255m██[38;2;255;255;252m█[38;2;255;255;255m█[38;2;122;124;166m█[38;2;0;0;31m█[38;2;6;6;122m█[38;2;5;5;120m█[38;2;13;15;6m██[38;2;13;13;16m██
██[38;2;13;15;6m██[38;2;8;6;95m█[38;2;9;8;96m█[38;2;0;2;94m█[38;2;0;0;88m█[38;2;147;148;134m█[38;2;243;244;230m█[38;2;247;247;245m█[38;2;180;180;178m█[38;2;52;53;42m█[38;2;45;46;35m█[38;2;168;168;166m█[38;2;245;245;243m██[38;2;168;168;166m█[38;2;44;45;34m█[38;2;51;52;41m█[38;2;181;181;179m█[38;2;247;247;245m█[38;2;243;244;230m█[38;2;151;152;138m█[38;2;0;0;87m█[38;2;2;1;91m█[38;2;6;9;98m█[38;2;5;8;97m█[38;2;13;15;6m██[38;2;13;13;16m██
██[38;2;13;13;11m██[38;2;11;11;40m██[38;2;3;3;176m█[38;2;0;0;167m█[38;2;0;0;5m█[38;2;24;23;37m█[38;2;31;31;37m█[38;2;0;0;2m█[38;2;0;0;102m█[38;2;0;0;103m█[38;2;0;0;5m█[38;2;28;27;39m██[38;2;0;0;5m█[38;2;0;0;105m█[38;2;0;0;104m█[38;2;0;0;3m█[38;2;31;31;37m█[38;2;25;24;35m█[38;2;0;0;3m█[38;2;0;0;167m█[38;2;3;3;176m█[38;2;11;10;42m██[38;2;13;13;11m██[38;2;13;13;16m██
████[38;2;13;15;6m██[38;2;5;5;120m█[38;2;6;6;122m█[38;2;0;0;205m█[38;2;0;0;197m█[38;2;0;0;183m█[38;2;0;0;192m█[38;2;1;1;210m██[38;2;0;0;194m█[38;2;0;0;187m██[38;2;0;0;194m█[38;2;1;1;210m██[38;2;0;0;192m█[38;2;0;0;183m█[38;2;0;0;197m█[38;2;0;0;205m█[38;2;5;6;124m█[38;2;4;5;123m█[38;2;13;15;6m██[38;2;13;13;16m████
████[38;2;13;13;13m████[38;2;6;9;101m██[38;2;6;8;109m██[38;2;11;12;26m██[38;2;6;8;105m████[38;2;13;12;26m██[38;2;6;8;109m██[38;2;6;9;101m██[38;2;13;13;16m██[38;2;13;13;13m██[38;2;13;13;16m████
████████[38;2;13;15;6m██[38;2;13;15;4m██[38;2;13;13;13m██[38;2;13;15;6m████[38;2;13;13;13m██[38;2;13;15;4m██[38;2;13;15;6m██[38;2;13;13;16m████████
████████████████████████████████
████████████████████████████████
████████████████████████████████