[38;2;13;13;16m████████████████████████████████
████████████[38;2;13;13;9m██[38;2;13;15;4m████[38;2;13;13;11m██[38;2;13;13;16m████████████
██████████[38;2;13;15;6m██[38;2;9;10;63m█[38;2;10;11;65m█[38;2;5;5;134m██[38;2;6;5;126m██[38;2;11;10;45m██[38;2;13;15;6m██[38;2;13;13;16m██████████
████████[38;2;13;15;6m██[38;2;5;5;120m█[38;2;6;6;122m█[38;2;0;0;212m█[38;2;0;0;208m█[38;2;0;0;158m█[38;2;0;0;154m█[38;2;0;0;166m█[38;2;0;0;171m█[38;2;0;0;211m█[38;2;1;1;214m█[38;2;9;9;82m█[38;2;8;8;81m█[38;2;13;15;6m██[38;2;13;13;16m████████
██████[38;2;13;15;4m██[38;2;8;6;100m█[38;2;9;8;101m█[38;2;2;1;186m█[38;2;0;0;172m█[38;2;0;0;15m█[38;2;4;4;31m█[38;2;34;35;24m█[38;2;49;51;39m█[38;2;42;44;33m█[38;2;18;19;9m█[38;2;0;0;53m██[38;2;0;0;195m█[38;2;3;1;201m█[38;2;11;10;51m██[38;2;13;13;9m██[38;2;13;13;16m██████
████[38;2;13;13;11m██[38;2;11;11;37m██[38;2;3;3;182m█[38;2;0;0;175m█[38;2;0;0;8m█[38;2;38;38;59m█[38;2;147;148;138m█[38;2;218;219;209m█[38;2;246;246;246m█[38;2;254;254;254m█[38;2;252;252;252m█[38;2;233;233;233m█[38;2;182;181;168m█[38;2;81;80;67m█[38;2;0;0;66m█[38;2;0;0;70m█[38;2;4;4;161m█[38;2;3;3;160m█[38;2;13;13;9m██[38;2;13;13;16m██████
████[38;2;13;15;4m██[38;2;5;5;123m█[38;2;8;8;125m█[38;2;0;0;89m█[38;2;0;0;81m█[38;2;127;129;115m█[38;2;250;251;237m█[38;2;255;255;255m███[38;2;254;254;254m██[38;2;255;255;255m███[38;2;182;183;173m█[38;2;23;24;13m█[38;2;0;0;133m█[38;2;4;5;154m█[38;2;9;10;61m██[38;2;13;13;9m██[38;2;13;13;16m████
██[38;2;13;13;13m██[38;2;13;12;24m██[38;2;3;4;155m█[38;2;0;0;148m█[38;2;0;0;6m█[38;2;165;164;173m█[38;2;255;255;255m█[38;2;255;255;254m█[38;2;253;253;253m████████[38;2;255;255;255m█[38;2;218;219;209m█[38;2;22;23;88m█[38;2;0;0;59m█[38;2;6;6;127m█[38;2;4;4;125m█[38;2;13;15;4m██[38;2;13;13;16m████
██[38;2;13;13;9m██[38;2;9;9;66m█[38;2;10;10;67m█[38;2;5;5;123m█[38;2;0;0;100m█[38;2;136;137;125m█[38;2;255;255;255m█[38;2;254;254;254m█[38;2;253;253;253m█████████[38;2;253;253;251m█[38;2;255;255;255m█[38;2;196;195;207m█[38;2;2;1;12m█[38;2;0;0;140m█[38;2;3;5;147m█[38;2;13;13;19m██[38;2;13;13;16m████
██[38;2;13;15;6m██[38;2;5;6;104m█[38;2;6;8;105m█[38;2;0;0;63m█[38;2;46;46;117m█[38;2;254;255;245m█[38;2;255;255;246m█[38;2;255;255;255m██[38;2;253;253;253m██████████[38;2;255;255;255m█[38;2;109;110;102m█[38;2;0;0;108m█[38;2;5;5;132m█[38;2;11;10;45m██[38;2;13;13;11m██[38;2;13;13;16m██
██[38;2;13;15;6m██[38;2;5;4;125m██[38;2;0;0;25m█[38;2;161;160;197m█[38;2;255;255;255m█[38;2;255;255;251m█[38;2;229;229;229m█[38;2;242;242;242m█[38;2;255;255;255m█[38;2;254;254;254m█[38;2;253;253;253m████████[38;2;255;255;250m█[38;2;215;216;204m█[38;2;0;0;98m█[38;2;2;3;103m█[38;2;10;10;72m█[38;2;9;9;70m█[38;2;13;13;9m██[38;2;13;13;16m██
██[38;2;13;13;13m██[38;2;5;5;134m█[38;2;0;0;127m█[38;2;12;13;28m█[38;2;228;229;244m█[38;2;255;255;255m█[38;2;238;238;236m█[38;2;24;24;24m█[38;2;32;32;32m█[38;2;172;172;172m█[38;2;255;255;255m██[38;2;253;253;253m██[38;2;255;255;255m█████[38;2;255;255;250m█[38;2;255;255;247m█[38;2;48;48;124m█[38;2;0;0;69m█[38;2;9;8;90m█[38;2;8;6;89m█[38;2;13;15;6m██[38;2;13;13;16m██
██[38;2;13;13;17m██[38;2;5;5;134m█[38;2;0;0;122m█[38;2;47;47;53m█[38;2;253;253;255m█[38;2;255;255;253m█[38;2;251;251;249m█[38;2;107;107;107m█[38;2;0;0;0m██[38;2;70;70;70m█[38;2;207;207;207m█[38;2;255;255;255m█[38;2;254;254;254m█[38;2;210;210;210m█[38;2;192;192;192m█[38;2;194;194;194m██[38;2;190;190;190m█[38;2;221;222;214m█[38;2;255;255;255m█[38;2;95;95;157m█[38;2;0;0;49m█[38;2;6;9;101m█[38;2;5;8;100m█[38;2;13;15;6m██[38;2;13;13;16m██
██[38;2;13;13;19m██[38;2;5;5;132m█[38;2;0;0;116m█[38;2;62;62;66m█[38;2;255;255;255m█[38;2;253;253;253m█[38;2;254;254;254m█[38;2;255;255;255m█[38;2;192;192;192m█[38;2;15;15;15m█[38;2;0;0;0m█[38;2;13;13;13m█[38;2;243;243;243m█[38;2;224;224;224m█[38;2;0;0;0m█████[38;2;28;30;22m█[38;2;255;255;251m█[38;2;117;118;172m█[38;2;0;0;41m█[38;2;8;9;109m█[38;2;5;6;107m█[38;2;13;15;6m██[38;2;13;13;16m██
██[38;2;13;13;19m██[38;2;5;5;132m█[38;2;0;0;116m█[38;2;62;62;66m█[38;2;255;255;255m█[38;2;254;254;254m█[38;2;255;255;255m█[38;2;190;190;190m█[38;2;56;56;56m█[38;2;0;0;0m█[38;2;5;5;5m█[38;2;127;127;127m█[38;2;254;254;254m█[38;2;246;246;246m█[38;2;130;130;130m█[38;2;101;101;101m█[38;2;104;104;104m██[38;2;100;100;100m█[38;2;148;150;141m█[38;2;255;255;255m█[38;2;118;119;173m█[38;2;0;0;41m█[38;2;8;9;109m█[38;2;5;6;107m█[38;2;13;15;6m██[38;2;13;13;16m██
██[38;2;13;13;19m██[38;2;5;5;132m█[38;2;0;0;117m█[38;2;60;60;63m█[38;2;255;255;255m██[38;2;238;238;238m█[38;2;10;10;10m█[38;2;0;0;0m█[38;2;81;81;81m█[38;2;215;215;215m█[38;2;255;255;255m█[38;2;254;254;254m██[38;2;255;255;255m███████[38;2;118;119;173m█[38;2;0;0;41m█[38;2;6;8;108m█[38;2;5;6;107m█[38;2;13;15;6m██[38;2;13;13;16m██
██[38;2;13;13;19m██[38;2;5;5;132m█[38;2;0;0;117m█[38;2;56;56;62m█[38;2;255;255;255m█[38;2;254;254;254m█[38;2;253;253;253m█[38;2;162;162;162m█[38;2;179;179;179m█[38;2;255;255;255m██[38;2;253;253;253m████████[38;2;253;254;246m█[38;2;255;255;255m█[38;2;123;124;175m█[38;2;0;0;38m█[38;2;6;8;108m█[38;2;5;6;107m█[38;2;13;15;6m██[38;2;13;13;16m██
██[38;2;13;13;19m██[38;2;5;5;132m█[38;2;0;0;118m█[38;2;53;53;59m█[38;2;255;255;255m█[38;2;254;254;254m█[38;2;253;253;253m█[38;2;255;255;255m██[38;2;254;254;254m█[38;2;253;253;253m█████████[38;2;253;254;246m█[38;2;255;255;255m█[38;2;127;129;180m█[38;2;0;0;38m█[38;2;6;8;109m█[38;2;5;6;108m█[38;2;13;15;6m██[38;2;13;13;16m██
██[38;2;13;13;17m██[38;2;5;5;132m█[38;2;0;0;119m█[38;2;47;47;53m█[38;2;253;253;255m█[38;2;254;254;252m█[38;2;253;253;251m█[38;2;253;253;253m████████████[38;2;253;254;246m█[38;2;255;255;255m█[38;2;133;134;185m█[38;2;0;0;37m█[38;2;6;8;111m█[38;2;5;6;110m█[38;2;13;15;6m██[38;2;13;13;16m██
██[38;2;13;13;17m██[38;2;5;5;132m█[38;2;0;0;120m█[38;2;42;41;51m█[38;2;251;250;255m█[38;2;254;254;252m█[38;2;253;253;251m█[38;2;253;253;253m████████████[38;2;253;254;246m█[38;2;255;255;255m█[38;2;141;143;190m█[38;2;0;0;34m█[38;2;6;6;113m█[38;2;5;5;112m█[38;2;13;15;6m██[38;2;13;13;16m██
████[38;2;5;5;132m█[38;2;0;0;120m█[38;2;35;34;46m█[38;2;247;246;255m█[38;2;255;255;253m█[38;2;253;253;251m█[38;2;253;253;253m████████████[38;2;253;253;249m█[38;2;255;255;255m█[38;2;150;152;194m█[38;2;0;0;30m█[38;2;6;6;116m█[38;2;5;5;115m█[38;2;13;15;6m██[38;2;13;13;16m██
████[38;2;5;5;132m█[38;2;0;0;123m█[38;2;30;28;42m█[38;2;243;242;255m█[38;2;255;255;253m█[38;2;253;253;251m█[38;2;253;253;253m████████████[38;2;253;253;249m█[38;2;255;255;255m█[38;2;158;160;200m█[38;2;0;0;28m█[38;2;6;6;116m█[38;2;5;5;115m█[38;2;13;15;6m██[38;2;13;13;16m██
██[38;2;13;13;13m██[38;2;5;5;130m█[38;2;0;0;122m█[38;2;22;23;38m█[38;2;236;237;252m█[38;2;255;255;254m█[38;2;253;253;251m█[38;2;253;253;253m████████████[38;2;253;253;249m█[38;2;255;255;255m█[38;2;169;168;208m█[38;2;0;0;27m█[38;2;6;6;118m█[38;2;5;5;117m█[38;2;13;15;6m██[38;2;13;13;16m██
██[38;2;13;13;13m██[38;2;5;5;130m█[38;2;0;0;123m█[38;2;16;17;32m█[38;2;232;233;249m█[38;2;255;255;254m█[38;2;253;253;251m█[38;2;253;253;253m████████████[38;2;253;253;249m█[38;2;255;255;255m█[38;2;180;179;214m█[38;2;0;0;25m█[38;2;5;5;118m██[38;2;13;15;6m██[38;2;13;13;16m██
██[38;2;13;13;11m██[38;2;5;5;130m█[38;2;1;1;125m█[38;2;4;4;25m█[38;2;221;221;242m█[38;2;255;255;255m█[38;2;253;253;251m█[38;2;253;253;253m███[38;2;255;255;255m█[38;2;254;254;254m█[38;2;253;253;253m███[38;2;254;254;254m█[38;2;255;255;255m█[38;2;254;254;254m█[38;2;253;253;253m█[38;2;253;253;249m█[38;2;255;255;255m█[38;2;176;175;210m█[38;2;0;0;24m█[38;2;5;5;120m██[38;2;13;15;6m██[38;2;13;13;16m██
██[38;2;13;15;6m██[38;2;5;5;123m█[38;2;6;6;124m█[38;2;0;0;27m█[38;2;120;119;159m█[38;2;255;255;254m█[38;2;255;255;255m████[38;2;236;236;236m█[38;2;252;252;252m█[38;2;255;255;255m████[38;2;233;233;233m█[38;2;254;254;254m█[38;2;255;255;255m█[38;2;255;255;253m█[38;2;255;255;255m█[38;2;89;90;141m█[38;2;0;0;41m█[38;2;6;6;116m█[38;2;5;5;115m█[38;2;13;15;6m██[38;2;13;13;16m██
██[38;2;13;15;6m██[38;2;8;6;95m█[38;2;9;8;96m█[38;2;1;2;100m█[38;2;0;0;87m█[38;2;51;49;34m█[38;2;181;180;165m█[38;2;236;236;233m█[38;2;218;218;216m█[38;2;104;105;97m█[38;2;13;15;6m█[38;2;59;59;54m█[38;2;189;189;185m█[38;2;237;237;235m█[38;2;212;212;210m█[38;2;91;93;84m█[38;2;11;12;4m█[38;2;69;69;65m█[38;2;200;200;195m█[38;2;228;226;214m█[38;2;118;117;104m█[38;2;0;0;91m█[38;2;2;3;107m█[38;2;9;9;86m█[38;2;8;8;84m█[38;2;13;15;6m██[38;2;13;13;16m██
██[38;2;13;13;11m██[38;2;11;11;32m██[38;2;2;0;198m█[38;2;0;0;195m█[38;2;0;0;66m█[38;2;0;0;62m█[38;2;17;18;10m█[38;2;6;8;0m█[38;2;0;0;98m█[38;2;0;0;113m█[38;2;0;0;62m██[38;2;18;18;13m█[38;2;3;3;0m█[38;2;0;0;107m█[38;2;0;0;120m█[38;2;0;0;52m█[38;2;0;0;56m█[38;2;5;5;32m█[38;2;0;0;16m█[38;2;0;0;171m█[38;2;3;2;176m█[38;2;11;11;32m██[38;2;13;13;13m██[38;2;13;13;16m██
████[38;2;13;15;6m██[38;2;8;6;89m█[38;2;9;8;90m█[38;2;0;0;207m█[38;2;0;0;204m█[38;2;0;0;197m█[38;2;0;0;200m█[38;2;2;1;192m██[38;2;2;0;200m█[38;2;0;0;197m██[38;2;0;0;200m█[38;2;2;1;189m██[38;2;0;1;200m█[38;2;0;0;196m█[38;2;0;0;211m█[38;2;0;0;217m█[38;2;9;8;101m█[38;2;8;6;100m█[38;2;13;15;6m██[38;2;13;13;16m████
██████[38;2;13;15;6m██[38;2;11;10;45m██[38;2;9;8;96m██[38;2;13;12;26m██[38;2;11;10;47m██[38;2;9;8;95m██[38;2;13;12;22m██[38;2;11;10;51m█[38;2;12;11;52m█[38;2;10;10;74m█[38;2;9;9;73m█[38;2;13;13;11m██[38;2;13;13;16m██████
████████[38;2;13;13;11m██[38;2;13;15;6m██[38;2;13;13;13m██[38;2;13;13;11m██[38;2;13;15;6m██[38;2;13;13;13m██[38;2;13;13;11m██[38;2;13;13;9m██[38;2;13;13;16m████████
████████████████████████████████