[38;2;13;13;16m██████████[38;2;13;15;6m██[38;2;9;10;63m██[38;2;4;3;141m█[38;2;5;4;143m██[38;2;4;3;141m█[38;2;9;10;63m██[38;2;13;15;6m██[38;2;13;13;16m██████████
████████[38;2;13;15;6m██[38;2;5;6;110m█[38;2;6;8;111m█[38;2;0;0;232m█[38;2;0;0;231m█[38;2;0;0;195m█[38;2;0;0;192m██[38;2;0;0;195m█[38;2;0;0;229m█[38;2;0;0;230m█[38;2;6;8;111m█[38;2;5;6;110m█[38;2;13;15;6m██[38;2;13;13;16m████████
██████[38;2;13;15;6m██[38;2;8;8;81m██[38;2;1;1;216m█[38;2;0;0;210m█[38;2;0;0;58m█[38;2;0;0;54m█[38;2;6;6;4m█[38;2;22;22;19m██[38;2;6;6;4m█[38;2;0;0;54m█[38;2;0;0;58m█[38;2;0;0;210m█[38;2;1;1;216m█[38;2;9;9;82m█[38;2;8;8;81m█[38;2;13;15;6m██[38;2;13;13;16m██████
████[38;2;13;13;13m██[38;2;13;12;22m██[38;2;2;1;192m██[38;2;0;0;56m█[38;2;0;0;58m█[38;2;81;80;65m█[38;2;171;169;154m█[38;2;219;219;217m█[38;2;237;237;235m██[38;2;219;219;217m█[38;2;171;169;157m█[38;2;81;80;67m█[38;2;0;0;58m█[38;2;0;0;56m█[38;2;2;1;192m██[38;2;13;12;22m██[38;2;13;13;13m██[38;2;13;13;16m████
████[38;2;13;15;6m██[38;2;8;6;97m█[38;2;9;8;98m█[38;2;4;3;144m█[38;2;0;0;122m█[38;2;42;44;30m█[38;2;196;197;183m█[38;2;255;255;255m████████[38;2;196;197;183m█[38;2;42;44;30m█[38;2;0;0;122m█[38;2;4;3;144m█[38;2;9;8;98m█[38;2;8;6;97m█[38;2;13;15;6m██[38;2;13;13;16m████
████[38;2;13;13;11m██[38;2;2;3;157m█[38;2;3;4;158m█[38;2;0;0;31m█[38;2;58;60;102m█[38;2;242;243;235m█[38;2;255;255;255m█[38;2;253;253;253m████████[38;2;255;255;255m█[38;2;242;243;235m█[38;2;58;60;102m█[38;2;0;0;31m█[38;2;3;4;158m█[38;2;2;3;157m█[38;2;13;13;11m██[38;2;13;13;16m████
██[38;2;13;13;11m██[38;2;11;11;38m██[38;2;4;5;154m█[38;2;0;0;138m█[38;2;34;34;32m█[38;2;238;238;236m█[38;2;255;255;255m█[38;2;253;253;253m██████████[38;2;255;255;255m█[38;2;238;238;236m█[38;2;34;34;32m█[38;2;0;0;138m█[38;2;4;5;154m█[38;2;11;11;38m██[38;2;13;13;11m██[38;2;13;13;16m██
██[38;2;13;13;9m██[38;2;8;9;76m█[38;2;9;10;77m█[38;2;4;4;116m█[38;2;0;0;97m█[38;2;180;181;169m█[38;2;255;255;255m███[38;2;253;253;253m██████████[38;2;255;255;255m█[38;2;180;181;169m█[38;2;0;0;97m█[38;2;4;4;116m█[38;2;9;10;77m█[38;2;8;9;76m█[38;2;13;13;9m██[38;2;13;13;16m██
██[38;2;13;15;6m██[38;2;5;6;104m█[38;2;6;8;105m█[38;2;0;0;66m█[38;2;51;51;124m█[38;2;255;255;253m█[38;2;214;215;204m█[38;2;90;90;90m█[38;2;183;183;183m█[38;2;255;255;255m██[38;2;253;253;253m███[38;2;254;254;254m█████[38;2;254;255;245m█[38;2;255;255;249m█[38;2;51;51;124m█[38;2;0;0;66m█[38;2;6;8;105m█[38;2;5;6;104m█[38;2;13;15;6m██[38;2;13;13;16m██
██[38;2;13;15;6m██[38;2;5;5;118m█[38;2;6;6;119m█[38;2;0;0;32m█[38;2;134;136;181m█[38;2;255;255;255m█[38;2;175;176;168m█[38;2;0;0;0m██[38;2;87;87;87m█[38;2;218;218;218m█[38;2;255;255;255m█[38;2;252;252;252m█[38;2;255;255;255m██████[38;2;255;255;252m█[38;2;255;255;255m█[38;2;134;136;181m█[38;2;0;0;32m█[38;2;6;6;119m█[38;2;5;5;118m█[38;2;13;15;6m██[38;2;13;13;16m██
██[38;2;13;13;9m██[38;2;4;4;125m██[38;2;0;0;24m█[38;2;188;187;219m█[38;2;255;255;255m█[38;2;255;255;251m█[38;2;188;188;188m█[38;2;55;55;55m█[38;2;0;0;0m█[38;2;4;4;4m█[38;2;153;153;153m█[38;2;255;255;255m█[38;2;188;188;188m█[38;2;54;54;54m█[38;2;56;56;56m███[38;2;51;51;51m█[38;2;166;166;161m█[38;2;255;255;255m█[38;2;188;187;219m█[38;2;0;0;24m█[38;2;4;4;125m██[38;2;13;13;9m██[38;2;13;13;16m██
██[38;2;13;13;9m██[38;2;5;5;126m█[38;2;2;2;123m█[38;2;0;0;25m█[38;2;207;207;232m█[38;2;255;255;255m██[38;2;242;242;242m█[38;2;100;100;100m█[38;2;0;0;0m██[38;2;111;111;111m█[38;2;255;255;255m█[38;2;158;158;158m█[38;2;0;0;0m█[38;2;4;4;4m█[38;2;5;5;5m██[38;2;0;0;0m█[38;2;129;129;126m█[38;2;255;255;255m█[38;2;207;207;232m█[38;2;0;0;25m█[38;2;2;2;123m█[38;2;4;4;125m█[38;2;13;13;9m██[38;2;13;13;16m██
██[38;2;13;13;9m██[38;2;5;5;126m█[38;2;2;2;123m█[38;2;0;0;25m█[38;2;208;208;233m█[38;2;255;255;255m█[38;2;198;198;196m█[38;2;11;11;11m█[38;2;0;0;0m█[38;2;32;32;32m█[38;2;164;164;164m█[38;2;253;253;253m█[38;2;254;254;254m██[38;2;231;231;231m█[38;2;229;229;229m███[38;2;230;230;230m█[38;2;252;252;250m█[38;2;255;255;255m█[38;2;208;208;233m█[38;2;0;0;25m█[38;2;2;2;123m█[38;2;4;4;125m█[38;2;13;13;9m██[38;2;13;13;16m██
██[38;2;13;13;9m██[38;2;5;5;126m█[38;2;2;2;123m█[38;2;0;0;25m█[38;2;208;208;233m█[38;2;255;255;255m█[38;2;188;188;186m█[38;2;25;25;25m█[38;2;124;124;124m█[38;2;243;243;243m█[38;2;255;255;255m█[38;2;254;254;254m█[38;2;253;253;253m█[38;2;254;254;254m█[38;2;255;255;255m█████[38;2;254;254;252m█[38;2;255;255;255m█[38;2;208;208;233m█[38;2;0;0;25m█[38;2;2;2;123m█[38;2;4;4;125m█[38;2;13;13;9m██[38;2;13;13;16m██
██[38;2;13;13;9m██[38;2;5;5;126m█[38;2;2;2;123m█[38;2;0;0;25m█[38;2;208;208;233m█[38;2;255;255;255m█[38;2;255;255;253m█[38;2;250;250;250m█[38;2;255;255;255m██[38;2;253;253;253m█████████[38;2;253;253;251m█[38;2;255;255;255m█[38;2;208;208;233m█[38;2;0;0;25m█[38;2;2;2;123m█[38;2;4;4;125m█[38;2;13;13;9m██[38;2;13;13;16m██
██[38;2;13;13;9m██[38;2;5;5;126m█[38;2;2;2;123m█[38;2;0;0;25m█[38;2;208;208;233m█[38;2;255;255;255m█[38;2;253;253;251m█[38;2;255;255;255m█[38;2;253;253;253m███████████[38;2;253;253;251m█[38;2;255;255;255m█[38;2;208;208;233m█[38;2;0;0;25m█[38;2;2;2;123m█[38;2;4;4;125m█[38;2;13;13;9m██[38;2;13;13;16m██
██[38;2;13;13;9m██[38;2;5;5;126m█[38;2;2;2;123m█[38;2;0;0;25m█[38;2;208;208;233m█[38;2;255;255;255m█[38;2;253;253;251m█[38;2;253;253;253m████████████[38;2;253;253;251m█[38;2;255;255;255m█[38;2;208;208;233m█[38;2;0;0;25m█[38;2;2;2;123m█[38;2;4;4;125m█[38;2;13;13;9m██[38;2;13;13;16m██
██[38;2;13;13;9m██[38;2;5;5;126m█[38;2;2;2;123m█[38;2;0;0;25m█[38;2;208;208;233m█[38;2;255;255;255m█[38;2;253;253;251m█[38;2;253;253;253m████████████[38;2;253;253;251m█[38;2;255;255;255m█[38;2;208;208;233m█[38;2;0;0;25m█[38;2;2;2;123m█[38;2;4;4;125m█[38;2;13;13;9m██[38;2;13;13;16m██
██[38;2;13;13;9m██[38;2;5;5;126m█[38;2;2;2;123m█[38;2;0;0;25m█[38;2;208;208;233m█[38;2;255;255;255m█[38;2;253;253;251m█[38;2;253;253;253m████████████[38;2;253;253;251m█[38;2;255;255;255m█[38;2;208;208;233m█[38;2;0;0;25m█[38;2;2;2;123m█[38;2;4;4;125m█[38;2;13;13;9m██[38;2;13;13;16m██
██[38;2;13;13;9m██[38;2;5;5;126m█[38;2;2;2;123m█[38;2;0;0;25m█[38;2;208;208;233m█[38;2;255;255;255m█[38;2;253;253;251m█[38;2;253;253;253m████████████[38;2;253;253;251m█[38;2;255;255;255m█[38;2;208;208;233m█[38;2;0;0;25m█[38;2;2;2;123m█[38;2;4;4;125m█[38;2;13;13;9m██[38;2;13;13;16m██
██[38;2;13;13;9m██[38;2;5;5;126m█[38;2;2;2;123m█[38;2;0;0;25m█[38;2;208;208;233m█[38;2;255;255;255m█[38;2;253;253;251m█[38;2;253;253;253m████████████[38;2;253;253;251m█[38;2;255;255;255m█[38;2;207;207;232m█[38;2;0;0;25m█[38;2;2;2;123m█[38;2;4;4;125m█[38;2;13;13;9m██[38;2;13;13;16m██
██[38;2;13;13;9m██[38;2;5;5;126m█[38;2;2;2;123m█[38;2;1;1;26m█[38;2;208;208;233m█[38;2;255;255;255m█[38;2;253;253;251m█[38;2;253;253;253m████████████[38;2;253;253;251m█[38;2;255;255;255m█[38;2;208;208;233m█[38;2;1;1;26m█[38;2;2;2;123m█[38;2;4;4;125m█[38;2;13;13;9m██[38;2;13;13;16m██
██[38;2;13;13;9m██[38;2;4;4;125m█[38;2;3;3;124m█[38;2;0;0;23m█[38;2;203;203;230m█[38;2;255;255;255m█[38;2;253;253;251m█[38;2;253;253;253m██[38;2;254;254;254m██[38;2;253;253;253m████[38;2;254;254;254m██[38;2;253;253;253m██[38;2;253;253;251m█[38;2;255;255;255m█[38;2;202;202;229m█[38;2;0;0;23m█[38;2;3;3;124m█[38;2;4;4;125m█[38;2;13;13;9m██[38;2;13;13;16m██
██[38;2;13;15;6m██[38;2;4;4;125m█[38;2;5;5;126m█[38;2;0;0;31m█[38;2;122;124;166m█[38;2;255;255;255m█[38;2;255;255;252m█[38;2;255;255;255m██[38;2;254;254;254m█[38;2;253;253;253m█[38;2;255;255;255m████[38;2;252;252;252m█[38;2;254;254;254m█[38;2;255;255;255m██[38;2;255;255;252m█[38;2;255;255;255m█[38;2;120;123;165m█[38;2;0;0;31m█[38;2;5;6;124m█[38;2;4;5;123m█[38;2;13;15;6m██[38;2;13;13;16m██
██[38;2;13;15;6m██[38;2;5;6;104m█[38;2;6;8;105m█[38;2;0;2;94m█[38;2;0;0;89m█[38;2;151;152;138m█[38;2;244;245;231m█[38;2;249;249;246m█[38;2;182;182;180m█[38;2;53;54;44m█[38;2;46;47;37m█[38;2;169;169;167m█[38;2;246;246;244m██[38;2;169;169;167m█[38;2;45;46;35m█[38;2;52;53;42m█[38;2;181;181;179m█[38;2;247;247;245m█[38;2;244;245;231m█[38;2;151;152;138m█[38;2;0;0;89m█[38;2;0;2;94m█[38;2;6;8;105m█[38;2;5;6;104m█[38;2;13;15;6m██[38;2;13;13;16m██
██[38;2;13;13;11m██[38;2;11;10;47m██[38;2;3;3;180m█[38;2;0;0;171m█[38;2;0;0;3m█[38;2;25;24;35m█[38;2;32;32;35m█[38;2;0;0;1m█[38;2;0;0;101m█[38;2;0;0;102m█[38;2;0;0;5m█[38;2;30;28;40m█[38;2;28;27;37m█[38;2;0;0;3m█[38;2;0;0;102m█[38;2;0;0;101m█[38;2;0;0;1m█[38;2;31;31;34m█[38;2;25;24;35m█[38;2;0;0;3m█[38;2;0;0;173m█[38;2;3;3;182m█[38;2;9;11;49m██[38;2;13;13;11m██[38;2;13;13;16m██
████[38;2;13;15;6m██[38;2;4;3;140m█[38;2;5;4;141m█[38;2;0;0;208m█[38;2;0;0;200m█[38;2;0;0;183m█[38;2;0;0;190m█[38;2;0;0;226m██[38;2;0;0;194m█[38;2;0;0;187m██[38;2;0;0;194m█[38;2;0;0;226m██[38;2;0;0;190m█[38;2;0;0;183m█[38;2;0;0;200m█[38;2;0;0;208m█[38;2;6;5;143m█[38;2;4;3;140m█[38;2;13;15;6m██[38;2;13;13;16m████
████[38;2;13;13;13m██[38;2;13;13;19m██[38;2;4;4;129m█[38;2;5;5;130m█[38;2;5;4;137m██[38;2;11;10;42m██[38;2;5;5;130m████[38;2;11;11;40m██[38;2;5;4;137m██[38;2;5;5;129m██[38;2;13;13;19m██[38;2;13;13;13m██[38;2;13;13;16m████
██████[38;2;13;13;13m██[38;2;13;15;6m████[38;2;13;13;11m██[38;2;13;15;6m████[38;2;13;13;11m██[38;2;13;15;4m████[38;2;13;13;13m██[38;2;13;13;16m██████
████████████████████████████████
████████████████████████████████
████████████████████████████████