[38;2;13;13;16m████████████████████████████████
████████████[38;2;13;13;9m██[38;2;13;15;4m████[38;2;13;13;9m██[38;2;13;13;16m████████████
██████████[38;2;13;15;6m██[38;2;9;10;61m██[38;2;5;4;143m██[38;2;5;4;141m██[38;2;10;11;62m█[38;2;9;10;61m█[38;2;13;15;6m██[38;2;13;13;16m██████████
████████[38;2;13;15;6m██[38;2;5;6;108m█[38;2;6;8;109m█[38;2;0;0;215m█[38;2;0;0;210m█[38;2;0;0;152m█[38;2;0;0;147m██[38;2;0;0;152m█[38;2;0;0;210m█[38;2;0;0;215m█[38;2;6;8;109m█[38;2;5;6;108m█[38;2;13;15;6m██[38;2;13;13;16m████████
██████[38;2;13;15;6m██[38;2;8;8;81m█[38;2;9;9;82m█[38;2;2;0;194m█[38;2;0;0;183m█[38;2;0;0;22m█[38;2;1;0;34m█[38;2;35;34;22m█[38;2;58;56;44m█[38;2;56;58;44m█[38;2;34;35;22m█[38;2;1;0;34m█[38;2;0;0;22m█[38;2;0;0;183m█[38;2;2;0;194m█[38;2;9;9;82m█[38;2;8;8;81m█[38;2;13;15;6m██[38;2;13;13;16m██████
████[38;2;13;13;13m██[38;2;13;12;22m██[38;2;2;2;176m█[38;2;0;0;174m█[38;2;0;0;28m█[38;2;17;16;56m█[38;2;126;127;116m█[38;2;211;212;201m█[38;2;247;247;247m█[38;2;255;255;255m██[38;2;247;247;247m█[38;2;211;212;201m█[38;2;126;127;116m█[38;2;15;17;55m█[38;2;0;0;27m█[38;2;0;0;174m█[38;2;2;2;176m█[38;2;13;12;22m██[38;2;13;13;13m██[38;2;13;13;16m████
████[38;2;13;15;6m██[38;2;8;6;95m█[38;2;9;8;96m█[38;2;3;3;120m█[38;2;0;0;98m█[38;2;80;81;67m█[38;2;231;232;218m█[38;2;255;255;255m███[38;2;254;254;254m██[38;2;255;255;255m███[38;2;231;232;218m█[38;2;80;81;67m█[38;2;0;0;98m█[38;2;3;3;120m█[38;2;9;8;96m█[38;2;8;6;95m█[38;2;13;15;6m██[38;2;13;13;16m████
████[38;2;13;13;11m██[38;2;5;3;150m█[38;2;4;2;148m█[38;2;0;0;18m█[38;2;97;96;129m█[38;2;255;255;254m█[38;2;255;255;255m█[38;2;253;253;253m████████[38;2;255;255;255m█[38;2;255;255;254m█[38;2;97;96;129m█[38;2;0;0;18m█[38;2;4;2;148m█[38;2;5;3;150m█[38;2;13;13;11m██[38;2;13;13;16m████
██[38;2;13;13;11m██[38;2;11;11;40m██[38;2;6;5;144m█[38;2;0;0;123m█[38;2;60;60;55m█[38;2;254;254;250m█[38;2;255;255;255m█[38;2;253;253;253m██████████[38;2;255;255;255m█[38;2;254;254;250m█[38;2;60;60;55m█[38;2;0;0;123m█[38;2;6;5;144m█[38;2;11;11;40m██[38;2;13;13;11m██[38;2;13;13;16m██
██[38;2;13;13;9m██[38;2;9;9;74m█[38;2;10;10;75m█[38;2;2;3;103m█[38;2;0;0;94m█[38;2;203;204;193m█[38;2;255;255;252m█[38;2;253;253;253m█[38;2;255;255;255m███[38;2;253;253;253m████[38;2;254;254;254m█[38;2;255;255;255m██[38;2;253;253;253m█[38;2;255;255;252m█[38;2;203;204;193m█[38;2;0;0;95m█[38;2;2;3;104m█[38;2;10;10;75m█[38;2;9;9;74m█[38;2;13;13;9m██[38;2;13;13;16m██
██[38;2;13;15;6m██[38;2;5;6;102m█[38;2;6;8;103m█[38;2;0;0;56m█[38;2;68;68;133m█[38;2;255;255;253m█[38;2;255;255;246m█[38;2;255;255;255m█[38;2;230;230;230m█[38;2;211;211;211m█[38;2;243;243;243m█[38;2;255;255;255m█[38;2;253;253;253m██[38;2;255;255;255m█[38;2;250;250;250m█[38;2;215;215;215m█[38;2;224;224;224m█[38;2;255;255;255m█[38;2;255;255;247m█[38;2;255;255;253m█[38;2;68;68;133m█[38;2;0;0;56m█[38;2;10;8;104m█[38;2;8;5;102m█[38;2;13;15;6m██[38;2;13;13;16m██
██[38;2;13;15;6m██[38;2;5;5;117m█[38;2;6;6;118m█[38;2;0;0;30m█[38;2;147;150;192m█[38;2;255;255;255m█[38;2;252;252;247m█[38;2;111;111;111m█[38;2;53;53;53m█[38;2;69;69;69m█[38;2;51;51;51m█[38;2;169;169;169m█[38;2;255;255;255m██[38;2;194;194;194m█[38;2;56;56;56m█[38;2;67;67;67m█[38;2;58;58;58m█[38;2;89;89;89m█[38;2;242;242;237m█[38;2;255;255;255m█[38;2;147;150;192m█[38;2;0;0;30m█[38;2;6;6;118m█[38;2;5;5;117m█[38;2;13;15;6m██[38;2;13;13;16m██
██[38;2;13;13;9m██[38;2;5;5;123m█[38;2;4;4;122m█[38;2;0;0;24m█[38;2;194;194;223m█[38;2;255;255;255m█[38;2;134;134;130m█[38;2;49;49;49m█[38;2;120;120;120m█[38;2;132;132;132m█[38;2;93;93;93m█[38;2;26;26;26m█[38;2;223;223;223m█[38;2;239;239;239m█[38;2;37;37;37m█[38;2;108;108;108m█[38;2;120;120;120m█[38;2;126;126;126m█[38;2;39;39;39m█[38;2;111;111;107m█[38;2;255;255;255m█[38;2;194;194;223m█[38;2;0;0;24m█[38;2;3;4;122m█[38;2;4;5;123m█[38;2;13;13;9m██[38;2;13;13;16m██
██[38;2;13;13;9m██[38;2;4;4;125m█[38;2;2;2;123m█[38;2;0;0;25m█[38;2;208;208;233m█[38;2;255;255;255m█[38;2;63;63;61m█[38;2;103;103;103m█[38;2;19;19;19m█[38;2;51;51;51m█[38;2;53;53;53m█[38;2;67;67;67m█[38;2;174;174;174m█[38;2;182;182;182m█[38;2;61;61;61m█[38;2;59;59;59m█[38;2;53;53;53m█[38;2;11;11;11m█[38;2;109;109;109m█[38;2;59;59;56m█[38;2;255;255;255m█[38;2;208;208;233m█[38;2;0;0;25m█[38;2;2;2;123m█[38;2;4;4;125m█[38;2;13;13;9m██[38;2;13;13;16m██
██[38;2;13;13;9m██[38;2;4;4;125m█[38;2;2;2;123m█[38;2;0;0;25m█[38;2;208;208;233m█[38;2;255;255;255m█[38;2;66;66;63m█[38;2;102;102;102m█[38;2;23;23;23m█[38;2;58;58;58m█[38;2;12;12;12m█[38;2;34;34;34m█[38;2;210;210;210m█[38;2;182;182;182m█[38;2;58;58;58m█[38;2;63;63;63m█[38;2;54;54;54m█[38;2;12;12;12m█[38;2;33;33;33m█[38;2;94;94;91m█[38;2;255;255;255m█[38;2;208;208;233m█[38;2;0;0;25m█[38;2;2;2;123m█[38;2;4;4;125m█[38;2;13;13;9m██[38;2;13;13;16m██
██[38;2;13;13;9m██[38;2;4;4;125m█[38;2;2;2;123m█[38;2;0;0;25m█[38;2;208;208;233m█[38;2;255;255;255m█[38;2;146;146;144m█[38;2;39;39;39m█[38;2;103;103;103m█[38;2;133;133;133m█[38;2;124;124;124m█[38;2;167;167;167m█[38;2;255;255;255m█[38;2;239;239;239m█[38;2;42;42;42m█[38;2;89;89;89m█[38;2;107;107;107m█[38;2;145;145;145m█[38;2;122;122;122m█[38;2;230;230;228m█[38;2;255;255;255m█[38;2;208;208;233m█[38;2;0;0;25m█[38;2;2;2;123m█[38;2;4;4;125m█[38;2;13;13;9m██[38;2;13;13;16m██
██[38;2;13;13;9m██[38;2;4;4;125m█[38;2;2;2;123m█[38;2;0;0;25m█[38;2;208;208;233m█[38;2;255;255;255m█[38;2;255;255;254m█[38;2;132;132;132m█[38;2;54;54;54m█[38;2;55;55;55m█[38;2;171;171;171m█[38;2;255;255;255m█[38;2;253;253;253m█[38;2;255;255;255m█[38;2;209;209;209m█[38;2;69;69;69m█[38;2;56;56;56m█[38;2;87;87;87m█[38;2;253;253;253m█[38;2;255;255;255m██[38;2;208;208;233m█[38;2;0;0;25m█[38;2;2;2;123m█[38;2;4;4;125m█[38;2;13;13;9m██[38;2;13;13;16m██
██[38;2;13;13;9m██[38;2;4;4;125m█[38;2;2;2;123m█[38;2;0;0;25m█[38;2;208;208;233m█[38;2;255;255;255m█[38;2;254;254;252m█[38;2;255;255;255m█[38;2;245;245;245m█[38;2;228;228;228m█[38;2;245;245;245m█[38;2;254;254;254m█[38;2;253;253;253m██[38;2;255;255;255m██[38;2;231;231;231m█[38;2;235;235;235m█[38;2;253;253;253m█[38;2;253;253;251m█[38;2;255;255;255m█[38;2;208;208;233m█[38;2;0;0;25m█[38;2;2;2;123m█[38;2;4;4;125m█[38;2;13;13;9m██[38;2;13;13;16m██
██[38;2;13;13;9m██[38;2;4;4;125m█[38;2;2;2;123m█[38;2;0;0;25m█[38;2;208;208;233m█[38;2;255;255;255m█[38;2;253;253;251m█[38;2;253;253;253m█[38;2;255;255;255m██[38;2;254;254;254m█[38;2;253;253;253m████[38;2;254;254;254m█[38;2;255;255;255m██[38;2;253;253;253m█[38;2;253;253;251m█[38;2;255;255;255m█[38;2;208;208;233m█[38;2;0;0;25m█[38;2;2;2;123m█[38;2;4;4;125m█[38;2;13;13;9m██[38;2;13;13;16m██
██[38;2;13;13;9m██[38;2;4;4;125m█[38;2;2;2;123m█[38;2;0;0;25m█[38;2;208;208;233m█[38;2;255;255;255m█[38;2;253;253;251m█[38;2;253;253;253m████████████[38;2;253;253;251m█[38;2;255;255;255m█[38;2;208;208;233m█[38;2;0;0;25m█[38;2;2;2;123m█[38;2;4;4;125m█[38;2;13;13;9m██[38;2;13;13;16m██
██[38;2;13;13;9m██[38;2;4;4;125m█[38;2;2;2;123m█[38;2;0;0;25m█[38;2;208;208;233m█[38;2;255;255;255m█[38;2;253;253;251m█[38;2;253;253;253m████████████[38;2;253;253;251m█[38;2;255;255;255m█[38;2;208;208;233m█[38;2;0;0;25m█[38;2;2;2;123m█[38;2;4;4;125m█[38;2;13;13;9m██[38;2;13;13;16m██
██[38;2;13;13;9m██[38;2;4;4;125m█[38;2;2;2;123m█[38;2;0;0;25m█[38;2;208;208;233m█[38;2;255;255;255m█[38;2;253;253;251m█[38;2;253;253;253m████████████[38;2;253;253;251m█[38;2;255;255;255m█[38;2;208;208;233m█[38;2;0;0;25m█[38;2;2;2;123m█[38;2;4;4;125m█[38;2;13;13;9m██[38;2;13;13;16m██
██[38;2;13;13;9m██[38;2;4;4;125m█[38;2;2;2;123m█[38;2;0;0;25m█[38;2;208;208;233m█[38;2;255;255;255m█[38;2;253;253;251m█[38;2;253;253;253m████████████[38;2;253;253;251m█[38;2;255;255;255m█[38;2;208;208;233m█[38;2;0;0;25m█[38;2;2;2;123m█[38;2;5;5;126m█[38;2;13;13;9m██[38;2;13;13;16m██
██[38;2;13;13;9m██[38;2;5;4;125m█[38;2;3;2;123m█[38;2;1;1;26m█[38;2;209;209;235m█[38;2;255;255;255m█[38;2;253;253;251m█[38;2;253;253;253m████████████[38;2;253;253;251m█[38;2;255;255;255m█[38;2;209;209;235m█[38;2;1;1;26m█[38;2;2;2;123m█[38;2;5;5;126m█[38;2;13;13;9m██[38;2;13;13;16m██
██[38;2;13;13;9m██[38;2;4;4;125m█[38;2;3;3;124m█[38;2;0;0;22m█[38;2;200;200;226m█[38;2;255;255;255m█[38;2;253;253;249m█[38;2;253;253;253m██[38;2;255;255;255m██[38;2;253;253;253m████[38;2;255;255;255m██[38;2;253;253;253m██[38;2;253;253;249m█[38;2;255;255;255m█[38;2;201;201;228m█[38;2;0;0;23m█[38;2;3;3;124m█[38;2;4;4;125m█[38;2;13;13;9m██[38;2;13;13;16m██
██[38;2;13;15;6m██[38;2;5;5;118m█[38;2;6;6;119m█[38;2;0;0;33m█[38;2;108;109;154m█[38;2;255;255;255m█[38;2;255;255;252m█[38;2;255;255;255m██[38;2;246;246;246m█[38;2;244;244;244m█[38;2;255;255;255m████[38;2;244;244;244m█[38;2;246;246;246m█[38;2;255;255;255m██[38;2;255;255;252m█[38;2;255;255;255m█[38;2;111;112;158m█[38;2;0;0;33m█[38;2;6;6;119m█[38;2;5;5;118m█[38;2;13;15;6m██[38;2;13;13;16m██
██[38;2;13;15;6m██[38;2;8;6;91m█[38;2;9;8;93m█[38;2;1;2;102m█[38;2;0;0;91m█[38;2;130;129;116m█[38;2;232;231;218m█[38;2;237;237;235m█[38;2;164;164;161m█[38;2;37;38;27m█[38;2;30;31;20m█[38;2;151;151;148m█[38;2;235;235;232m██[38;2;151;151;148m█[38;2;30;31;23m█[38;2;35;37;28m█[38;2;164;164;161m█[38;2;237;237;235m█[38;2;233;232;219m█[38;2;134;133;120m█[38;2;0;0;88m█[38;2;1;2;97m█[38;2;9;8;93m█[38;2;8;6;91m█[38;2;13;15;6m██[38;2;13;13;16m██
██[38;2;13;13;13m██[38;2;11;11;34m██[38;2;3;3;178m█[38;2;0;0;171m█[38;2;0;0;15m█[38;2;11;11;37m█[38;2;18;17;31m█[38;2;0;0;6m█[38;2;0;0;123m█[38;2;0;0;124m█[38;2;0;0;9m█[38;2;13;15;32m█[38;2;13;13;34m█[38;2;0;0;11m█[38;2;0;0;126m█[38;2;0;0;125m█[38;2;0;0;6m█[38;2;18;17;31m█[38;2;11;11;34m█[38;2;0;0;12m█[38;2;0;0;169m█[38;2;3;3;178m█[38;2;11;11;37m██[38;2;13;13;11m██[38;2;13;13;16m██
████[38;2;13;15;6m██[38;2;5;6;104m█[38;2;6;8;105m█[38;2;0;0;209m█[38;2;0;0;203m█[38;2;0;0;195m█[38;2;0;0;201m█[38;2;2;1;189m██[38;2;0;0;201m█[38;2;0;0;195m██[38;2;0;0;201m█[38;2;2;1;192m██[38;2;0;0;201m█[38;2;0;0;195m█[38;2;0;0;203m█[38;2;0;0;209m█[38;2;6;8;108m█[38;2;5;6;107m█[38;2;13;15;6m██[38;2;13;13;16m████
██████[38;2;13;13;11m██[38;2;9;9;76m█[38;2;10;10;77m█[38;2;9;9;86m█[38;2;8;8;84m█[38;2;13;13;16m██[38;2;9;8;81m█[38;2;10;9;82m█[38;2;9;9;82m█[38;2;8;8;81m█[38;2;13;13;16m██[38;2;8;8;84m█[38;2;9;9;86m█[38;2;10;9;80m█[38;2;9;8;79m█[38;2;13;13;11m██[38;2;13;13;16m██████
████████[38;2;13;15;6m████[38;2;13;13;13m██[38;2;13;15;6m████[38;2;13;13;13m██[38;2;13;15;6m████[38;2;13;13;16m████████
████████████████████████████████