[38;2;13;13;16m██████████[38;2;13;15;6m██[38;2;11;12;27m██[38;2;8;8;83m████[38;2;11;12;27m██[38;2;13;15;6m██[38;2;13;13;16m██████████
████████[38;2;13;15;6m██[38;2;9;9;66m██[38;2;0;0;210m██[38;2;0;0;236m█[38;2;0;0;235m██[38;2;0;0;236m█[38;2;0;0;210m██[38;2;9;9;66m██[38;2;13;15;6m██[38;2;13;13;16m████████
██████[38;2;13;13;9m██[38;2;11;10;49m██[38;2;0;0;219m██[38;2;0;0;133m█[38;2;0;0;122m█[38;2;0;0;26m█[38;2;0;0;28m██[38;2;0;0;26m█[38;2;0;0;122m█[38;2;0;0;133m█[38;2;0;0;219m██[38;2;11;10;49m██[38;2;13;13;9m██[38;2;13;13;16m██████
██████[38;2;13;13;11m██[38;2;1;1;174m█[38;2;3;3;176m█[38;2;0;0;117m█[38;2;0;0;98m█[38;2;22;20;8m█[38;2;94;93;80m█[38;2;152;153;145m█[38;2;179;180;172m█[38;2;180;181;173m█[38;2;152;153;145m█[38;2;94;93;80m█[38;2;22;20;8m█[38;2;0;0;98m█[38;2;0;0;117m█[38;2;3;3;176m█[38;2;1;1;174m█[38;2;13;13;11m██[38;2;13;13;16m██████
████[38;2;13;15;6m██[38;2;9;9;74m██[38;2;3;3;176m█[38;2;0;0;160m█[38;2;2;2;0m█[38;2;124;124;119m█[38;2;235;235;232m█[38;2;255;255;255m██████[38;2;235;235;232m█[38;2;124;124;119m█[38;2;2;2;0m█[38;2;0;0;160m█[38;2;3;3;176m█[38;2;9;9;74m██[38;2;13;15;6m██[38;2;13;13;16m████
████[38;2;13;15;6m██[38;2;2;3;148m█[38;2;4;5;151m█[38;2;0;0;62m█[38;2;11;12;80m█[38;2;193;194;183m█[38;2;255;255;255m██[38;2;253;253;253m██████[38;2;255;255;255m██[38;2;193;194;183m█[38;2;11;12;80m█[38;2;0;0;62m█[38;2;4;5;151m█[38;2;2;3;148m█[38;2;13;15;6m██[38;2;13;13;16m████
██[38;2;13;13;13m██[38;2;11;12;30m██[38;2;3;3;162m█[38;2;0;0;154m█[38;2;5;5;11m█[38;2;197;197;203m█[38;2;255;255;255m█[38;2;253;253;251m█[38;2;253;253;253m████████[38;2;253;253;251m█[38;2;255;255;255m█[38;2;196;196;202m█[38;2;5;5;11m█[38;2;0;0;154m█[38;2;3;3;162m█[38;2;11;12;30m██[38;2;13;13;13m██[38;2;13;13;16m██
██[38;2;13;13;9m██[38;2;9;9;68m██[38;2;4;4;129m█[38;2;0;0;104m█[38;2;137;138;126m█[38;2;255;255;255m█[38;2;253;253;253m████████████[38;2;255;255;255m█[38;2;137;138;126m█[38;2;0;0;104m█[38;2;4;4;129m█[38;2;9;9;66m██[38;2;13;13;9m██[38;2;13;13;16m██
██[38;2;13;15;6m██[38;2;5;8;97m█[38;2;6;9;98m█[38;2;0;0;81m█[38;2;26;25;110m█[38;2;244;245;235m█[38;2;255;255;251m█[38;2;255;255;255m██[38;2;253;253;253m█████[38;2;255;255;255m███[38;2;253;253;253m██[38;2;255;255;247m█[38;2;245;246;236m█[38;2;25;24;109m█[38;2;0;0;81m█[38;2;6;9;101m█[38;2;5;8;100m█[38;2;13;15;6m██[38;2;13;13;16m██
██[38;2;13;15;6m██[38;2;5;5;117m█[38;2;6;6;118m█[38;2;0;0;39m█[38;2;111;112;164m█[38;2;255;255;255m█[38;2;212;214;205m█[38;2;90;90;90m█[38;2;185;185;185m█[38;2;255;255;255m██[38;2;253;253;253m██[38;2;255;255;255m█[38;2;159;159;159m█[38;2;103;103;103m█[38;2;224;224;224m█[38;2;255;255;255m██[38;2;253;254;246m█[38;2;255;255;255m█[38;2;111;112;164m█[38;2;0;0;39m█[38;2;6;6;118m█[38;2;5;5;117m█[38;2;13;15;6m██[38;2;13;13;16m██
██[38;2;13;15;6m██[38;2;4;4;125m██[38;2;0;0;24m█[38;2;176;175;210m█[38;2;255;255;255m█[38;2;175;175;171m█[38;2;0;0;0m██[38;2;88;88;88m█[38;2;218;218;218m█[38;2;255;255;255m█[38;2;253;253;253m█[38;2;255;255;255m█[38;2;89;89;89m█[38;2;0;0;0m█[38;2;11;11;11m█[38;2;137;137;137m█[38;2;246;246;246m█[38;2;255;255;254m█[38;2;255;255;255m█[38;2;175;174;209m█[38;2;0;0;24m█[38;2;4;4;125m██[38;2;13;15;6m██[38;2;13;13;16m██
██[38;2;13;13;9m██[38;2;4;4;125m█[38;2;2;2;123m█[38;2;0;0;25m█[38;2;203;203;230m█[38;2;255;255;255m█[38;2;255;255;253m█[38;2;188;188;188m█[38;2;55;55;55m█[38;2;0;0;0m█[38;2;4;4;4m█[38;2;153;153;153m█[38;2;255;255;255m██[38;2;245;245;245m█[38;2;144;144;144m█[38;2;17;17;17m█[38;2;0;0;0m█[38;2;38;38;38m█[38;2;215;215;212m█[38;2;255;255;255m█[38;2;203;203;230m█[38;2;0;0;25m█[38;2;3;3;124m█[38;2;4;4;125m█[38;2;13;13;9m██[38;2;13;13;16m██
██[38;2;13;13;9m██[38;2;4;4;125m█[38;2;2;2;123m█[38;2;1;1;26m█[38;2;208;208;233m█[38;2;255;255;255m██[38;2;243;243;243m█[38;2;100;100;100m█[38;2;0;0;0m██[38;2;111;111;111m█[38;2;255;255;255m█[38;2;253;253;253m█[38;2;255;255;255m█[38;2;207;207;207m█[38;2;42;42;42m█[38;2;0;0;0m██[38;2;192;192;189m█[38;2;255;255;255m█[38;2;208;208;233m█[38;2;0;0;25m█[38;2;2;2;123m█[38;2;4;4;125m█[38;2;13;13;9m██[38;2;13;13;16m██
██[38;2;13;13;9m██[38;2;4;4;125m█[38;2;2;2;123m█[38;2;0;0;25m█[38;2;208;208;233m█[38;2;255;255;255m█[38;2;198;198;196m█[38;2;11;11;11m█[38;2;0;0;0m█[38;2;32;32;32m█[38;2;164;164;164m█[38;2;253;253;253m█[38;2;254;254;254m█[38;2;255;255;255m█[38;2;127;127;127m█[38;2;0;0;0m██[38;2;73;73;73m█[38;2;208;208;208m█[38;2;255;255;255m██[38;2;208;208;233m█[38;2;0;0;25m█[38;2;2;2;123m█[38;2;4;4;125m█[38;2;13;13;9m██[38;2;13;13;16m██
██[38;2;13;13;9m██[38;2;4;4;125m█[38;2;2;2;123m█[38;2;0;0;25m█[38;2;208;208;233m█[38;2;255;255;255m█[38;2;188;188;186m█[38;2;25;25;25m█[38;2;123;123;123m█[38;2;242;242;242m█[38;2;255;255;255m█[38;2;254;254;254m█[38;2;253;253;253m█[38;2;255;255;255m█[38;2;112;112;112m█[38;2;38;38;38m█[38;2;173;173;173m█[38;2;255;255;255m██[38;2;253;253;251m█[38;2;255;255;255m█[38;2;208;208;233m█[38;2;0;0;25m█[38;2;2;2;123m█[38;2;4;4;125m█[38;2;13;13;9m██[38;2;13;13;16m██
██[38;2;13;13;9m██[38;2;4;4;125m█[38;2;2;2;123m█[38;2;0;0;25m█[38;2;208;208;233m█[38;2;255;255;255m█[38;2;255;255;253m█[38;2;249;249;249m█[38;2;255;255;255m██[38;2;253;253;253m████[38;2;254;254;254m█[38;2;252;252;252m█[38;2;255;255;255m█[38;2;254;254;254m█[38;2;253;253;253m█[38;2;253;253;251m█[38;2;255;255;255m█[38;2;208;208;233m█[38;2;0;0;25m█[38;2;2;2;123m█[38;2;4;4;125m█[38;2;13;13;9m██[38;2;13;13;16m██
██[38;2;13;13;9m██[38;2;4;4;125m█[38;2;2;2;123m█[38;2;0;0;25m█[38;2;208;208;233m█[38;2;255;255;255m█[38;2;253;253;251m█[38;2;255;255;255m█[38;2;253;253;253m██████[38;2;254;254;254m██[38;2;253;253;253m███[38;2;253;253;251m█[38;2;255;255;255m█[38;2;208;208;233m█[38;2;0;0;25m█[38;2;2;2;123m█[38;2;4;4;125m█[38;2;13;13;9m██[38;2;13;13;16m██
██[38;2;13;13;9m██[38;2;4;4;125m█[38;2;2;2;123m█[38;2;0;0;25m█[38;2;208;208;233m█[38;2;255;255;255m█[38;2;253;253;251m█[38;2;253;253;253m████████████[38;2;253;253;251m█[38;2;255;255;255m█[38;2;208;208;233m█[38;2;0;0;25m█[38;2;2;2;123m█[38;2;4;4;125m█[38;2;13;13;9m██[38;2;13;13;16m██
██[38;2;13;13;9m██[38;2;4;4;125m█[38;2;2;2;123m█[38;2;0;0;25m█[38;2;208;208;233m█[38;2;255;255;255m█[38;2;253;253;251m█[38;2;253;253;253m████████████[38;2;253;253;251m█[38;2;255;255;255m█[38;2;208;208;233m█[38;2;0;0;25m█[38;2;2;2;123m█[38;2;4;4;125m█[38;2;13;13;9m██[38;2;13;13;16m██
██[38;2;13;13;9m██[38;2;4;4;125m█[38;2;2;2;123m█[38;2;0;0;25m█[38;2;208;208;233m█[38;2;255;255;255m█[38;2;253;253;251m█[38;2;253;253;253m████████████[38;2;253;253;251m█[38;2;255;255;255m█[38;2;208;208;233m█[38;2;0;0;25m█[38;2;2;2;123m█[38;2;4;4;125m█[38;2;13;13;9m██[38;2;13;13;16m██
██[38;2;13;13;9m██[38;2;4;4;125m█[38;2;2;2;123m█[38;2;0;0;25m█[38;2;208;208;233m█[38;2;255;255;255m█[38;2;253;253;251m█[38;2;253;253;253m████████████[38;2;253;253;251m█[38;2;255;255;255m█[38;2;208;208;233m█[38;2;0;0;25m█[38;2;2;2;123m█[38;2;4;4;125m█[38;2;13;13;9m██[38;2;13;13;16m██
██[38;2;13;13;9m██[38;2;4;4;125m█[38;2;2;2;123m█[38;2;1;1;26m█[38;2;209;209;235m█[38;2;255;255;255m█[38;2;253;253;251m█[38;2;253;253;253m████████████[38;2;253;253;251m█[38;2;255;255;255m█[38;2;209;209;235m█[38;2;1;1;26m█[38;2;2;2;123m█[38;2;4;4;125m█[38;2;13;13;9m██[38;2;13;13;16m██
██[38;2;13;13;9m██[38;2;4;4;125m█[38;2;3;3;124m█[38;2;0;0;23m█[38;2;202;202;229m█[38;2;255;255;255m█[38;2;253;253;251m█[38;2;253;253;253m██[38;2;254;254;254m██[38;2;253;253;253m████[38;2;254;254;254m██[38;2;253;253;253m██[38;2;253;253;251m█[38;2;255;255;255m█[38;2;203;203;230m█[38;2;0;0;23m█[38;2;3;3;124m█[38;2;4;4;125m█[38;2;13;13;9m██[38;2;13;13;16m██
██[38;2;13;15;6m██[38;2;5;5;123m█[38;2;6;6;124m█[38;2;0;0;31m█[38;2;118;120;162m█[38;2;255;255;255m█[38;2;255;255;252m█[38;2;255;255;255m██[38;2;253;253;253m█[38;2;252;252;252m█[38;2;255;255;255m████[38;2;251;251;251m█[38;2;253;253;253m█[38;2;255;255;255m██[38;2;255;255;252m█[38;2;255;255;255m█[38;2;122;124;166m█[38;2;0;0;31m█[38;2;6;6;124m█[38;2;5;5;123m█[38;2;13;15;6m██[38;2;13;13;16m██
██[38;2;13;15;6m██[38;2;5;8;100m█[38;2;6;9;101m█[38;2;0;2;94m█[38;2;0;0;88m█[38;2;147;148;134m█[38;2;242;243;229m█[38;2;246;246;244m█[38;2;179;179;176m█[38;2;51;52;41m█[38;2;45;46;35m█[38;2;169;169;167m█[38;2;245;245;243m██[38;2;166;166;164m█[38;2;42;44;33m█[38;2;51;52;41m█[38;2;181;181;179m█[38;2;247;247;245m█[38;2;243;244;230m█[38;2;150;151;137m█[38;2;0;0;87m█[38;2;0;2;91m█[38;2;6;8;103m█[38;2;5;6;102m█[38;2;13;15;6m██[38;2;13;13;16m██
██[38;2;13;13;11m██[38;2;11;10;45m██[38;2;3;3;180m█[38;2;0;0;171m█[38;2;0;0;3m█[38;2;24;23;34m█[38;2;30;30;35m█[38;2;0;0;2m█[38;2;0;0;102m█[38;2;0;0;103m█[38;2;0;0;5m█[38;2;27;26;38m██[38;2;0;0;4m█[38;2;0;0;104m█[38;2;0;0;102m█[38;2;0;0;1m█[38;2;31;31;34m█[38;2;24;23;34m█[38;2;0;0;3m█[38;2;0;0;171m█[38;2;3;3;180m█[38;2;11;10;47m██[38;2;13;13;11m██[38;2;13;13;16m██
████[38;2;13;15;6m██[38;2;4;4;131m█[38;2;5;5;132m█[38;2;0;0;208m█[38;2;0;0;200m█[38;2;0;0;186m█[38;2;0;0;194m█[38;2;0;0;221m██[38;2;0;0;196m█[38;2;0;0;189m██[38;2;0;0;196m█[38;2;0;0;221m█[38;2;0;0;219m█[38;2;0;0;194m█[38;2;0;0;186m█[38;2;0;0;200m█[38;2;0;0;208m█[38;2;5;5;134m█[38;2;4;4;133m█[38;2;13;15;6m██[38;2;13;13;16m████
████[38;2;13;13;13m██[38;2;13;13;17m██[38;2;5;5;117m█[38;2;6;6;118m█[38;2;5;5;126m██[38;2;11;11;34m██[38;2;6;6;122m██[38;2;6;6;119m██[38;2;11;11;34m██[38;2;5;5;126m██[38;2;6;6;118m█[38;2;5;5;117m█[38;2;13;13;17m██[38;2;13;13;13m██[38;2;13;13;16m████
██████[38;2;13;13;13m██[38;2;13;15;4m████[38;2;13;13;11m██[38;2;13;15;4m████[38;2;13;13;11m██[38;2;13;15;4m████[38;2;13;13;13m██[38;2;13;13;16m██████
████████████████████████████████
████████████████████████████████
████████████████████████████████