[38;2;13;13;16m██████████[38;2;13;13;11m██[38;2;13;13;9m██[38;2;11;11;32m████[38;2;13;13;9m██[38;2;13;13;11m██[38;2;13;13;16m██████████
████████[38;2;13;13;9m██[38;2;11;12;27m██[38;2;3;4;155m██[38;2;0;0;215m█[38;2;0;0;214m██[38;2;0;0;215m█[38;2;3;4;155m██[38;2;13;12;27m██[38;2;13;13;9m██[38;2;13;13;16m████████
██████[38;2;13;13;13m██[38;2;13;12;24m██[38;2;2;1;183m██[38;2;0;0;147m█[38;2;0;0;136m█[38;2;0;0;34m█[38;2;0;0;35m█[38;2;0;0;38m█[38;2;0;0;37m█[38;2;0;0;136m█[38;2;0;0;147m█[38;2;2;1;183m██[38;2;13;12;24m██[38;2;13;13;13m██[38;2;13;13;16m██████
██████[38;2;13;15;6m██[38;2;4;3;140m█[38;2;6;5;143m█[38;2;0;0;126m█[38;2;0;0;108m█[38;2;16;15;2m█[38;2;84;83;70m█[38;2;141;143;132m█[38;2;169;171;160m██[38;2;141;143;132m█[38;2;83;84;70m█[38;2;15;16;2m█[38;2;0;0;108m█[38;2;0;0;126m█[38;2;6;5;143m█[38;2;4;3;140m█[38;2;13;15;6m██[38;2;13;13;16m██████
████[38;2;13;13;11m██[38;2;11;10;53m██[38;2;4;4;169m█[38;2;0;0;154m█[38;2;0;0;0m█[38;2;113;113;111m█[38;2;229;229;226m█[38;2;255;255;255m██████[38;2;229;229;226m█[38;2;113;113;111m█[38;2;0;0;0m█[38;2;0;0;155m█[38;2;4;4;169m█[38;2;9;11;53m██[38;2;13;13;11m██[38;2;13;13;16m████
████[38;2;13;15;4m██[38;2;5;4;127m█[38;2;8;6;130m█[38;2;0;0;68m█[38;2;6;6;80m█[38;2;185;186;175m█[38;2;255;255;255m██[38;2;253;253;253m██████[38;2;255;255;255m██[38;2;185;186;175m█[38;2;6;6;80m█[38;2;0;0;68m█[38;2;6;6;130m█[38;2;4;4;127m█[38;2;13;15;4m██[38;2;13;13;16m████
██[38;2;13;13;13m██[38;2;13;12;22m██[38;2;5;3;152m█[38;2;0;0;144m█[38;2;2;1;10m█[38;2;189;188;197m█[38;2;255;255;255m█[38;2;253;253;251m█[38;2;253;253;253m████████[38;2;253;253;251m█[38;2;255;255;255m█[38;2;189;188;197m█[38;2;2;1;10m█[38;2;0;0;144m█[38;2;3;4;152m█[38;2;13;12;22m██[38;2;13;13;13m██[38;2;13;13;16m██
██[38;2;13;13;11m██[38;2;9;10;55m██[38;2;6;5;129m█[38;2;0;0;103m█[38;2;130;131;120m█[38;2;255;255;255m█[38;2;253;253;253m████████████[38;2;255;255;255m█[38;2;130;131;120m█[38;2;0;0;103m█[38;2;6;5;129m█[38;2;9;10;55m██[38;2;13;13;11m██[38;2;13;13;16m██
██[38;2;13;15;6m██[38;2;8;6;89m█[38;2;9;8;90m█[38;2;0;0;82m█[38;2;23;22;107m█[38;2;242;243;232m█[38;2;255;255;251m█[38;2;255;255;255m██[38;2;253;253;253m██████████[38;2;255;255;247m█[38;2;242;243;232m█[38;2;23;22;107m█[38;2;0;0;82m█[38;2;9;8;90m█[38;2;8;6;89m█[38;2;13;15;6m██[38;2;13;13;16m██
██[38;2;13;15;6m██[38;2;5;6;110m█[38;2;6;8;111m█[38;2;0;0;41m█[38;2;108;109;162m█[38;2;255;255;255m█[38;2;223;224;216m█[38;2;120;120;120m█[38;2;205;205;205m█[38;2;255;255;255m██[38;2;253;253;253m████████[38;2;253;254;246m█[38;2;255;255;255m█[38;2;108;109;162m█[38;2;0;0;41m█[38;2;6;8;111m█[38;2;5;6;110m█[38;2;13;15;6m██[38;2;13;13;16m██
██[38;2;13;15;6m██[38;2;5;5;120m██[38;2;0;0;26m█[38;2;174;173;210m█[38;2;255;255;255m█[38;2;168;168;164m█[38;2;0;0;0m██[38;2;112;112;112m█[38;2;235;235;235m█[38;2;255;255;255m█[38;2;252;252;252m█[38;2;255;255;255m████████[38;2;174;173;210m█[38;2;0;0;26m█[38;2;5;5;120m██[38;2;13;15;6m██[38;2;13;13;16m██
██[38;2;13;13;9m██[38;2;5;4;125m█[38;2;4;3;124m█[38;2;0;0;25m█[38;2;203;203;230m█[38;2;255;255;255m█[38;2;251;251;246m█[38;2;161;161;161m█[38;2;35;35;35m█[38;2;0;0;0m█[38;2;19;19;19m█[38;2;169;169;169m█[38;2;255;255;255m█[38;2;200;200;200m█[38;2;81;81;81m██[38;2;82;82;82m█[38;2;81;81;81m█[38;2;77;77;77m█[38;2;181;181;176m█[38;2;255;255;255m█[38;2;203;203;230m█[38;2;0;0;24m█[38;2;3;3;124m█[38;2;4;4;125m█[38;2;13;13;9m██[38;2;13;13;16m██
██[38;2;13;13;9m██[38;2;4;4;125m█[38;2;2;2;123m█[38;2;1;1;26m█[38;2;208;208;233m█[38;2;255;255;255m██[38;2;254;254;254m█[38;2;109;109;109m█[38;2;0;0;0m██[38;2;100;100;100m█[38;2;255;255;255m█[38;2;150;150;150m█[38;2;0;0;0m█████[38;2;118;118;116m█[38;2;255;255;255m█[38;2;208;208;233m█[38;2;1;1;26m█[38;2;2;2;123m█[38;2;5;5;126m█[38;2;13;13;9m██[38;2;13;13;16m██
██[38;2;13;13;9m██[38;2;4;4;125m█[38;2;2;2;123m█[38;2;0;0;26m█[38;2;208;208;235m█[38;2;255;255;255m█[38;2;205;205;203m█[38;2;26;26;26m█[38;2;0;0;0m█[38;2;18;18;18m█[38;2;141;141;141m█[38;2;246;246;246m█[38;2;255;255;255m█[38;2;250;250;250m█[38;2;215;215;215m█[38;2;211;211;211m███[38;2;212;212;212m█[38;2;246;246;244m█[38;2;255;255;255m█[38;2;208;208;233m█[38;2;1;1;26m█[38;2;2;2;123m█[38;2;5;5;126m█[38;2;13;13;9m██[38;2;13;13;16m██
██[38;2;13;13;9m██[38;2;4;4;125m█[38;2;2;2;123m█[38;2;0;0;26m█[38;2;208;208;235m█[38;2;255;255;255m█[38;2;180;180;178m█[38;2;9;9;9m█[38;2;104;104;104m█[38;2;230;230;230m█[38;2;255;255;255m██[38;2;253;253;253m█[38;2;254;254;254m█[38;2;255;255;255m█████[38;2;254;254;252m█[38;2;255;255;255m█[38;2;208;208;233m█[38;2;1;1;26m█[38;2;2;2;123m█[38;2;5;5;126m█[38;2;13;13;9m██[38;2;13;13;16m██
██[38;2;13;13;9m██[38;2;4;4;125m█[38;2;2;2;123m█[38;2;0;0;26m█[38;2;208;208;235m█[38;2;255;255;255m█[38;2;254;254;252m█[38;2;239;239;239m█[38;2;255;255;255m██[38;2;253;253;253m█████████[38;2;253;253;251m█[38;2;255;255;255m█[38;2;208;208;233m█[38;2;1;1;26m█[38;2;2;2;123m█[38;2;5;5;126m█[38;2;13;13;9m██[38;2;13;13;16m██
██[38;2;13;13;9m██[38;2;4;4;125m█[38;2;2;2;123m█[38;2;0;0;26m█[38;2;208;208;235m█[38;2;255;255;255m█[38;2;253;253;251m█[38;2;255;255;255m█[38;2;253;253;253m███████████[38;2;253;253;251m█[38;2;255;255;255m█[38;2;208;208;233m█[38;2;1;1;26m█[38;2;2;2;123m█[38;2;5;5;126m█[38;2;13;13;9m██[38;2;13;13;16m██
██[38;2;13;13;9m██[38;2;4;4;125m█[38;2;2;2;123m█[38;2;0;0;25m█[38;2;208;208;233m█[38;2;255;255;255m█[38;2;253;253;251m█[38;2;253;253;253m████████████[38;2;253;253;251m█[38;2;255;255;255m█[38;2;208;208;233m█[38;2;1;1;26m█[38;2;2;2;123m█[38;2;5;5;126m█[38;2;13;13;9m██[38;2;13;13;16m██
██[38;2;13;13;9m██[38;2;4;4;125m█[38;2;2;2;123m█[38;2;0;0;25m█[38;2;208;208;233m█[38;2;255;255;255m█[38;2;253;253;251m█[38;2;253;253;253m████████████[38;2;253;253;251m█[38;2;255;255;255m█[38;2;208;208;233m█[38;2;0;0;25m█[38;2;2;2;123m█[38;2;5;5;126m█[38;2;13;13;9m██[38;2;13;13;16m██
██[38;2;13;13;9m██[38;2;4;4;125m█[38;2;2;2;123m█[38;2;0;0;25m█[38;2;208;208;233m█[38;2;255;255;255m█[38;2;253;253;251m█[38;2;253;253;253m████████████[38;2;253;253;251m█[38;2;255;255;255m█[38;2;207;207;232m█[38;2;0;0;25m█[38;2;2;2;123m█[38;2;5;5;126m█[38;2;13;13;9m██[38;2;13;13;16m██
██[38;2;13;13;9m██[38;2;4;4;125m█[38;2;2;2;123m█[38;2;0;0;25m█[38;2;208;208;233m█[38;2;255;255;255m█[38;2;253;253;251m█[38;2;253;253;253m████████████[38;2;253;253;251m█[38;2;255;255;255m█[38;2;207;207;232m█[38;2;0;0;25m█[38;2;2;2;123m█[38;2;5;5;126m█[38;2;13;13;9m██[38;2;13;13;16m██
██[38;2;13;13;9m██[38;2;4;4;125m█[38;2;2;2;123m█[38;2;1;1;26m█[38;2;208;208;233m█[38;2;255;255;255m█[38;2;253;253;251m█[38;2;253;253;253m████████████[38;2;253;253;251m█[38;2;255;255;255m█[38;2;208;208;233m█[38;2;0;0;25m█[38;2;2;2;123m█[38;2;5;5;126m█[38;2;13;13;9m██[38;2;13;13;16m██
██[38;2;13;13;9m██[38;2;4;4;125m█[38;2;2;2;123m█[38;2;1;1;26m█[38;2;208;208;233m█[38;2;255;255;255m█[38;2;253;253;251m█[38;2;253;253;253m████████████[38;2;253;253;251m█[38;2;255;255;255m█[38;2;208;208;233m█[38;2;0;0;25m█[38;2;2;2;123m█[38;2;5;5;126m█[38;2;13;13;9m██[38;2;13;13;16m██
██[38;2;13;13;9m██[38;2;4;4;125m█[38;2;2;2;123m█[38;2;0;0;25m█[38;2;209;209;235m█[38;2;255;255;255m█[38;2;253;253;251m█[38;2;253;253;253m████████████[38;2;253;253;251m█[38;2;255;255;255m█[38;2;209;209;235m█[38;2;0;0;25m█[38;2;2;2;123m█[38;2;5;5;126m█[38;2;13;13;9m██[38;2;13;13;16m██
██[38;2;13;13;9m██[38;2;4;4;127m██[38;2;0;0;23m█[38;2;179;178;210m█[38;2;255;255;255m█[38;2;253;253;249m█[38;2;253;253;253m█[38;2;255;255;255m███[38;2;253;253;253m███[38;2;255;255;255m███[38;2;253;253;253m██[38;2;253;253;249m█[38;2;255;255;255m█[38;2;180;179;211m█[38;2;0;0;22m█[38;2;4;4;127m██[38;2;13;13;9m██[38;2;13;13;16m██
██[38;2;13;15;4m██[38;2;5;5;123m█[38;2;8;8;125m█[38;2;0;0;54m█[38;2;49;49;111m█[38;2;244;245;235m█[38;2;255;255;255m██[38;2;216;216;216m█[38;2;153;153;151m█[38;2;217;217;215m█[38;2;255;255;255m███[38;2;207;207;204m█[38;2;152;152;150m█[38;2;224;224;222m█[38;2;255;255;255m███[38;2;205;207;196m█[38;2;46;46;105m█[38;2;0;0;53m█[38;2;6;8;125m█[38;2;4;5;123m█[38;2;13;15;4m██[38;2;13;13;16m██
██[38;2;13;15;6m██[38;2;8;6;89m█[38;2;9;8;90m█[38;2;4;3;141m█[38;2;0;0;122m█[38;2;44;44;25m█[38;2;143;143;124m█[38;2;116;116;113m█[38;2;12;12;10m█[38;2;0;0;0m█[38;2;13;12;27m█[38;2;116;117;105m█[38;2;159;160;148m█[38;2;105;105;105m█[38;2;6;6;6m█[38;2;0;0;0m█[38;2;22;20;34m█[38;2;124;125;113m█[38;2;159;160;148m█[38;2;97;98;88m█[38;2;1;2;0m█[38;2;0;0;132m█[38;2;2;3;151m█[38;2;9;8;90m█[38;2;8;6;89m█[38;2;13;15;6m██[38;2;13;13;16m██
██[38;2;13;13;13m██[38;2;13;12;27m██[38;2;0;1;200m██[38;2;0;0;89m█[38;2;0;0;79m█[38;2;0;0;103m█[38;2;0;0;118m█[38;2;1;2;200m█[38;2;0;0;190m█[38;2;0;0;44m█[38;2;0;0;42m█[38;2;0;0;115m█[38;2;0;0;130m█[38;2;3;1;195m█[38;2;0;0;183m█[38;2;0;0;41m█[38;2;0;0;40m█[38;2;0;0;122m█[38;2;0;0;137m█[38;2;1;1;214m█[38;2;0;0;212m█[38;2;13;12;27m██[38;2;13;13;13m██[38;2;13;13;16m██
████[38;2;13;15;6m██[38;2;8;6;94m█[38;2;9;8;95m█[38;2;0;0;242m█[38;2;0;0;240m█[38;2;0;0;219m██[38;2;2;2;181m█[38;2;3;3;182m█[38;2;0;0;245m█[38;2;0;0;244m█[38;2;1;1;214m█[38;2;0;0;212m█[38;2;2;1;183m█[38;2;3;2;185m█[38;2;0;0;244m██[38;2;1;0;223m█[38;2;0;0;222m█[38;2;9;9;80m█[38;2;8;8;79m█[38;2;13;13;9m██[38;2;13;13;16m████
██████[38;2;13;13;11m██[38;2;9;10;61m██[38;2;11;10;49m██[38;2;13;13;17m██[38;2;10;9;80m██[38;2;11;10;45m██[38;2;13;13;19m██[38;2;9;8;83m██[38;2;11;10;45m██[38;2;13;15;6m██[38;2;13;13;16m██████
████████[38;2;13;13;9m██[38;2;13;13;11m██[38;2;13;13;13m██[38;2;13;15;6m██[38;2;13;13;11m██[38;2;13;13;13m██[38;2;13;15;6m██[38;2;13;13;11m██[38;2;13;13;16m████████
████████████████████████████████