[38;2;13;13;16m████████████████████████████████
████████████[38;2;13;15;6m██[38;2;13;13;9m████[38;2;13;15;6m██[38;2;13;13;16m████████████
████████[38;2;13;13;13m██[38;2;13;13;9m██[38;2;8;8;87m█[38;2;9;9;88m█[38;2;2;2;175m██[38;2;2;2;179m██[38;2;6;9;98m█[38;2;5;8;97m█[38;2;13;13;11m██[38;2;13;13;13m██[38;2;13;13;16m████████
████████[38;2;13;15;6m██[38;2;4;4;127m█[38;2;5;5;129m█[38;2;0;0;208m█[38;2;0;0;201m█[38;2;0;0;112m█[38;2;0;0;108m█[38;2;0;0;101m█[38;2;0;0;104m█[38;2;0;0;189m█[38;2;0;0;197m█[38;2;4;5;151m█[38;2;3;4;150m█[38;2;13;13;11m██[38;2;13;13;13m██[38;2;13;13;16m██████
██████[38;2;13;15;6m██[38;2;8;6;89m█[38;2;9;8;90m█[38;2;2;1;186m█[38;2;0;0;173m█[38;2;0;0;4m█[38;2;15;16;31m█[38;2;63;62;49m█[38;2;94;93;80m█[38;2;97;96;83m█[38;2;74;73;60m█[38;2;30;30;33m█[38;2;0;0;0m█[38;2;0;0;150m█[38;2;1;1;166m█[38;2;8;8;117m█[38;2;5;5;115m█[38;2;13;15;4m██[38;2;13;13;16m██████
████[38;2;13;13;13m██[38;2;13;12;24m██[38;2;2;2;176m█[38;2;0;0;174m█[38;2;0;0;19m█[38;2;28;27;60m█[38;2;152;153;143m█[38;2;232;233;223m█[38;2;255;255;255m████[38;2;244;245;237m█[38;2;182;183;175m█[38;2;65;63;75m█[38;2;0;0;1m█[38;2;0;0;168m█[38;2;3;3;178m█[38;2;11;11;40m██[38;2;13;13;11m██[38;2;13;13;16m████
████[38;2;13;15;6m██[38;2;8;6;94m█[38;2;9;8;95m█[38;2;3;3;120m█[38;2;0;0;98m█[38;2;88;89;75m█[38;2;240;242;228m█[38;2;255;255;255m██[38;2;254;254;254m█[38;2;253;253;253m███[38;2;255;255;255m██[38;2;255;255;249m█[38;2;146;147;136m█[38;2;0;0;80m█[38;2;0;0;84m█[38;2;8;8;125m█[38;2;5;5;123m█[38;2;13;15;4m██[38;2;13;13;16m████
████[38;2;13;13;9m██[38;2;4;3;144m█[38;2;5;4;145m█[38;2;0;0;20m█[38;2;94;93;127m█[38;2;255;255;255m█[38;2;255;255;254m█[38;2;253;253;253m████████[38;2;255;255;253m█[38;2;255;255;255m█[38;2;168;167;179m█[38;2;0;0;8m█[38;2;0;0;146m█[38;2;3;4;153m█[38;2;13;12;22m██[38;2;13;13;13m██[38;2;13;13;16m██
██[38;2;13;13;13m██[38;2;11;11;34m██[38;2;5;4;143m█[38;2;0;0;125m█[38;2;47;47;45m█[38;2;250;250;247m█[38;2;255;255;255m█[38;2;253;253;253m███████████[38;2;255;255;255m█[38;2;125;126;116m█[38;2;0;0;103m█[38;2;4;4;127m█[38;2;9;10;60m██[38;2;13;13;9m██[38;2;13;13;16m██
██[38;2;13;13;9m██[38;2;9;9;66m██[38;2;4;4;113m█[38;2;0;0;95m█[38;2;183;185;173m█[38;2;255;255;255m███[38;2;253;253;253m██████████[38;2;255;255;247m█[38;2;246;247;237m█[38;2;28;28;108m█[38;2;0;0;75m█[38;2;9;8;96m█[38;2;8;6;95m█[38;2;13;15;6m██[38;2;13;13;16m██
██[38;2;13;15;6m██[38;2;8;6;91m█[38;2;9;8;93m█[38;2;0;0;72m█[38;2;41;41;118m█[38;2;255;255;247m█[38;2;232;233;223m█[38;2;181;181;181m█[38;2;250;250;250m█[38;2;255;255;255m█[38;2;253;253;253m█████████[38;2;253;254;246m█[38;2;255;255;255m█[38;2;129;130;175m█[38;2;0;0;32m█[38;2;6;6;118m█[38;2;5;5;117m█[38;2;13;15;6m██[38;2;13;13;16m██
██[38;2;13;15;6m██[38;2;5;6;107m█[38;2;6;8;108m█[38;2;0;0;41m█[38;2;110;111;165m█[38;2;255;255;255m█[38;2;125;126;118m█[38;2;0;0;0m█[38;2;53;53;53m█[38;2;189;189;189m█[38;2;255;255;255m██[38;2;252;252;252m█[38;2;255;255;255m██████[38;2;255;255;254m█[38;2;255;255;255m█[38;2;201;201;228m█[38;2;0;0;24m█[38;2;3;3;126m█[38;2;5;5;129m█[38;2;13;13;9m██[38;2;13;13;16m██
██[38;2;13;15;6m██[38;2;5;5;115m█[38;2;6;6;116m█[38;2;0;0;30m█[38;2;153;155;197m█[38;2;255;255;255m█[38;2;223;223;218m█[38;2;81;81;81m█[38;2;0;0;0m██[38;2;88;88;88m█[38;2;228;228;228m█[38;2;255;255;255m█[38;2;214;214;214m█[38;2;141;141;141m█[38;2;143;143;143m█[38;2;144;144;144m█[38;2;143;143;143m█[38;2;147;147;147m█[38;2;230;230;228m█[38;2;255;255;255m█[38;2;230;231;246m█[38;2;15;16;31m█[38;2;0;0;123m█[38;2;5;5;130m█[38;2;13;13;13m██[38;2;13;13;16m██
██[38;2;13;15;6m██[38;2;5;5;117m█[38;2;6;6;118m█[38;2;0;0;27m█[38;2;168;167;207m█[38;2;255;255;255m███[38;2;96;96;96m█[38;2;0;0;0m██[38;2;127;127;127m█[38;2;255;255;255m█[38;2;96;96;96m█[38;2;0;0;0m█████[38;2;147;147;145m█[38;2;255;255;255m█[38;2;239;238;252m█[38;2;25;24;38m█[38;2;0;0;120m█[38;2;5;5;130m█[38;2;13;13;13m██[38;2;13;13;16m██
██[38;2;13;15;6m██[38;2;5;5;117m█[38;2;6;6;118m█[38;2;0;0;28m█[38;2;169;168;208m█[38;2;255;255;255m█[38;2;215;215;210m█[38;2;65;65;65m█[38;2;0;0;0m██[38;2;103;103;103m█[38;2;235;235;235m█[38;2;255;255;255m█[38;2;221;221;221m█[38;2;157;157;157m█[38;2;158;158;158m█[38;2;159;159;159m█[38;2;158;158;158m█[38;2;162;162;162m█[38;2;236;236;233m█[38;2;255;255;255m█[38;2;239;238;252m█[38;2;24;23;37m█[38;2;0;0;124m█[38;2;5;5;132m█[38;2;13;13;13m██[38;2;13;13;16m██
██[38;2;13;15;6m██[38;2;5;5;117m██[38;2;0;0;28m█[38;2;169;168;208m█[38;2;255;255;255m█[38;2;124;124;119m█[38;2;0;0;0m█[38;2;67;67;67m█[38;2;202;202;202m█[38;2;255;255;255m██[38;2;252;252;252m█[38;2;255;255;255m██████[38;2;255;255;253m█[38;2;255;255;254m█[38;2;236;237;252m█[38;2;20;22;37m█[38;2;0;0;122m█[38;2;5;5;130m█[38;2;13;13;13m██[38;2;13;13;16m██
██[38;2;13;15;6m██[38;2;5;5;117m██[38;2;0;0;28m█[38;2;171;169;209m█[38;2;255;255;255m█[38;2;236;236;231m█[38;2;195;195;195m█[38;2;254;254;254m█[38;2;255;255;255m█[38;2;253;253;253m█████████[38;2;253;253;251m█[38;2;255;255;254m█[38;2;235;236;251m█[38;2;20;22;37m█[38;2;0;0;122m█[38;2;5;5;130m█[38;2;13;13;13m██[38;2;13;13;16m██
██[38;2;13;15;6m██[38;2;5;5;118m██[38;2;0;0;26m█[38;2;173;172;209m█[38;2;255;255;255m█[38;2;255;255;251m█[38;2;255;255;255m█[38;2;254;254;254m█[38;2;253;253;253m██████████[38;2;253;253;251m█[38;2;255;255;254m█[38;2;233;235;250m█[38;2;19;20;35m█[38;2;0;0;122m█[38;2;5;5;130m█[38;2;13;13;13m██[38;2;13;13;16m██
██[38;2;13;15;6m██[38;2;5;5;118m██[38;2;0;0;26m█[38;2;175;174;211m█[38;2;255;255;255m█[38;2;253;253;249m█[38;2;253;253;253m████████████[38;2;253;253;251m█[38;2;255;255;254m█[38;2;232;233;249m█[38;2;17;18;33m█[38;2;0;0;123m█[38;2;5;5;130m█[38;2;13;13;13m██[38;2;13;13;16m██
██[38;2;13;15;6m██[38;2;5;5;118m██[38;2;0;0;27m█[38;2;179;178;215m█[38;2;255;255;255m█[38;2;253;253;249m█[38;2;253;253;253m████████████[38;2;253;253;251m█[38;2;255;255;254m█[38;2;230;231;246m█[38;2;16;17;32m█[38;2;0;0;123m█[38;2;5;5;130m█[38;2;13;13;13m██[38;2;13;13;16m██
██[38;2;13;15;6m██[38;2;4;5;118m██[38;2;0;0;25m█[38;2;182;181;216m█[38;2;255;255;255m█[38;2;253;253;249m█[38;2;253;253;253m████████████[38;2;253;253;251m█[38;2;255;255;255m█[38;2;228;229;246m█[38;2;13;15;32m█[38;2;0;0;123m█[38;2;5;5;130m█[38;2;13;13;11m██[38;2;13;13;16m██
██[38;2;13;15;6m██[38;2;4;5;120m██[38;2;0;0;26m█[38;2;187;186;221m█[38;2;255;255;255m█[38;2;253;253;249m█[38;2;253;253;253m████████████[38;2;253;253;251m█[38;2;255;255;255m█[38;2;225;226;244m█[38;2;11;12;30m█[38;2;0;0;124m█[38;2;5;5;130m█[38;2;13;13;11m██[38;2;13;13;16m██
██[38;2;13;13;9m██[38;2;4;5;120m█[38;2;3;4;119m█[38;2;0;0;25m█[38;2;190;189;222m█[38;2;255;255;255m█[38;2;253;253;249m█[38;2;253;253;253m████████████[38;2;253;253;251m█[38;2;255;255;255m█[38;2;222;222;243m█[38;2;9;9;30m█[38;2;0;0;124m█[38;2;5;5;130m█[38;2;13;13;11m██[38;2;13;13;16m██
██[38;2;13;13;9m██[38;2;4;5;123m█[38;2;3;4;122m█[38;2;0;0;24m█[38;2;195;195;224m█[38;2;255;255;255m█[38;2;253;253;249m█[38;2;253;253;253m████████████[38;2;253;253;251m█[38;2;255;255;255m█[38;2;221;221;242m█[38;2;8;8;28m█[38;2;0;0;123m█[38;2;5;5;129m█[38;2;13;13;11m██[38;2;13;13;16m██
██[38;2;13;13;9m██[38;2;5;5;123m██[38;2;0;0;24m█[38;2;190;189;222m█[38;2;255;255;255m█[38;2;253;253;249m█[38;2;253;253;253m█[38;2;255;255;255m█[38;2;254;254;254m█[38;2;253;253;253m████[38;2;255;255;255m█[38;2;254;254;254m█[38;2;253;253;253m███[38;2;254;254;252m█[38;2;255;255;255m█[38;2;211;211;235m█[38;2;1;1;24m█[38;2;2;2;125m█[38;2;5;5;129m█[38;2;13;13;9m██[38;2;13;13;16m██
██[38;2;13;15;6m██[38;2;5;5;117m█[38;2;6;6;118m█[38;2;0;0;35m█[38;2;105;107;154m█[38;2;255;255;255m█[38;2;255;255;254m█[38;2;255;255;255m█[38;2;244;244;244m█[38;2;255;255;255m█████[38;2;243;243;243m█[38;2;255;255;255m████[38;2;255;255;254m█[38;2;253;253;249m█[38;2;123;125;165m█[38;2;0;0;28m█[38;2;5;6;122m█[38;2;4;5;120m█[38;2;13;15;6m██[38;2;13;13;16m██
██[38;2;13;15;6m██[38;2;8;6;91m█[38;2;9;8;93m█[38;2;1;2;100m█[38;2;0;0;89m█[38;2;138;137;124m█[38;2;224;223;210m█[38;2;111;112;104m█[38;2;22;23;15m█[38;2;80;80;75m█[38;2;209;209;204m█[38;2;246;246;244m█[38;2;219;219;217m█[38;2;97;98;88m█[38;2;20;22;11m█[38;2;91;91;87m█[38;2;217;217;212m█[38;2;246;246;244m█[38;2;212;212;210m█[38;2;87;87;68m█[38;2;27;27;9m█[38;2;0;0;87m█[38;2;3;2;93m█[38;2;9;8;96m█[38;2;8;6;95m█[38;2;13;15;6m██[38;2;13;13;16m██
██[38;2;13;13;13m██[38;2;11;11;37m██[38;2;4;3;176m█[38;2;0;0;168m█[38;2;0;0;12m█[38;2;2;2;23m█[38;2;0;0;89m█[38;2;0;0;101m█[38;2;0;0;41m█[38;2;0;1;52m█[38;2;28;30;22m█[38;2;8;9;1m█[38;2;0;0;97m█[38;2;0;0;109m█[38;2;0;0;34m█[38;2;2;3;48m█[38;2;30;31;23m█[38;2;5;6;0m█[38;2;0;0;100m█[38;2;0;0;110m█[38;2;0;0;180m█[38;2;2;1;187m█[38;2;11;11;37m██[38;2;13;13;11m██[38;2;13;13;16m██
████[38;2;13;15;6m██[38;2;5;6;108m█[38;2;6;8;109m█[38;2;0;0;218m█[38;2;0;0;215m█[38;2;2;0;198m██[38;2;0;1;202m█[38;2;0;0;197m█[38;2;0;0;187m█[38;2;0;0;190m█[38;2;0;1;198m██[38;2;0;1;200m█[38;2;0;0;194m█[38;2;0;0;187m█[38;2;0;0;192m█[38;2;0;1;204m██[38;2;6;8;108m█[38;2;5;6;107m█[38;2;13;15;6m██[38;2;13;13;16m████
██████[38;2;13;13;13m██[38;2;9;9;74m█[38;2;10;10;75m█[38;2;11;12;30m██[38;2;9;10;61m█[38;2;10;11;62m█[38;2;6;8;108m██[38;2;13;12;26m██[38;2;9;9;68m█[38;2;10;10;69m█[38;2;6;8;108m██[38;2;13;12;26m██[38;2;13;13;9m██[38;2;13;13;16m██████
████████[38;2;13;15;6m██[38;2;13;13;13m██[38;2;13;13;9m██[38;2;13;15;4m██[38;2;13;13;13m██[38;2;13;13;9m██[38;2;13;15;4m██[38;2;13;13;13m██[38;2;13;13;16m████████
████████████████████████████████