[38;2;13;13;16m████████████████████████████████
████████████[38;2;13;13;11m██[38;2;13;15;4m████[38;2;13;13;11m██[38;2;13;13;16m████████████
██████████[38;2;13;15;6m██[38;2;11;10;45m██[38;2;6;6;119m████[38;2;11;10;45m██[38;2;13;15;6m██[38;2;13;13;16m██████████
████████[38;2;13;15;4m██[38;2;8;6;91m█[38;2;9;8;93m█[38;2;0;0;212m█[38;2;0;0;210m█[38;2;0;0;176m█[38;2;0;0;172m██[38;2;0;0;176m█[38;2;0;0;212m█[38;2;0;0;215m█[38;2;9;8;93m█[38;2;8;6;91m█[38;2;13;15;4m██[38;2;13;13;16m████████
██████[38;2;13;15;6m██[38;2;9;9;68m█[38;2;10;10;69m█[38;2;1;2;201m█[38;2;0;0;193m█[38;2;0;0;39m█[38;2;0;0;42m█[38;2;18;19;9m█[38;2;37;38;27m██[38;2;18;19;9m█[38;2;0;0;45m█[38;2;0;0;41m█[38;2;0;0;193m█[38;2;1;2;201m█[38;2;10;10;69m█[38;2;9;9;68m█[38;2;13;15;6m██[38;2;13;13;16m██████
████[38;2;13;13;13m██[38;2;13;13;17m██[38;2;2;2;175m█[38;2;1;1;174m█[38;2;0;0;41m█[38;2;3;4;55m█[38;2;102;103;89m█[38;2;192;193;179m█[38;2;235;235;235m█[38;2;249;249;249m██[38;2;235;235;235m█[38;2;192;193;179m█[38;2;102;103;89m█[38;2;3;4;55m█[38;2;0;0;41m█[38;2;1;1;174m█[38;2;2;2;175m█[38;2;13;13;17m██[38;2;13;13;13m██[38;2;13;13;16m████
████[38;2;13;15;6m██[38;2;8;6;89m█[38;2;9;8;90m█[38;2;3;3;130m█[38;2;0;0;107m█[38;2;60;61;47m█[38;2;215;216;202m█[38;2;255;255;255m████████[38;2;215;216;202m█[38;2;60;61;47m█[38;2;0;0;109m█[38;2;3;3;132m█[38;2;9;8;90m█[38;2;8;6;89m█[38;2;13;15;6m██[38;2;13;13;16m████
████[38;2;13;13;9m██[38;2;4;3;146m█[38;2;5;4;147m█[38;2;0;0;26m█[38;2;77;76;116m█[38;2;252;252;247m█[38;2;255;255;255m█[38;2;253;253;253m████████[38;2;255;255;255m█[38;2;252;252;247m█[38;2;77;76;116m█[38;2;0;0;26m█[38;2;5;4;147m█[38;2;4;3;146m█[38;2;13;13;9m██[38;2;13;13;16m████
██[38;2;13;13;13m██[38;2;11;11;37m██[38;2;6;5;146m█[38;2;0;0;127m█[38;2;46;46;41m█[38;2;247;247;243m█[38;2;255;255;255m█[38;2;253;253;253m██████████[38;2;255;255;255m█[38;2;247;247;245m█[38;2;46;46;44m█[38;2;0;0;127m█[38;2;6;5;146m█[38;2;11;11;37m██[38;2;13;13;13m██[38;2;13;13;16m██
██[38;2;13;13;9m██[38;2;9;9;73m█[38;2;10;10;74m█[38;2;3;4;108m█[38;2;0;0;94m█[38;2;192;193;181m█[38;2;255;255;254m█[38;2;253;253;253m█[38;2;255;255;255m██[38;2;254;254;254m█[38;2;253;253;253m████[38;2;254;254;254m█[38;2;255;255;255m██[38;2;253;253;253m█[38;2;255;255;254m█[38;2;192;193;181m█[38;2;0;0;94m█[38;2;3;4;108m█[38;2;10;10;74m█[38;2;9;9;73m█[38;2;13;13;9m██[38;2;13;13;16m██
██[38;2;13;15;6m██[38;2;5;8;100m█[38;2;6;9;101m█[38;2;0;0;60m█[38;2;59;60;127m█[38;2;255;255;251m█[38;2;255;255;246m█[38;2;255;255;255m█[38;2;247;247;247m█[38;2;233;233;233m█[38;2;255;255;255m██[38;2;253;253;253m██[38;2;255;255;255m██[38;2;236;236;236m█[38;2;243;243;243m█[38;2;255;255;255m█[38;2;255;255;247m█[38;2;255;255;251m█[38;2;59;60;127m█[38;2;0;0;60m█[38;2;9;8;101m█[38;2;8;6;100m█[38;2;13;15;6m██[38;2;13;13;16m██
██[38;2;13;15;6m██[38;2;5;5;117m█[38;2;6;6;118m█[38;2;0;0;32m█[38;2;140;141;187m█[38;2;255;255;255m█[38;2;255;255;253m█[38;2;139;139;139m█[38;2;58;58;58m█[38;2;61;61;61m█[38;2;66;66;66m█[38;2;192;192;192m█[38;2;255;255;255m██[38;2;214;214;214m█[38;2;75;75;75m█[38;2;61;61;61m█[38;2;56;56;56m█[38;2;116;116;116m█[38;2;250;250;245m█[38;2;255;255;255m█[38;2;140;141;187m█[38;2;0;0;32m█[38;2;6;6;118m█[38;2;5;5;117m█[38;2;13;15;6m██[38;2;13;13;16m██
██[38;2;13;13;9m██[38;2;5;5;123m█[38;2;4;4;122m█[38;2;0;0;25m█[38;2;190;189;222m█[38;2;255;255;255m█[38;2;151;151;146m█[38;2;39;39;39m█[38;2;125;125;125m█[38;2;148;148;148m█[38;2;89;89;89m█[38;2;30;30;30m█[38;2;231;231;231m█[38;2;246;246;246m█[38;2;45;45;45m█[38;2;97;97;97m█[38;2;137;137;137m█[38;2;136;136;136m█[38;2;30;30;30m█[38;2;126;126;122m█[38;2;255;255;255m█[38;2;190;189;222m█[38;2;0;0;25m█[38;2;3;4;122m█[38;2;4;5;123m█[38;2;13;13;9m██[38;2;13;13;16m██
██[38;2;13;13;9m██[38;2;4;4;125m█[38;2;2;2;123m█[38;2;0;0;25m█[38;2;208;208;233m█[38;2;255;255;255m█[38;2;66;66;63m█[38;2;104;104;104m█[38;2;22;22;22m█[38;2;40;40;40m█[38;2;56;56;56m█[38;2;63;63;63m█[38;2;176;176;176m█[38;2;187;187;187m█[38;2;56;56;56m█[38;2;69;69;69m█[38;2;40;40;40m█[38;2;13;13;13m█[38;2;105;105;105m█[38;2;60;60;58m█[38;2;255;255;255m█[38;2;208;208;233m█[38;2;0;0;25m█[38;2;2;2;123m█[38;2;4;4;125m█[38;2;13;13;9m██[38;2;13;13;16m██
██[38;2;13;13;9m██[38;2;4;4;125m█[38;2;2;2;123m█[38;2;0;0;25m█[38;2;208;208;233m█[38;2;255;255;255m█[38;2;63;63;61m█[38;2;102;102;102m█[38;2;22;22;22m█[38;2;68;68;68m█[38;2;18;18;18m█[38;2;38;38;38m█[38;2;201;201;201m█[38;2;179;179;179m█[38;2;62;62;62m█[38;2;55;55;55m█[38;2;68;68;68m█[38;2;13;13;13m█[38;2;47;47;47m█[38;2;82;82;80m█[38;2;255;255;255m█[38;2;208;208;233m█[38;2;0;0;25m█[38;2;2;2;123m█[38;2;4;4;125m█[38;2;13;13;9m██[38;2;13;13;16m██
██[38;2;13;13;9m██[38;2;4;4;125m█[38;2;2;2;123m█[38;2;0;0;25m█[38;2;208;208;233m█[38;2;255;255;255m█[38;2;130;130;127m█[38;2;49;49;49m█[38;2;97;97;97m█[38;2;117;117;117m█[38;2;101;101;101m█[38;2;140;140;140m█[38;2;255;255;255m█[38;2;232;232;232m█[38;2;35;35;35m█[38;2;98;98;98m█[38;2;91;91;91m█[38;2;129;129;129m█[38;2;91;91;91m█[38;2;216;216;214m█[38;2;255;255;255m█[38;2;208;208;233m█[38;2;0;0;25m█[38;2;2;2;123m█[38;2;4;4;125m█[38;2;13;13;9m██[38;2;13;13;16m██
██[38;2;13;13;9m██[38;2;4;4;125m█[38;2;2;2;123m█[38;2;0;0;25m█[38;2;208;208;233m█[38;2;255;255;255m█[38;2;251;251;249m█[38;2;105;105;105m█[38;2;49;49;49m█[38;2;65;65;65m█[38;2;172;172;172m█[38;2;255;255;255m█[38;2;253;253;253m█[38;2;255;255;255m█[38;2;188;188;188m█[38;2;52;52;52m█[38;2;61;61;61m█[38;2;95;95;95m█[38;2;252;252;252m█[38;2;255;255;255m██[38;2;208;208;233m█[38;2;0;0;25m█[38;2;2;2;123m█[38;2;4;4;125m█[38;2;13;13;9m██[38;2;13;13;16m██
██[38;2;13;13;9m██[38;2;4;4;125m█[38;2;2;2;123m█[38;2;0;0;25m█[38;2;208;208;233m█[38;2;255;255;255m█[38;2;255;255;253m█[38;2;255;255;255m█[38;2;226;226;226m█[38;2;203;203;203m█[38;2;236;236;236m█[38;2;255;255;255m█[38;2;253;253;253m██[38;2;255;255;255m█[38;2;249;249;249m█[38;2;209;209;209m█[38;2;215;215;215m█[38;2;252;252;252m█[38;2;253;253;251m█[38;2;255;255;255m█[38;2;208;208;233m█[38;2;0;0;25m█[38;2;2;2;123m█[38;2;4;4;125m█[38;2;13;13;9m██[38;2;13;13;16m██
██[38;2;13;13;9m██[38;2;4;4;125m█[38;2;2;2;123m█[38;2;0;0;25m█[38;2;208;208;233m█[38;2;255;255;255m█[38;2;253;253;251m█[38;2;253;253;253m█[38;2;255;255;255m███[38;2;253;253;253m████[38;2;255;255;255m███[38;2;253;253;253m█[38;2;253;253;251m█[38;2;255;255;255m█[38;2;208;208;233m█[38;2;0;0;25m█[38;2;2;2;123m█[38;2;4;4;125m█[38;2;13;13;9m██[38;2;13;13;16m██
██[38;2;13;13;9m██[38;2;4;4;125m█[38;2;2;2;123m█[38;2;0;0;25m█[38;2;208;208;233m█[38;2;255;255;255m█[38;2;253;253;251m█[38;2;253;253;253m████████████[38;2;253;253;251m█[38;2;255;255;255m█[38;2;208;208;233m█[38;2;0;0;25m█[38;2;2;2;123m█[38;2;4;4;125m█[38;2;13;13;9m██[38;2;13;13;16m██
██[38;2;13;13;9m██[38;2;4;4;125m█[38;2;2;2;123m█[38;2;0;0;25m█[38;2;208;208;233m█[38;2;255;255;255m█[38;2;253;253;251m█[38;2;253;253;253m████████████[38;2;253;253;251m█[38;2;255;255;255m█[38;2;208;208;233m█[38;2;0;0;25m█[38;2;2;2;123m█[38;2;4;4;125m█[38;2;13;13;9m██[38;2;13;13;16m██
██[38;2;13;13;9m██[38;2;4;4;125m█[38;2;2;2;123m█[38;2;0;0;25m█[38;2;208;208;233m█[38;2;255;255;255m█[38;2;253;253;251m█[38;2;253;253;253m████████████[38;2;253;253;251m█[38;2;255;255;255m█[38;2;208;208;233m█[38;2;0;0;25m█[38;2;2;2;123m█[38;2;4;4;125m█[38;2;13;13;9m██[38;2;13;13;16m██
██[38;2;13;13;9m██[38;2;4;4;125m█[38;2;2;2;123m█[38;2;0;0;25m█[38;2;208;208;233m█[38;2;255;255;255m█[38;2;253;253;251m█[38;2;253;253;253m████████████[38;2;253;253;251m█[38;2;255;255;255m█[38;2;208;208;233m█[38;2;0;0;25m█[38;2;2;2;123m█[38;2;5;5;126m█[38;2;13;13;9m██[38;2;13;13;16m██
██[38;2;13;13;9m██[38;2;5;4;125m█[38;2;3;2;123m█[38;2;1;1;26m█[38;2;209;209;235m█[38;2;255;255;255m█[38;2;253;253;251m█[38;2;253;253;253m████████████[38;2;253;253;251m█[38;2;255;255;255m█[38;2;209;209;235m█[38;2;1;1;26m█[38;2;2;2;123m█[38;2;5;5;126m█[38;2;13;13;9m██[38;2;13;13;16m██
██[38;2;13;13;9m██[38;2;5;4;125m█[38;2;4;3;124m█[38;2;0;0;24m█[38;2;196;196;225m█[38;2;255;255;255m█[38;2;253;253;249m█[38;2;253;253;253m██[38;2;255;255;255m██[38;2;253;253;253m████[38;2;255;255;255m██[38;2;253;253;253m██[38;2;253;253;249m█[38;2;255;255;255m█[38;2;197;197;224m█[38;2;0;0;22m█[38;2;3;3;124m█[38;2;4;4;125m█[38;2;13;13;9m██[38;2;13;13;16m██
██[38;2;13;15;6m██[38;2;5;5;117m█[38;2;6;6;118m█[38;2;0;0;37m█[38;2;95;96;144m█[38;2;255;255;255m█[38;2;255;255;254m█[38;2;255;255;255m██[38;2;236;236;236m█[38;2;232;232;232m█[38;2;255;255;255m████[38;2;232;232;232m█[38;2;235;235;235m█[38;2;255;255;255m██[38;2;255;255;254m█[38;2;255;255;255m█[38;2;98;100;147m█[38;2;0;0;37m█[38;2;6;6;118m█[38;2;5;5;117m█[38;2;13;15;6m██[38;2;13;13;16m██
██[38;2;13;15;6m██[38;2;8;8;87m█[38;2;9;9;88m█[38;2;2;3;107m█[38;2;0;0;91m█[38;2;110;109;94m█[38;2;216;215;200m█[38;2;223;223;218m█[38;2;143;143;138m█[38;2;22;22;17m█[38;2;16;16;11m█[38;2;130;130;125m█[38;2;219;219;215m██[38;2;130;130;125m█[38;2;16;16;11m█[38;2;20;20;16m█[38;2;143;143;138m█[38;2;224;224;219m█[38;2;218;217;202m█[38;2;113;112;97m█[38;2;0;0;89m█[38;2;2;3;104m█[38;2;9;9;88m█[38;2;8;8;87m█[38;2;13;15;6m██[38;2;13;13;16m██
██[38;2;13;13;13m██[38;2;11;12;30m██[38;2;3;3;180m█[38;2;0;0;174m█[38;2;0;0;27m█[38;2;1;0;39m█[38;2;5;5;31m█[38;2;0;0;15m█[38;2;0;0;145m█[38;2;0;0;146m█[38;2;0;0;20m█[38;2;3;2;34m██[38;2;0;0;20m█[38;2;0;0;148m█[38;2;0;0;147m█[38;2;0;0;15m█[38;2;5;5;31m█[38;2;2;1;38m█[38;2;0;0;25m█[38;2;0;0;174m█[38;2;3;3;180m█[38;2;11;12;30m██[38;2;13;13;13m██[38;2;13;13;16m██
████[38;2;13;15;6m██[38;2;8;6;94m█[38;2;9;8;95m█[38;2;0;0;215m█[38;2;0;0;211m█[38;2;0;0;204m█[38;2;0;0;208m█[38;2;2;2;175m██[38;2;0;0;209m█[38;2;0;0;204m█[38;2;0;0;202m█[38;2;0;0;207m█[38;2;2;2;175m██[38;2;0;0;208m█[38;2;0;0;204m█[38;2;0;0;210m█[38;2;0;0;215m█[38;2;9;8;95m█[38;2;8;6;94m█[38;2;13;15;6m██[38;2;13;13;16m████
██████[38;2;13;13;9m██[38;2;9;10;61m█[38;2;10;11;62m█[38;2;10;10;67m█[38;2;9;9;66m█[38;2;13;13;11m██[38;2;9;10;63m█[38;2;10;11;65m██[38;2;9;10;63m█[38;2;13;13;11m██[38;2;9;9;68m█[38;2;10;10;69m█[38;2;10;11;62m█[38;2;9;10;61m█[38;2;13;13;9m██[38;2;13;13;16m██████
████████[38;2;13;13;9m████[38;2;13;13;16m██[38;2;13;13;9m████[38;2;13;13;16m██[38;2;13;13;9m████[38;2;13;13;16m████████
████████████████████████████████