[38;2;13;13;16m████████████████████████████████
████████████[38;2;13;15;6m████████[38;2;13;13;16m████████████
████████[38;2;13;13;13m██[38;2;13;13;9m██[38;2;8;9;76m█[38;2;9;10;77m█[38;2;3;3;162m██[38;2;3;3;160m██[38;2;9;10;77m█[38;2;8;9;76m█[38;2;13;13;9m██[38;2;13;13;13m██[38;2;13;13;16m████████
████████[38;2;13;15;6m██[38;2;5;4;125m█[38;2;6;5;126m█[38;2;0;0;210m█[38;2;0;0;203m█[38;2;0;0;129m█[38;2;0;0;124m██[38;2;0;0;129m█[38;2;0;0;203m█[38;2;0;0;210m█[38;2;5;5;126m█[38;2;4;4;125m█[38;2;13;15;6m██[38;2;13;13;16m████████
██████[38;2;13;15;4m██[38;2;8;6;94m█[38;2;9;8;95m█[38;2;2;1;186m█[38;2;0;0;173m█[38;2;0;0;9m█[38;2;10;10;31m█[38;2;53;52;39m█[38;2;79;77;65m█[38;2;77;76;63m█[38;2;53;52;39m█[38;2;10;10;31m█[38;2;0;0;9m█[38;2;0;0;173m█[38;2;2;1;186m█[38;2;9;8;93m█[38;2;8;6;91m█[38;2;13;15;4m██[38;2;13;13;16m██████
████[38;2;13;13;13m██[38;2;11;12;27m██[38;2;2;2;179m█[38;2;0;0;175m█[38;2;0;0;17m█[38;2;31;31;60m█[38;2;150;151;140m█[38;2;228;229;218m█[38;2;255;255;255m████[38;2;228;229;218m█[38;2;150;151;140m█[38;2;31;31;60m█[38;2;0;0;17m█[38;2;0;0;175m█[38;2;2;2;179m█[38;2;11;12;27m██[38;2;13;13;13m██[38;2;13;13;16m████
████[38;2;13;15;4m██[38;2;5;6;102m█[38;2;6;8;103m█[38;2;2;2;111m█[38;2;0;0;91m█[38;2;100;101;87m█[38;2;244;245;231m█[38;2;255;255;255m██[38;2;254;254;254m█[38;2;253;253;253m██[38;2;254;254;254m█[38;2;255;255;255m██[38;2;245;244;231m█[38;2;102;101;88m█[38;2;0;0;91m█[38;2;2;2;111m█[38;2;6;8;103m█[38;2;5;6;102m█[38;2;13;15;4m██[38;2;13;13;16m████
████[38;2;13;13;13m██[38;2;3;4;152m█[38;2;1;2;150m█[38;2;0;0;13m█[38;2;115;115;141m█[38;2;255;255;255m█[38;2;255;255;253m█[38;2;253;253;253m████████[38;2;255;255;253m█[38;2;255;255;255m█[38;2;115;115;140m█[38;2;0;0;12m█[38;2;1;2;147m█[38;2;3;4;150m█[38;2;13;13;13m██[38;2;13;13;16m████
██[38;2;13;13;11m██[38;2;11;10;42m██[38;2;5;4;139m█[38;2;0;0;118m█[38;2;73;74;66m█[38;2;255;255;253m█[38;2;255;255;255m█[38;2;253;253;253m██████████[38;2;255;255;255m█[38;2;255;255;253m█[38;2;73;74;66m█[38;2;0;0;118m█[38;2;6;5;140m█[38;2;11;10;42m██[38;2;13;13;11m██[38;2;13;13;16m██
██[38;2;13;15;6m██[38;2;8;8;79m█[38;2;9;9;80m█[38;2;1;2;100m█[38;2;0;0;96m█[38;2;212;214;202m█[38;2;255;255;253m█[38;2;255;255;255m██[38;2;253;253;253m██████████[38;2;255;255;251m█[38;2;212;214;202m█[38;2;0;0;96m█[38;2;1;2;100m█[38;2;10;9;80m█[38;2;9;8;79m█[38;2;13;15;6m██[38;2;13;13;16m██
██[38;2;13;15;6m██[38;2;5;6;104m█[38;2;6;8;105m█[38;2;0;0;54m█[38;2;76;76;140m█[38;2;255;255;255m█[38;2;245;246;238m█[38;2;196;196;196m█[38;2;247;247;247m█[38;2;255;255;255m█[38;2;254;254;254m█[38;2;253;253;253m████████[38;2;253;254;246m█[38;2;255;255;255m█[38;2;76;76;140m█[38;2;0;0;54m█[38;2;6;8;105m█[38;2;5;6;104m█[38;2;13;15;6m██[38;2;13;13;16m██
██[38;2;13;15;6m██[38;2;5;5;117m█[38;2;6;6;118m█[38;2;0;0;27m█[38;2;154;153;194m█[38;2;255;255;255m█[38;2;167;167;162m█[38;2;0;0;0m█[38;2;48;48;48m█[38;2;186;186;186m█[38;2;255;255;255m██[38;2;252;252;252m█[38;2;255;255;255m██████[38;2;255;255;252m█[38;2;255;255;255m█[38;2;152;154;194m█[38;2;0;0;27m█[38;2;6;6;118m█[38;2;5;5;117m█[38;2;13;15;6m██[38;2;13;13;16m██
██[38;2;13;13;9m██[38;2;5;5;123m█[38;2;4;4;122m█[38;2;0;0;24m█[38;2;196;196;225m█[38;2;255;255;255m█[38;2;231;231;226m█[38;2;83;83;83m█[38;2;0;0;0m██[38;2;84;84;84m█[38;2;222;222;222m█[38;2;255;255;255m█[38;2;235;235;235m█[38;2;165;165;165m█[38;2;161;161;161m████[38;2;225;225;221m█[38;2;255;255;255m█[38;2;195;195;224m█[38;2;0;0;24m█[38;2;3;4;122m█[38;2;4;5;123m█[38;2;13;13;9m██[38;2;13;13;16m██
██[38;2;13;13;9m██[38;2;5;5;126m█[38;2;2;2;123m█[38;2;0;0;25m█[38;2;208;208;233m█[38;2;255;255;255m███[38;2;129;129;129m█[38;2;0;0;0m██[38;2;86;86;86m█[38;2;255;255;255m█[38;2;138;138;138m█[38;2;0;0;0m█████[38;2;105;105;103m█[38;2;255;255;255m█[38;2;208;208;233m█[38;2;0;0;25m█[38;2;2;2;123m█[38;2;4;4;125m█[38;2;13;13;9m██[38;2;13;13;16m██
██[38;2;13;13;9m██[38;2;5;5;126m█[38;2;2;2;123m█[38;2;0;0;25m█[38;2;208;208;233m█[38;2;255;255;255m█[38;2;238;238;236m█[38;2;105;105;105m█[38;2;2;2;2m█[38;2;0;0;0m█[38;2;65;65;65m█[38;2;209;209;209m█[38;2;255;255;255m█[38;2;226;226;226m█[38;2;143;143;143m█[38;2;139;139;139m███[38;2;138;138;138m█[38;2;215;215;212m█[38;2;255;255;255m█[38;2;208;208;233m█[38;2;0;0;25m█[38;2;2;2;123m█[38;2;4;4;125m█[38;2;13;13;9m██[38;2;13;13;16m██
██[38;2;13;13;9m██[38;2;5;5;126m█[38;2;2;2;123m█[38;2;0;0;25m█[38;2;208;208;233m█[38;2;255;255;255m█[38;2;165;165;162m█[38;2;0;0;0m█[38;2;32;32;32m█[38;2;167;167;167m█[38;2;255;255;255m██[38;2;252;252;252m█[38;2;255;255;255m████████[38;2;208;208;233m█[38;2;0;0;25m█[38;2;2;2;123m█[38;2;4;4;125m█[38;2;13;13;9m██[38;2;13;13;16m██
██[38;2;13;13;9m██[38;2;5;5;126m█[38;2;2;2;123m█[38;2;0;0;25m█[38;2;208;208;233m█[38;2;255;255;255m█[38;2;240;240;238m█[38;2;176;176;176m█[38;2;238;238;238m█[38;2;255;255;255m█[38;2;254;254;254m█[38;2;253;253;253m████████[38;2;253;253;251m█[38;2;255;255;255m█[38;2;208;208;233m█[38;2;0;0;25m█[38;2;2;2;123m█[38;2;4;4;125m█[38;2;13;13;9m██[38;2;13;13;16m██
██[38;2;13;13;9m██[38;2;5;5;126m█[38;2;2;2;123m█[38;2;0;0;25m█[38;2;208;208;233m█[38;2;255;255;255m█[38;2;255;255;253m█[38;2;255;255;255m██[38;2;253;253;253m██████████[38;2;253;253;251m█[38;2;255;255;255m█[38;2;208;208;233m█[38;2;0;0;25m█[38;2;2;2;123m█[38;2;4;4;125m█[38;2;13;13;9m██[38;2;13;13;16m██
██[38;2;13;13;9m██[38;2;5;5;126m█[38;2;2;2;123m█[38;2;0;0;25m█[38;2;208;208;233m█[38;2;255;255;255m█[38;2;253;253;251m█[38;2;253;253;253m████████████[38;2;253;253;251m█[38;2;255;255;255m█[38;2;208;208;233m█[38;2;0;0;25m█[38;2;2;2;123m█[38;2;4;4;125m█[38;2;13;13;9m██[38;2;13;13;16m██
██[38;2;13;13;9m██[38;2;5;5;126m█[38;2;2;2;123m█[38;2;0;0;25m█[38;2;208;208;233m█[38;2;255;255;255m█[38;2;253;253;251m█[38;2;253;253;253m████████████[38;2;253;253;251m█[38;2;255;255;255m█[38;2;208;208;233m█[38;2;0;0;25m█[38;2;2;2;123m█[38;2;4;4;125m█[38;2;13;13;9m██[38;2;13;13;16m██
██[38;2;13;13;9m██[38;2;5;5;126m█[38;2;2;2;123m█[38;2;0;0;25m█[38;2;208;208;233m█[38;2;255;255;255m█[38;2;253;253;251m█[38;2;253;253;253m████████████[38;2;253;253;251m█[38;2;255;255;255m█[38;2;208;208;233m█[38;2;0;0;25m█[38;2;2;2;123m█[38;2;5;5;126m█[38;2;13;13;9m██[38;2;13;13;16m██
██[38;2;13;13;9m██[38;2;5;5;126m█[38;2;2;2;123m█[38;2;0;0;25m█[38;2;208;208;233m█[38;2;255;255;255m█[38;2;253;253;251m█[38;2;253;253;253m████████████[38;2;253;253;251m█[38;2;255;255;255m█[38;2;208;208;233m█[38;2;0;0;25m█[38;2;2;2;123m█[38;2;4;4;125m█[38;2;13;13;9m██[38;2;13;13;16m██
██[38;2;13;13;9m██[38;2;5;5;126m█[38;2;2;2;123m█[38;2;0;0;25m█[38;2;208;208;233m█[38;2;255;255;255m█[38;2;253;253;251m█[38;2;253;253;253m████████████[38;2;253;253;251m█[38;2;255;255;255m█[38;2;208;208;233m█[38;2;0;0;25m█[38;2;2;2;123m█[38;2;4;4;125m█[38;2;13;13;9m██[38;2;13;13;16m██
██[38;2;13;13;9m██[38;2;6;5;126m█[38;2;3;2;123m█[38;2;1;1;26m█[38;2;209;209;235m█[38;2;255;255;255m█[38;2;253;253;251m█[38;2;253;253;253m████████████[38;2;253;253;251m█[38;2;255;255;255m█[38;2;209;209;235m█[38;2;1;1;26m█[38;2;2;2;123m█[38;2;4;4;125m█[38;2;13;13;9m██[38;2;13;13;16m██
██[38;2;13;13;9m██[38;2;4;4;125m█[38;2;3;3;124m█[38;2;0;0;23m█[38;2;201;201;228m█[38;2;255;255;255m█[38;2;253;253;249m█[38;2;253;253;253m██[38;2;255;255;255m██[38;2;253;253;253m████[38;2;255;255;255m██[38;2;253;253;253m██[38;2;253;253;251m█[38;2;255;255;255m█[38;2;202;202;229m█[38;2;0;0;23m█[38;2;3;3;124m█[38;2;4;4;125m█[38;2;13;13;9m██[38;2;13;13;16m██
██[38;2;13;15;6m██[38;2;5;5;118m█[38;2;6;6;119m█[38;2;0;0;33m█[38;2;112;113;159m█[38;2;255;255;255m█[38;2;255;255;251m█[38;2;255;255;255m██[38;2;250;250;250m█[38;2;247;247;247m█[38;2;255;255;255m████[38;2;247;247;247m█[38;2;249;249;249m█[38;2;255;255;255m██[38;2;255;255;253m█[38;2;255;255;255m█[38;2;116;118;160m█[38;2;0;0;31m█[38;2;6;6;119m█[38;2;5;5;118m█[38;2;13;15;6m██[38;2;13;13;16m██
██[38;2;13;15;6m██[38;2;8;6;91m█[38;2;9;8;93m█[38;2;1;2;100m█[38;2;0;0;90m█[38;2;137;136;123m█[38;2;237;236;223m█[38;2;240;240;238m█[38;2;169;169;167m█[38;2;41;42;32m█[38;2;35;37;26m█[38;2;158;158;155m█[38;2;239;239;237m██[38;2;157;157;154m█[38;2;34;35;25m█[38;2;40;41;31m█[38;2;169;169;167m█[38;2;242;242;239m█[38;2;237;236;223m█[38;2;140;139;126m█[38;2;0;0;87m█[38;2;1;3;95m█[38;2;9;8;95m█[38;2;8;6;94m█[38;2;13;15;6m██[38;2;13;13;16m██
██[38;2;13;13;13m██[38;2;11;11;37m██[38;2;3;3;176m█[38;2;0;0;168m█[38;2;0;0;10m█[38;2;15;15;35m█[38;2;23;22;33m█[38;2;0;0;4m█[38;2;0;0;117m█[38;2;0;0;118m█[38;2;0;0;6m█[38;2;18;19;34m██[38;2;0;0;6m█[38;2;0;0;116m█[38;2;0;0;115m█[38;2;0;0;4m█[38;2;23;22;33m█[38;2;16;17;34m█[38;2;0;0;9m█[38;2;0;0;168m█[38;2;4;3;176m█[38;2;11;11;37m██[38;2;13;13;11m██[38;2;13;13;16m██
████[38;2;13;15;6m██[38;2;5;6;108m█[38;2;6;8;109m█[38;2;0;0;208m█[38;2;0;0;202m█[38;2;0;0;192m█[38;2;0;0;197m█[38;2;3;1;195m██[38;2;0;0;198m█[38;2;0;0;192m██[38;2;0;0;198m█[38;2;3;1;197m█[38;2;2;0;196m█[38;2;0;0;196m█[38;2;0;0;190m█[38;2;0;0;203m█[38;2;0;0;209m█[38;2;6;8;111m█[38;2;5;6;110m█[38;2;13;15;6m██[38;2;13;13;16m████
██████[38;2;13;13;11m██[38;2;8;8;81m█[38;2;9;9;82m█[38;2;9;8;90m█[38;2;8;6;89m█[38;2;13;13;17m██[38;2;8;8;84m█[38;2;9;9;86m██[38;2;8;8;84m█[38;2;13;13;17m██[38;2;8;6;91m█[38;2;9;8;93m█[38;2;9;9;84m█[38;2;8;8;83m█[38;2;13;13;11m██[38;2;13;13;16m██████
████████[38;2;13;15;6m████[38;2;13;13;13m██[38;2;13;15;6m████[38;2;13;13;13m██[38;2;13;15;6m████[38;2;13;13;16m████████
████████████████████████████████