[38;2;13;13;16m████████████[38;2;13;13;13m██[38;2;13;15;6m████[38;2;13;13;13m██[38;2;13;13;16m████████████
██████████[38;2;13;13;9m██[38;2;13;12;22m██[38;2;9;9;74m█[38;2;10;10;75m██[38;2;9;9;74m█[38;2;13;12;22m██[38;2;13;13;9m██[38;2;13;13;16m██████████
████████[38;2;13;15;6m██[38;2;9;10;60m█[38;2;10;11;61m█[38;2;2;0;198m██[38;2;0;0;208m█[38;2;0;0;205m██[38;2;0;0;208m█[38;2;2;0;198m█[38;2;3;1;200m█[38;2;10;11;59m█[38;2;9;10;58m█[38;2;13;15;6m██[38;2;13;13;16m████████
██████[38;2;13;13;9m██[38;2;11;10;45m██[38;2;1;2;203m█[38;2;0;0;200m█[38;2;0;0;89m█[38;2;0;0;81m█[38;2;0;0;5m█[38;2;8;6;16m██[38;2;0;0;5m█[38;2;0;0;81m█[38;2;0;0;89m█[38;2;0;0;200m█[38;2;1;2;203m█[38;2;11;10;45m██[38;2;13;13;9m██[38;2;13;13;16m██████
██████[38;2;13;13;11m██[38;2;3;3;165m█[38;2;4;4;166m█[38;2;0;0;81m█[38;2;0;0;73m█[38;2;56;55;40m█[38;2;145;144;129m█[38;2;198;198;196m█[38;2;221;221;218m██[38;2;198;198;196m█[38;2;145;144;129m█[38;2;56;55;40m█[38;2;0;0;70m█[38;2;0;0;79m█[38;2;4;4;166m█[38;2;3;3;165m█[38;2;13;13;11m██[38;2;13;13;16m██████
████[38;2;13;13;9m██[38;2;9;9;73m█[38;2;10;10;74m█[38;2;5;3;152m█[38;2;0;0;131m█[38;2;25;26;16m█[38;2;173;174;164m█[38;2;255;255;255m████████[38;2;173;174;164m█[38;2;25;26;16m█[38;2;0;0;131m█[38;2;5;3;152m█[38;2;10;10;74m█[38;2;9;9;73m█[38;2;13;13;9m██[38;2;13;13;16m████
████[38;2;13;15;6m██[38;2;4;3;140m█[38;2;6;5;143m█[38;2;0;0;41m█[38;2;40;41;93m█[38;2;228;229;221m█[38;2;255;255;255m█[38;2;254;254;254m█[38;2;253;253;253m██████[38;2;254;254;254m█[38;2;255;255;255m█[38;2;228;229;221m█[38;2;40;41;93m█[38;2;0;0;41m█[38;2;6;5;140m█[38;2;4;3;138m█[38;2;13;15;6m██[38;2;13;13;16m████
██[38;2;13;13;13m██[38;2;11;12;30m██[38;2;5;3;150m█[38;2;0;0;137m█[38;2;23;23;25m█[38;2;226;226;229m█[38;2;255;255;255m█[38;2;253;253;253m██████████[38;2;255;255;255m█[38;2;226;226;229m█[38;2;23;23;25m█[38;2;0;0;137m█[38;2;4;5;151m█[38;2;11;12;30m██[38;2;13;13;13m██[38;2;13;13;16m██
██[38;2;13;13;9m██[38;2;9;9;66m█[38;2;10;10;67m█[38;2;4;4;116m█[38;2;0;0;95m█[38;2;167;168;157m█[38;2;255;255;255m█[38;2;254;254;254m█[38;2;253;253;253m███████████[38;2;255;255;255m█[38;2;167;168;157m█[38;2;0;0;96m█[38;2;4;4;117m█[38;2;10;11;65m█[38;2;9;10;63m█[38;2;13;13;9m██[38;2;13;13;16m██
██[38;2;13;15;6m██[38;2;8;6;95m█[38;2;9;8;96m█[38;2;0;0;69m█[38;2;41;41;117m█[38;2;253;254;244m█[38;2;255;255;250m█[38;2;254;254;254m█[38;2;255;255;255m██[38;2;253;253;253m█████████[38;2;255;255;246m█[38;2;254;255;245m█[38;2;41;41;117m█[38;2;0;0;69m█[38;2;9;8;96m█[38;2;8;6;95m█[38;2;13;15;6m██[38;2;13;13;16m██
██[38;2;13;15;6m██[38;2;5;5;112m█[38;2;6;6;113m█[38;2;0;0;34m█[38;2;126;127;175m█[38;2;255;255;255m█[38;2;193;194;186m█[38;2;39;39;39m█[38;2;138;138;138m█[38;2;249;249;249m█[38;2;255;255;255m█[38;2;254;254;254m█[38;2;253;253;253m██[38;2;255;255;255m█████[38;2;253;254;246m█[38;2;255;255;255m█[38;2;126;127;175m█[38;2;0;0;34m█[38;2;6;6;116m█[38;2;5;5;115m█[38;2;13;15;6m██[38;2;13;13;16m██
██[38;2;13;13;9m██[38;2;5;5;120m██[38;2;0;0;24m█[38;2;185;183;216m█[38;2;255;255;255m█[38;2;193;193;188m█[38;2;1;1;1m█[38;2;0;0;0m█[38;2;44;44;44m█[38;2;179;179;179m█[38;2;255;255;255m█[38;2;254;254;254m█[38;2;255;255;255m█[38;2;240;240;240m█[38;2;237;237;237m█[38;2;238;238;238m█[38;2;237;237;237m█[38;2;239;239;239m█[38;2;254;254;250m█[38;2;255;255;255m█[38;2;183;182;217m█[38;2;0;0;25m█[38;2;5;5;123m██[38;2;13;13;9m██[38;2;13;13;16m██
██[38;2;13;13;9m██[38;2;5;4;125m█[38;2;3;2;123m█[38;2;0;0;26m█[38;2;205;205;232m█[38;2;255;255;255m██[38;2;231;231;231m█[38;2;90;90;90m█[38;2;0;0;0m██[38;2;120;120;120m█[38;2;255;255;255m█[38;2;164;164;164m█[38;2;9;9;9m█[38;2;15;15;15m█[38;2;16;16;16m█[38;2;15;15;15m█[38;2;6;6;6m█[38;2;137;137;134m█[38;2;255;255;255m█[38;2;205;205;232m█[38;2;0;0;25m█[38;2;2;2;123m█[38;2;5;5;126m█[38;2;13;13;9m██[38;2;13;13;16m██
██[38;2;13;13;9m██[38;2;4;4;125m█[38;2;2;2;123m█[38;2;0;0;25m█[38;2;208;208;233m█[38;2;255;255;255m██[38;2;202;202;202m█[38;2;66;66;66m█[38;2;0;0;0m██[38;2;143;143;143m█[38;2;255;255;255m█[38;2;180;180;180m█[38;2;39;39;39m█[38;2;41;41;41m█[38;2;42;42;42m██[38;2;37;37;37m█[38;2;158;158;155m█[38;2;255;255;255m█[38;2;208;208;233m█[38;2;0;0;25m█[38;2;2;2;123m█[38;2;4;4;125m█[38;2;13;13;9m██[38;2;13;13;16m██
██[38;2;13;13;9m██[38;2;4;4;125m█[38;2;2;2;123m█[38;2;0;0;25m█[38;2;208;208;233m█[38;2;255;255;255m█[38;2;180;180;178m█[38;2;0;0;0m██[38;2;73;73;73m█[38;2;208;208;208m█[38;2;255;255;255m█[38;2;253;253;253m█[38;2;255;255;255m██[38;2;253;253;253m███[38;2;254;254;254m█[38;2;255;255;255m██[38;2;208;208;233m█[38;2;0;0;25m█[38;2;2;2;123m█[38;2;4;4;125m█[38;2;13;13;9m██[38;2;13;13;16m██
██[38;2;13;13;9m██[38;2;4;4;125m█[38;2;2;2;123m█[38;2;0;0;25m█[38;2;208;208;233m█[38;2;255;255;255m█[38;2;207;207;204m█[38;2;74;74;74m█[38;2;171;171;171m█[38;2;255;255;255m██[38;2;253;253;253m███[38;2;254;254;254m█████[38;2;253;253;251m█[38;2;255;255;255m█[38;2;208;208;233m█[38;2;0;0;25m█[38;2;2;2;123m█[38;2;4;4;125m█[38;2;13;13;9m██[38;2;13;13;16m██
██[38;2;13;13;9m██[38;2;4;4;125m█[38;2;2;2;123m█[38;2;0;0;25m█[38;2;208;208;233m█[38;2;255;255;255m████[38;2;254;254;254m█[38;2;253;253;253m█████████[38;2;253;253;251m█[38;2;255;255;255m█[38;2;208;208;233m█[38;2;0;0;25m█[38;2;2;2;123m█[38;2;4;4;125m█[38;2;13;13;9m██[38;2;13;13;16m██
██[38;2;13;13;9m██[38;2;4;4;125m█[38;2;2;2;123m█[38;2;0;0;25m█[38;2;208;208;233m█[38;2;255;255;255m█[38;2;253;253;251m█[38;2;253;253;253m████████████[38;2;253;253;251m█[38;2;255;255;255m█[38;2;208;208;233m█[38;2;0;0;25m█[38;2;2;2;123m█[38;2;4;4;125m█[38;2;13;13;9m██[38;2;13;13;16m██
██[38;2;13;13;9m██[38;2;4;4;125m█[38;2;2;2;123m█[38;2;0;0;25m█[38;2;208;208;233m█[38;2;255;255;255m█[38;2;253;253;251m█[38;2;253;253;253m████████████[38;2;253;253;251m█[38;2;255;255;255m█[38;2;208;208;233m█[38;2;0;0;25m█[38;2;2;2;123m█[38;2;4;4;125m█[38;2;13;13;9m██[38;2;13;13;16m██
██[38;2;13;13;9m██[38;2;4;4;125m█[38;2;2;2;123m█[38;2;0;0;25m█[38;2;208;208;233m█[38;2;255;255;255m█[38;2;253;253;251m█[38;2;253;253;253m████████████[38;2;253;253;251m█[38;2;255;255;255m█[38;2;208;208;233m█[38;2;0;0;25m█[38;2;2;2;123m█[38;2;4;4;125m█[38;2;13;13;9m██[38;2;13;13;16m██
██[38;2;13;13;9m██[38;2;4;4;125m█[38;2;2;2;123m█[38;2;0;0;25m█[38;2;208;208;233m█[38;2;255;255;255m█[38;2;253;253;251m█[38;2;253;253;253m████████████[38;2;253;253;251m█[38;2;255;255;255m█[38;2;208;208;233m█[38;2;0;0;25m█[38;2;2;2;123m█[38;2;4;4;125m█[38;2;13;13;9m██[38;2;13;13;16m██
██[38;2;13;13;9m██[38;2;5;4;125m█[38;2;3;2;123m█[38;2;0;0;25m█[38;2;208;208;233m█[38;2;255;255;255m█[38;2;253;253;251m█[38;2;253;253;253m████████████[38;2;253;253;251m█[38;2;255;255;255m█[38;2;208;208;233m█[38;2;0;0;25m█[38;2;2;2;123m█[38;2;4;4;125m█[38;2;13;13;9m██[38;2;13;13;16m██
██[38;2;13;13;9m██[38;2;5;4;125m█[38;2;3;2;123m█[38;2;0;0;25m█[38;2;208;208;233m█[38;2;255;255;255m█[38;2;253;253;251m█[38;2;253;253;253m████████████[38;2;253;253;251m█[38;2;255;255;255m█[38;2;208;208;233m█[38;2;0;0;25m█[38;2;2;2;123m█[38;2;4;4;125m█[38;2;13;13;9m██[38;2;13;13;16m██
██[38;2;13;13;9m██[38;2;6;5;126m█[38;2;3;2;123m█[38;2;1;1;26m█[38;2;209;209;235m█[38;2;255;255;255m█[38;2;253;253;251m█[38;2;253;253;253m████████████[38;2;253;253;251m█[38;2;255;255;255m█[38;2;209;209;235m█[38;2;1;1;26m█[38;2;2;2;123m█[38;2;4;4;125m█[38;2;13;13;9m██[38;2;13;13;16m██
██[38;2;13;13;9m██[38;2;4;4;125m█[38;2;3;3;124m█[38;2;0;0;22m█[38;2;198;198;225m█[38;2;255;255;255m█[38;2;253;253;249m█[38;2;253;253;253m██[38;2;255;255;255m██[38;2;253;253;253m████[38;2;255;255;255m██[38;2;253;253;253m██[38;2;253;253;249m█[38;2;255;255;255m█[38;2;201;201;228m█[38;2;0;0;23m█[38;2;3;3;124m█[38;2;4;4;125m█[38;2;13;13;9m██[38;2;13;13;16m██
██[38;2;13;15;6m██[38;2;5;5;120m█[38;2;6;6;122m█[38;2;0;0;33m█[38;2;105;107;152m█[38;2;255;255;255m█[38;2;255;255;252m█[38;2;255;255;255m██[38;2;245;245;245m█[38;2;243;243;243m█[38;2;255;255;255m████[38;2;243;243;243m█[38;2;244;244;244m█[38;2;255;255;255m██[38;2;255;255;252m█[38;2;255;255;255m█[38;2;110;111;157m█[38;2;0;0;33m█[38;2;6;6;122m█[38;2;5;5;120m█[38;2;13;15;6m██[38;2;13;13;16m██
██[38;2;13;15;6m██[38;2;8;6;94m█[38;2;9;8;95m█[38;2;1;2;102m█[38;2;0;0;90m█[38;2;127;126;113m█[38;2;230;229;216m█[38;2;235;235;232m█[38;2;160;160;158m█[38;2;34;35;27m█[38;2;27;28;20m█[38;2;147;147;145m█[38;2;232;232;230m██[38;2;147;147;145m█[38;2;27;28;20m█[38;2;33;34;26m█[38;2;160;160;158m█[38;2;236;236;233m█[38;2;231;230;217m█[38;2;131;130;117m█[38;2;0;0;89m█[38;2;1;2;100m█[38;2;9;8;95m█[38;2;8;6;94m█[38;2;13;15;6m██[38;2;13;13;16m██
██[38;2;13;13;11m██[38;2;11;11;37m██[38;2;2;2;179m█[38;2;0;0;173m█[38;2;0;0;15m█[38;2;9;9;34m█[38;2;15;16;31m█[38;2;0;0;6m█[38;2;0;0;127m█[38;2;0;0;129m█[38;2;0;0;10m█[38;2;12;12;33m██[38;2;0;0;10m█[38;2;0;0;130m█[38;2;0;0;127m█[38;2;0;0;6m█[38;2;15;16;31m█[38;2;10;10;33m█[38;2;0;0;12m█[38;2;0;0;172m█[38;2;3;3;180m█[38;2;11;11;37m██[38;2;13;13;11m██[38;2;13;13;16m██
████[38;2;13;15;6m██[38;2;5;6;108m█[38;2;6;8;109m█[38;2;0;0;215m█[38;2;0;0;209m█[38;2;0;0;197m█[38;2;0;0;203m█[38;2;3;1;197m█[38;2;2;0;196m█[38;2;0;0;205m█[38;2;0;0;200m██[38;2;0;0;205m█[38;2;3;1;197m█[38;2;2;0;196m█[38;2;0;0;205m█[38;2;0;0;200m█[38;2;0;0;209m█[38;2;0;0;215m█[38;2;6;6;113m█[38;2;5;5;112m█[38;2;13;15;6m██[38;2;13;13;16m████
██████[38;2;13;13;11m██[38;2;8;8;83m█[38;2;9;9;84m█[38;2;9;8;93m█[38;2;8;6;91m█[38;2;13;13;17m██[38;2;8;8;87m█[38;2;9;9;88m██[38;2;8;8;87m█[38;2;13;13;17m██[38;2;8;6;91m█[38;2;9;8;93m█[38;2;9;9;86m█[38;2;8;8;84m█[38;2;13;13;11m██[38;2;13;13;16m██████
████████[38;2;13;15;6m████[38;2;13;13;13m██[38;2;13;15;6m████[38;2;13;13;13m██[38;2;13;15;6m████[38;2;13;13;16m████████
████████████████████████████████