[38;2;13;13;16m██████████[38;2;13;15;6m██[38;2;11;12;30m██[38;2;8;6;89m█[38;2;9;8;90m███[38;2;11;12;30m██[38;2;13;15;6m██[38;2;13;13;16m██████████
████████[38;2;13;15;6m██[38;2;9;9;70m█[38;2;10;10;72m█[38;2;0;0;207m██[38;2;0;0;198m█[38;2;0;0;195m██[38;2;0;0;198m█[38;2;0;0;207m██[38;2;10;10;72m█[38;2;9;9;70m█[38;2;13;15;6m██[38;2;13;13;16m████████
██████[38;2;13;13;9m██[38;2;11;10;53m█[38;2;12;11;54m█[38;2;1;2;203m█[38;2;0;0;198m█[38;2;0;0;69m█[38;2;0;0;63m█[38;2;4;4;4m█[38;2;17;17;17m██[38;2;4;4;4m█[38;2;0;0;65m█[38;2;0;0;69m█[38;2;0;0;198m█[38;2;1;2;203m█[38;2;12;11;54m█[38;2;11;10;53m█[38;2;13;13;9m██[38;2;13;13;16m██████
██████[38;2;13;13;13m██[38;2;3;3;168m██[38;2;0;0;66m█[38;2;0;0;65m█[38;2;74;73;58m█[38;2;164;162;147m█[38;2;214;214;211m█[38;2;232;232;230m██[38;2;214;214;211m█[38;2;164;162;147m█[38;2;74;73;58m█[38;2;0;0;65m█[38;2;0;0;66m█[38;2;3;3;168m██[38;2;13;13;13m██[38;2;13;13;16m██████
████[38;2;13;15;6m██[38;2;8;8;79m█[38;2;9;9;80m█[38;2;5;4;145m█[38;2;0;0;122m█[38;2;37;38;26m█[38;2;189;190;179m█[38;2;255;255;255m████████[38;2;189;190;179m█[38;2;37;38;26m█[38;2;0;0;122m█[38;2;5;4;145m█[38;2;10;9;80m█[38;2;9;8;79m█[38;2;13;15;6m██[38;2;13;13;16m████
████[38;2;13;13;9m██[38;2;4;3;141m█[38;2;5;4;143m█[38;2;0;0;37m█[38;2;53;54;102m█[38;2;238;239;231m█[38;2;255;255;255m█[38;2;254;254;254m█[38;2;253;253;253m██████[38;2;254;254;254m█[38;2;255;255;255m█[38;2;238;239;231m█[38;2;53;54;100m█[38;2;0;0;34m█[38;2;5;4;143m█[38;2;4;3;141m█[38;2;13;13;9m██[38;2;13;13;16m████
██[38;2;13;13;13m██[38;2;11;11;32m██[38;2;6;5;148m█[38;2;0;0;132m█[38;2;31;31;31m█[38;2;235;235;235m█[38;2;255;255;255m█[38;2;253;253;253m██████████[38;2;255;255;255m█[38;2;235;235;235m█[38;2;31;31;31m█[38;2;0;0;132m█[38;2;6;5;148m█[38;2;11;11;32m██[38;2;13;13;13m██[38;2;13;13;16m██
██[38;2;13;13;9m██[38;2;9;9;68m█[38;2;10;10;69m█[38;2;4;4;113m█[38;2;0;0;95m█[38;2;176;178;166m█[38;2;255;255;255m██[38;2;253;253;253m███████████[38;2;255;255;255m█[38;2;176;178;166m█[38;2;0;0;95m█[38;2;4;4;113m█[38;2;10;10;69m█[38;2;9;9;68m█[38;2;13;13;9m██[38;2;13;13;16m██
██[38;2;13;15;6m██[38;2;8;6;97m█[38;2;9;8;98m█[38;2;0;0;67m█[38;2;48;48;122m█[38;2;255;255;247m██[38;2;247;247;247m█[38;2;255;255;255m██[38;2;253;253;253m█████████[38;2;254;255;245m█[38;2;255;255;247m█[38;2;48;48;122m█[38;2;0;0;66m█[38;2;9;8;98m█[38;2;8;6;97m█[38;2;13;15;6m██[38;2;13;13;16m██
██[38;2;13;15;6m██[38;2;5;5;115m█[38;2;6;6;116m█[38;2;0;0;34m█[38;2;132;133;181m█[38;2;255;255;255m█[38;2;187;188;180m█[38;2;23;23;23m█[38;2;120;120;120m█[38;2;240;240;240m█[38;2;255;255;255m█[38;2;254;254;254m█[38;2;253;253;253m█[38;2;254;254;254m█[38;2;255;255;255m█████[38;2;254;255;247m█[38;2;255;255;255m█[38;2;132;133;181m█[38;2;0;0;34m█[38;2;6;6;116m█[38;2;5;5;115m█[38;2;13;15;6m██[38;2;13;13;16m██
██[38;2;13;13;9m██[38;2;5;5;123m██[38;2;0;0;24m█[38;2;187;186;218m█[38;2;255;255;255m█[38;2;200;200;195m█[38;2;13;13;13m█[38;2;0;0;0m█[38;2;30;30;30m█[38;2;161;161;161m█[38;2;253;253;253m█[38;2;254;254;254m█[38;2;253;253;253m█[38;2;229;229;229m█[38;2;225;225;225m█[38;2;226;226;226m█[38;2;225;225;225m█[38;2;228;228;228m█[38;2;252;252;247m█[38;2;255;255;255m█[38;2;187;186;218m█[38;2;0;0;24m█[38;2;5;5;123m██[38;2;13;13;9m██[38;2;13;13;16m██
██[38;2;13;13;9m██[38;2;5;4;125m█[38;2;3;2;123m█[38;2;0;0;26m█[38;2;205;205;232m█[38;2;255;255;255m██[38;2;245;245;245m█[38;2;102;102;102m█[38;2;0;0;0m██[38;2;110;110;110m█[38;2;255;255;255m█[38;2;157;157;157m█[38;2;0;0;0m█[38;2;2;2;2m███[38;2;0;0;0m█[38;2;127;127;125m█[38;2;255;255;255m█[38;2;207;207;233m█[38;2;0;0;26m█[38;2;2;2;123m█[38;2;5;5;126m█[38;2;13;13;9m██[38;2;13;13;16m██
██[38;2;13;13;9m██[38;2;4;4;125m█[38;2;2;2;123m█[38;2;0;0;25m█[38;2;208;208;233m█[38;2;255;255;255m█[38;2;255;255;253m█[38;2;185;185;185m█[38;2;52;52;52m█[38;2;0;0;0m█[38;2;6;6;6m█[38;2;155;155;155m█[38;2;255;255;255m█[38;2;189;189;189m█[38;2;58;58;58m█[38;2;60;60;60m███[38;2;54;54;54m█[38;2;168;168;166m█[38;2;255;255;255m█[38;2;208;208;233m█[38;2;0;0;25m█[38;2;2;2;123m█[38;2;4;4;125m█[38;2;13;13;9m██[38;2;13;13;16m██
██[38;2;13;13;9m██[38;2;4;4;125m█[38;2;2;2;123m█[38;2;0;0;25m█[38;2;208;208;233m█[38;2;255;255;255m█[38;2;174;174;172m█[38;2;0;0;0m██[38;2;90;90;90m█[38;2;222;222;222m█[38;2;255;255;255m█[38;2;252;252;252m█[38;2;255;255;255m████████[38;2;208;208;233m█[38;2;0;0;25m█[38;2;2;2;123m█[38;2;4;4;125m█[38;2;13;13;9m██[38;2;13;13;16m██
██[38;2;13;13;9m██[38;2;4;4;125m█[38;2;2;2;123m█[38;2;0;0;25m█[38;2;208;208;233m█[38;2;255;255;255m█[38;2;214;214;211m█[38;2;94;94;94m█[38;2;187;187;187m█[38;2;255;255;255m██[38;2;253;253;253m███[38;2;254;254;254m█████[38;2;253;253;251m█[38;2;255;255;255m█[38;2;208;208;233m█[38;2;0;0;25m█[38;2;2;2;123m█[38;2;4;4;125m█[38;2;13;13;9m██[38;2;13;13;16m██
██[38;2;13;13;9m██[38;2;4;4;125m█[38;2;2;2;123m█[38;2;0;0;25m█[38;2;208;208;233m█[38;2;255;255;255m█[38;2;255;255;254m█[38;2;255;255;255m██[38;2;253;253;253m██████████[38;2;253;253;251m█[38;2;255;255;255m█[38;2;208;208;233m█[38;2;0;0;25m█[38;2;2;2;123m█[38;2;4;4;125m█[38;2;13;13;9m██[38;2;13;13;16m██
██[38;2;13;13;9m██[38;2;4;4;125m█[38;2;2;2;123m█[38;2;0;0;25m█[38;2;208;208;233m█[38;2;255;255;255m█[38;2;253;253;251m█[38;2;253;253;253m████████████[38;2;253;253;251m█[38;2;255;255;255m█[38;2;208;208;233m█[38;2;0;0;25m█[38;2;2;2;123m█[38;2;4;4;125m█[38;2;13;13;9m██[38;2;13;13;16m██
██[38;2;13;13;9m██[38;2;4;4;125m█[38;2;2;2;123m█[38;2;0;0;25m█[38;2;208;208;233m█[38;2;255;255;255m█[38;2;253;253;251m█[38;2;253;253;253m████████████[38;2;253;253;251m█[38;2;255;255;255m█[38;2;208;208;233m█[38;2;0;0;25m█[38;2;2;2;123m█[38;2;4;4;125m█[38;2;13;13;9m██[38;2;13;13;16m██
██[38;2;13;13;9m██[38;2;4;4;125m█[38;2;2;2;123m█[38;2;0;0;25m█[38;2;208;208;233m█[38;2;255;255;255m█[38;2;253;253;251m█[38;2;253;253;253m████████████[38;2;253;253;251m█[38;2;255;255;255m█[38;2;208;208;233m█[38;2;0;0;25m█[38;2;2;2;123m█[38;2;4;4;125m█[38;2;13;13;9m██[38;2;13;13;16m██
██[38;2;13;13;9m██[38;2;4;4;125m█[38;2;2;2;123m█[38;2;0;0;25m█[38;2;208;208;233m█[38;2;255;255;255m█[38;2;253;253;251m█[38;2;253;253;253m████████████[38;2;253;253;251m█[38;2;255;255;255m█[38;2;208;208;233m█[38;2;0;0;25m█[38;2;2;2;123m█[38;2;4;4;125m█[38;2;13;13;9m██[38;2;13;13;16m██
██[38;2;13;13;9m██[38;2;5;4;125m█[38;2;3;2;123m█[38;2;0;0;25m█[38;2;208;208;233m█[38;2;255;255;255m█[38;2;253;253;251m█[38;2;253;253;253m████████████[38;2;253;253;251m█[38;2;255;255;255m█[38;2;208;208;233m█[38;2;0;0;25m█[38;2;2;2;123m█[38;2;4;4;125m█[38;2;13;13;9m██[38;2;13;13;16m██
██[38;2;13;13;9m██[38;2;5;4;125m█[38;2;3;2;123m█[38;2;0;0;25m█[38;2;208;208;233m█[38;2;255;255;255m█[38;2;253;253;251m█[38;2;253;253;253m████████████[38;2;253;253;251m█[38;2;255;255;255m█[38;2;208;208;233m█[38;2;0;0;25m█[38;2;2;2;123m█[38;2;4;4;125m█[38;2;13;13;9m██[38;2;13;13;16m██
██[38;2;13;13;9m██[38;2;5;4;125m█[38;2;3;2;123m█[38;2;1;1;26m█[38;2;209;209;235m█[38;2;255;255;255m█[38;2;253;253;251m█[38;2;253;253;253m████████████[38;2;253;253;251m█[38;2;255;255;255m█[38;2;209;209;235m█[38;2;1;1;26m█[38;2;2;2;123m█[38;2;4;4;125m█[38;2;13;13;9m██[38;2;13;13;16m██
██[38;2;13;13;9m██[38;2;4;4;129m█[38;2;3;3;127m█[38;2;0;0;23m█[38;2;194;194;223m█[38;2;255;255;255m█[38;2;253;253;249m█[38;2;253;253;253m██[38;2;255;255;255m██[38;2;253;253;253m████[38;2;255;255;255m██[38;2;253;253;253m██[38;2;253;253;249m█[38;2;255;255;255m█[38;2;196;196;223m█[38;2;0;0;20m█[38;2;3;3;127m█[38;2;4;4;129m█[38;2;13;13;9m██[38;2;13;13;16m██
██[38;2;13;15;6m██[38;2;4;4;133m█[38;2;5;5;134m█[38;2;0;0;39m█[38;2;88;89;139m█[38;2;255;255;255m████[38;2;229;229;229m█[38;2;225;225;225m█[38;2;255;255;255m████[38;2;224;224;224m█[38;2;228;228;228m█[38;2;255;255;255m████[38;2;91;93;140m█[38;2;0;0;37m█[38;2;5;5;134m█[38;2;4;4;133m█[38;2;13;15;6m██[38;2;13;13;16m██
██[38;2;13;15;4m██[38;2;5;5;115m█[38;2;6;6;116m█[38;2;3;3;116m█[38;2;0;0;98m█[38;2;98;97;82m█[38;2;207;205;190m█[38;2;214;214;209m█[38;2;130;130;125m█[38;2;15;15;10m█[38;2;9;9;4m█[38;2;118;118;113m█[38;2;210;210;205m██[38;2;117;117;112m█[38;2;9;9;6m█[38;2;13;13;11m█[38;2;130;130;125m█[38;2;214;214;209m█[38;2;208;207;192m█[38;2;101;100;84m█[38;2;0;0;97m█[38;2;3;3;115m█[38;2;6;6;116m█[38;2;5;5;115m█[38;2;13;15;4m██[38;2;13;13;16m██
██[38;2;13;13;9m██[38;2;9;10;58m█[38;2;10;11;59m█[38;2;1;1;208m█[38;2;0;0;203m█[38;2;0;0;30m█[38;2;0;0;35m█[38;2;0;0;31m█[38;2;0;0;20m█[38;2;0;0;151m█[38;2;0;0;152m█[38;2;0;0;25m█[38;2;0;0;34m██[38;2;0;0;25m█[38;2;0;0;153m█[38;2;0;0;151m█[38;2;0;0;20m█[38;2;0;0;31m█[38;2;0;0;35m█[38;2;0;0;28m█[38;2;0;0;203m█[38;2;1;1;208m█[38;2;9;10;60m██[38;2;13;13;9m██[38;2;13;13;16m██
████[38;2;13;13;11m██[38;2;3;3;168m██[38;2;0;0;233m█[38;2;0;0;231m█[38;2;0;0;218m█[38;2;0;0;222m█[38;2;0;0;242m██[38;2;0;0;223m█[38;2;0;0;219m██[38;2;0;0;223m█[38;2;0;0;242m██[38;2;0;0;222m█[38;2;0;0;218m█[38;2;0;0;230m█[38;2;0;0;233m█[38;2;2;3;171m██[38;2;13;13;11m██[38;2;13;13;16m████
████[38;2;13;13;11m██[38;2;11;11;37m██[38;2;3;2;173m██[38;2;3;2;179m██[38;2;9;8;79m██[38;2;3;2;173m████[38;2;9;8;81m██[38;2;2;2;179m██[38;2;3;2;175m██[38;2;11;11;38m██[38;2;13;13;11m██[38;2;13;13;16m████
██████[38;2;13;13;11m████[38;2;13;13;13m██[38;2;13;15;6m██[38;2;13;13;13m████[38;2;13;15;6m██[38;2;13;13;13m████[38;2;13;13;11m██[38;2;13;13;16m██████
████████████████████████████████
████████████████████████████████