[38;2;13;13;16m████████████████████████████████
████████████[38;2;13;13;9m██[38;2;13;15;4m████[38;2;13;13;9m██[38;2;13;13;16m████████████
████████[38;2;13;13;13m██[38;2;13;13;9m██[38;2;8;9;73m█[38;2;9;10;74m█[38;2;5;3;150m██[38;2;5;4;141m██[38;2;10;11;56m█[38;2;9;10;55m█[38;2;13;15;6m██[38;2;13;13;16m██████████
████████[38;2;13;13;9m██[38;2;4;4;129m█[38;2;5;5;130m█[38;2;0;0;228m█[38;2;0;0;225m█[38;2;0;0;180m█[38;2;0;0;176m█[38;2;0;0;185m█[38;2;0;0;189m█[38;2;0;0;224m█[38;2;0;0;226m█[38;2;9;8;95m█[38;2;8;6;94m█[38;2;13;15;4m██[38;2;13;13;16m████████
██████[38;2;13;15;4m██[38;2;5;6;104m█[38;2;6;8;105m█[38;2;0;1;202m█[38;2;0;0;193m█[38;2;0;0;30m█[38;2;0;0;37m█[38;2;18;19;11m█[38;2;31;32;24m█[38;2;27;27;23m█[38;2;8;8;3m█[38;2;0;0;60m█[38;2;0;0;66m█[38;2;0;0;209m█[38;2;1;1;214m█[38;2;10;11;62m█[38;2;9;10;61m█[38;2;13;13;9m██[38;2;13;13;16m██████
████[38;2;13;13;11m██[38;2;11;11;37m██[38;2;0;1;194m█[38;2;0;0;190m█[38;2;0;0;22m█[38;2;17;16;51m█[38;2;117;118;107m█[38;2;197;198;187m█[38;2;233;233;233m█[38;2;245;245;245m█[38;2;242;242;239m█[38;2;221;221;218m█[38;2;166;165;150m█[38;2;67;66;51m█[38;2;0;0;68m█[38;2;0;0;77m█[38;2;3;3;176m█[38;2;2;2;175m█[38;2;13;13;13m██[38;2;13;13;16m██████
████[38;2;13;15;4m██[38;2;4;4;125m█[38;2;5;5;126m█[38;2;1;1;110m█[38;2;0;0;91m█[38;2;95;94;81m█[38;2;233;232;219m█[38;2;255;255;255m████████[38;2;172;173;162m█[38;2;18;19;9m█[38;2;0;0;141m█[38;2;4;4;161m█[38;2;10;10;74m█[38;2;9;9;73m█[38;2;13;13;9m██[38;2;13;13;16m████
██[38;2;13;13;13m██[38;2;13;12;22m██[38;2;3;3;165m█[38;2;0;0;161m█[38;2;0;0;8m█[38;2;127;129;146m█[38;2;255;255;255m██[38;2;253;253;253m███████[38;2;254;254;254m█[38;2;255;255;255m█[38;2;215;216;205m█[38;2;20;20;86m█[38;2;0;0;59m█[38;2;6;5;140m█[38;2;4;3;138m█[38;2;13;15;6m██[38;2;13;13;16m████
██[38;2;13;13;9m██[38;2;9;10;61m██[38;2;5;4;137m█[38;2;0;0;112m█[38;2;102;103;93m█[38;2;255;255;255m██[38;2;253;253;253m█████████[38;2;253;253;251m█[38;2;255;255;255m█[38;2;197;196;205m█[38;2;3;2;11m█[38;2;0;0;148m█[38;2;3;4;155m█[38;2;13;12;22m██[38;2;13;13;13m██[38;2;13;13;16m██
██[38;2;13;15;6m██[38;2;8;5;102m█[38;2;9;6;103m█[38;2;0;0;79m█[38;2;23;22;104m█[38;2;240;242;231m█[38;2;255;255;250m█[38;2;255;255;255m█[38;2;253;253;253m███████████[38;2;255;255;255m█[38;2;116;117;107m█[38;2;0;0;110m█[38;2;5;5;134m█[38;2;9;11;51m██[38;2;13;13;11m██[38;2;13;13;16m██
██[38;2;13;15;6m██[38;2;4;4;125m█[38;2;5;5;126m█[38;2;0;0;30m█[38;2;130;132;174m█[38;2;255;255;255m█[38;2;252;252;247m█[38;2;238;238;238m█[38;2;255;255;255m██[38;2;253;253;253m█████████[38;2;255;255;249m█[38;2;223;224;212m█[38;2;2;3;101m█[38;2;1;2;100m█[38;2;9;9;80m█[38;2;8;8;79m█[38;2;13;15;6m██[38;2;13;13;16m██
██[38;2;13;13;11m██[38;2;4;4;133m█[38;2;1;1;130m█[38;2;1;1;24m█[38;2;210;210;233m█[38;2;255;255;255m█[38;2;150;150;147m█[38;2;6;6;6m█[38;2;120;120;120m█[38;2;239;239;239m█[38;2;255;255;255m█[38;2;254;254;254m█[38;2;253;253;253m█[38;2;255;255;255m██████[38;2;254;255;245m█[38;2;255;255;251m█[38;2;61;61;134m█[38;2;0;0;65m█[38;2;9;8;98m█[38;2;8;6;97m█[38;2;13;15;6m██[38;2;13;13;16m██
████[38;2;5;5;134m█[38;2;0;0;124m█[38;2;30;28;40m█[38;2;244;243;254m█[38;2;255;255;255m█[38;2;186;186;183m█[38;2;15;15;15m█[38;2;0;0;0m█[38;2;30;30;30m█[38;2;160;160;160m█[38;2;252;252;252m█[38;2;255;255;255m█[38;2;246;246;246m█[38;2;212;212;212m█[38;2;211;211;211m███[38;2;215;215;215m█[38;2;250;251;243m█[38;2;255;255;255m█[38;2;111;111;168m█[38;2;0;0;44m█[38;2;6;8;108m█[38;2;5;6;107m█[38;2;13;15;6m██[38;2;13;13;16m██
██[38;2;13;13;17m██[38;2;5;5;132m█[38;2;0;0;119m█[38;2;45;44;53m█[38;2;252;251;255m█[38;2;254;254;252m█[38;2;255;255;255m█[38;2;246;246;246m█[38;2;88;88;88m█[38;2;0;0;0m██[38;2;133;133;133m█[38;2;255;255;255m█[38;2;116;116;116m█[38;2;0;0;0m█████[38;2;152;153;145m█[38;2;255;255;255m█[38;2;134;136;186m█[38;2;0;0;37m█[38;2;6;8;111m█[38;2;5;6;110m█[38;2;13;15;6m██[38;2;13;13;16m██
██[38;2;13;13;17m██[38;2;5;5;132m█[38;2;0;0;119m█[38;2;46;45;54m█[38;2;252;251;255m█[38;2;255;255;254m█[38;2;247;247;245m█[38;2;147;147;147m█[38;2;25;25;25m█[38;2;0;0;0m█[38;2;31;31;31m█[38;2;192;192;192m█[38;2;255;255;255m█[38;2;180;180;180m█[38;2;76;76;76m█[38;2;81;81;81m██[38;2;80;80;80m█[38;2;81;81;81m█[38;2;201;202;194m█[38;2;255;255;255m█[38;2;137;138;186m█[38;2;0;0;34m█[38;2;6;8;111m█[38;2;5;6;110m█[38;2;13;15;6m██[38;2;13;13;16m██
██[38;2;13;13;17m██[38;2;5;5;132m█[38;2;0;0;119m█[38;2;44;42;52m█[38;2;252;251;255m█[38;2;255;255;255m█[38;2;139;139;137m█[38;2;0;0;0m█[38;2;5;5;5m█[38;2;127;127;127m█[38;2;244;244;244m█[38;2;255;255;255m█[38;2;252;252;252m█[38;2;255;255;255m██████[38;2;255;255;251m█[38;2;255;255;255m█[38;2;138;139;187m█[38;2;0;0;34m█[38;2;6;8;111m█[38;2;5;6;110m█[38;2;13;15;6m██[38;2;13;13;16m██
██[38;2;13;13;17m██[38;2;5;5;132m█[38;2;0;0;119m█[38;2;42;41;51m█[38;2;251;250;255m█[38;2;255;255;255m█[38;2;209;209;207m█[38;2;117;117;117m█[38;2;216;216;216m█[38;2;255;255;255m██[38;2;253;253;253m████████[38;2;253;254;246m█[38;2;255;255;255m█[38;2;141;143;190m█[38;2;0;0;34m█[38;2;6;8;111m█[38;2;5;6;110m█[38;2;13;15;6m██[38;2;13;13;16m██
████[38;2;5;5;132m█[38;2;0;0;120m█[38;2;39;38;47m█[38;2;250;249;255m█[38;2;254;254;252m█[38;2;255;255;255m███[38;2;253;253;253m██████████[38;2;253;254;246m█[38;2;255;255;255m█[38;2;145;146;192m█[38;2;0;0;32m█[38;2;6;6;113m█[38;2;5;5;112m█[38;2;13;15;6m██[38;2;13;13;16m██
████[38;2;5;5;132m█[38;2;0;0;122m█[38;2;35;34;46m█[38;2;247;246;255m█[38;2;255;255;253m█[38;2;253;253;251m█[38;2;253;253;253m████████████[38;2;253;253;249m█[38;2;255;255;255m█[38;2;150;152;194m█[38;2;0;0;30m█[38;2;6;6;113m█[38;2;5;5;112m█[38;2;13;15;6m██[38;2;13;13;16m██
████[38;2;5;5;132m█[38;2;0;0;122m█[38;2;32;31;42m█[38;2;244;243;254m█[38;2;255;255;253m█[38;2;253;253;251m█[38;2;253;253;253m████████████[38;2;253;253;249m█[38;2;255;255;255m█[38;2;155;158;200m█[38;2;0;0;30m█[38;2;6;6;116m█[38;2;5;5;115m█[38;2;13;15;6m██[38;2;13;13;16m██
██[38;2;13;13;13m██[38;2;5;5;132m█[38;2;0;0;123m█[38;2;27;26;40m█[38;2;242;240;254m█[38;2;255;255;254m█[38;2;253;253;251m█[38;2;253;253;253m████████████[38;2;253;253;249m█[38;2;255;255;255m█[38;2;162;165;204m█[38;2;0;0;28m█[38;2;6;6;118m█[38;2;5;5;117m█[38;2;13;15;6m██[38;2;13;13;16m██
██[38;2;13;13;13m██[38;2;5;5;130m█[38;2;0;0;122m█[38;2;20;22;37m█[38;2;235;236;251m█[38;2;255;255;254m█[38;2;253;253;251m█[38;2;253;253;253m████████████[38;2;253;253;249m█[38;2;255;255;255m█[38;2;169;172;210m█[38;2;0;0;28m█[38;2;4;5;118m██[38;2;13;15;6m██[38;2;13;13;16m██
██[38;2;13;13;13m██[38;2;5;5;130m█[38;2;0;0;123m█[38;2;16;17;32m█[38;2;231;232;247m█[38;2;255;255;254m█[38;2;253;253;251m█[38;2;253;253;253m████████████[38;2;253;253;249m█[38;2;255;255;255m█[38;2;179;178;215m█[38;2;0;0;27m█[38;2;5;5;118m██[38;2;13;15;6m██[38;2;13;13;16m██
██[38;2;13;13;11m██[38;2;5;5;130m█[38;2;0;0;124m█[38;2;11;12;30m█[38;2;228;229;246m█[38;2;255;255;255m█[38;2;253;253;251m█[38;2;253;253;253m████████████[38;2;253;253;249m█[38;2;255;255;255m█[38;2;186;185;219m█[38;2;0;0;25m█[38;2;5;5;120m██[38;2;13;15;6m██[38;2;13;13;16m██
██[38;2;13;13;9m██[38;2;4;4;127m█[38;2;3;3;126m█[38;2;0;0;22m█[38;2;183;183;212m█[38;2;255;255;255m█[38;2;253;253;249m█[38;2;253;253;253m█[38;2;255;255;255m████[38;2;253;253;253m██[38;2;255;255;255m████[38;2;253;253;253m█[38;2;253;253;249m█[38;2;255;255;255m█[38;2;145;144;185m█[38;2;0;0;27m█[38;2;6;6;119m█[38;2;5;5;118m█[38;2;13;15;6m██[38;2;13;13;16m██
██[38;2;13;15;6m██[38;2;5;5;112m█[38;2;8;8;115m█[38;2;0;0;58m█[38;2;38;38;102m█[38;2;218;219;209m█[38;2;255;255;255m██[38;2;249;249;249m█[38;2;146;147;139m█[38;2;123;124;116m█[38;2;224;224;224m█[38;2;255;255;255m██[38;2;242;242;242m█[38;2;137;138;130m█[38;2;127;129;120m█[38;2;232;232;232m█[38;2;255;255;255m██[38;2;216;217;207m█[38;2;20;20;96m█[38;2;0;0;72m█[38;2;6;8;103m█[38;2;5;6;102m█[38;2;13;15;6m██[38;2;13;13;16m██
██[38;2;13;13;9m██[38;2;9;10;63m█[38;2;10;11;65m█[38;2;3;4;152m█[38;2;0;0;133m█[38;2;12;13;2m█[38;2;95;96;84m█[38;2;113;115;103m█[38;2;46;47;35m█[38;2;0;0;26m█[38;2;0;0;24m█[38;2;20;20;16m█[38;2;100;100;95m█[38;2;110;111;101m█[38;2;38;39;28m█[38;2;0;0;25m█[38;2;0;0;24m█[38;2;27;28;20m█[38;2;105;107;98m█[38;2;100;98;86m█[38;2;17;16;3m█[38;2;0;0;134m█[38;2;3;4;152m█[38;2;9;10;58m██[38;2;13;13;9m██[38;2;13;13;16m██
████[38;2;13;13;11m██[38;2;3;3;162m█[38;2;4;4;164m█[38;2;0;0;144m█[38;2;0;0;131m█[38;2;0;0;96m█[38;2;0;0;105m█[38;2;0;0;221m█[38;2;0;0;223m█[38;2;0;0;130m█[38;2;0;0;117m█[38;2;0;0;103m█[38;2;0;0;113m█[38;2;0;0;222m██[38;2;0;0;124m█[38;2;0;0;112m█[38;2;0;0;123m█[38;2;0;0;136m█[38;2;3;3;160m█[38;2;2;2;159m█[38;2;13;13;11m██[38;2;13;13;16m████
████[38;2;13;13;11m██[38;2;11;12;30m██[38;2;3;3;162m██[38;2;2;2;181m██[38;2;9;9;74m██[38;2;3;3;162m██[38;2;2;2;176m██[38;2;9;9;73m██[38;2;3;3;168m██[38;2;3;3;171m██[38;2;11;11;34m██[38;2;13;13;11m██[38;2;13;13;16m████
██████[38;2;13;13;11m██[38;2;13;13;9m██[38;2;13;13;11m██[38;2;13;15;6m██[38;2;13;13;9m██[38;2;13;13;11m██[38;2;13;15;6m██[38;2;13;13;11m██[38;2;13;13;9m██[38;2;13;13;11m██[38;2;13;13;16m██████
████████████████████████████████
████████████████████████████████