[38;2;13;13;16m████████████[38;2;13;13;13m██[38;2;13;15;6m████[38;2;13;13;13m██[38;2;13;13;16m████████████
██████████[38;2;13;15;6m██[38;2;13;12;27m██[38;2;8;8;83m████[38;2;13;12;27m██[38;2;13;15;6m██[38;2;13;13;16m██████████
████████[38;2;13;15;6m██[38;2;9;10;63m█[38;2;10;11;65m█[38;2;0;0;207m█[38;2;1;1;208m█[38;2;0;0;250m████[38;2;1;1;208m█[38;2;0;0;207m█[38;2;10;11;65m█[38;2;9;10;63m█[38;2;13;15;6m██[38;2;13;13;16m████████
██████[38;2;13;13;9m██[38;2;11;10;47m██[38;2;0;0;223m█[38;2;0;0;224m█[38;2;0;0;195m█[38;2;0;0;186m█[38;2;0;0;89m█[38;2;0;0;86m██[38;2;0;0;89m█[38;2;0;0;186m█[38;2;0;0;195m█[38;2;0;0;224m█[38;2;0;0;223m█[38;2;11;10;47m██[38;2;13;13;9m██[38;2;13;13;16m██████
██████[38;2;13;13;11m██[38;2;2;2;176m█[38;2;3;3;178m█[38;2;2;2;169m█[38;2;0;0;153m█[38;2;0;0;0m█[38;2;30;30;33m█[38;2;79;77;65m█[38;2;107;105;93m██[38;2;79;77;65m█[38;2;30;30;33m█[38;2;0;0;0m█[38;2;0;0;153m█[38;2;2;2;169m█[38;2;4;3;178m█[38;2;3;2;176m█[38;2;13;13;11m██[38;2;13;13;16m██████
████[38;2;13;15;6m██[38;2;9;9;73m█[38;2;10;10;74m█[38;2;1;2;203m█[38;2;0;0;196m█[38;2;0;0;0m█[38;2;55;54;66m█[38;2;178;179;171m█[38;2;244;245;237m█[38;2;255;255;255m████[38;2;244;245;237m█[38;2;178;179;171m█[38;2;55;54;66m█[38;2;0;0;0m█[38;2;0;0;198m█[38;2;1;2;205m█[38;2;10;10;74m█[38;2;9;9;73m█[38;2;13;15;6m██[38;2;13;13;16m████
████[38;2;13;15;6m██[38;2;2;3;154m█[38;2;4;5;157m█[38;2;0;1;98m█[38;2;0;0;84m█[38;2;126;127;113m█[38;2;255;255;243m█[38;2;255;255;255m██[38;2;253;253;253m████[38;2;255;255;255m██[38;2;255;255;243m█[38;2;126;127;113m█[38;2;0;0;84m█[38;2;0;1;98m█[38;2;4;5;157m█[38;2;2;3;154m█[38;2;13;15;6m██[38;2;13;13;16m████
██[38;2;13;13;13m██[38;2;11;12;27m██[38;2;2;2;179m█[38;2;0;0;175m█[38;2;0;0;5m█[38;2;139;140;155m█[38;2;255;255;255m█[38;2;255;255;253m█[38;2;253;253;253m████████[38;2;255;255;253m█[38;2;255;255;255m█[38;2;139;140;155m█[38;2;0;0;5m█[38;2;0;0;175m█[38;2;2;2;179m█[38;2;13;12;27m██[38;2;13;13;13m██[38;2;13;13;16m██
██[38;2;13;13;9m██[38;2;9;9;66m██[38;2;5;4;147m█[38;2;0;0;124m█[38;2;91;93;82m█[38;2;255;255;255m█[38;2;254;254;254m█[38;2;253;253;253m██████████[38;2;254;254;254m█[38;2;255;255;255m█[38;2;91;93;82m█[38;2;0;0;124m█[38;2;5;4;147m█[38;2;10;10;67m█[38;2;9;9;66m█[38;2;13;13;9m██[38;2;13;13;16m██
██[38;2;13;15;6m██[38;2;8;6;100m█[38;2;9;8;101m█[38;2;0;1;98m█[38;2;3;4;102m█[38;2;223;224;212m█[38;2;255;255;252m█[38;2;255;255;255m██[38;2;253;253;253m██████████[38;2;255;255;250m█[38;2;224;225;214m█[38;2;3;4;102m█[38;2;0;1;98m█[38;2;9;8;101m█[38;2;8;6;100m█[38;2;13;15;6m██[38;2;13;13;16m██
██[38;2;13;15;4m██[38;2;5;5;120m█[38;2;8;8;123m█[38;2;0;0;51m█[38;2;87;87;148m█[38;2;255;255;255m█[38;2;238;239;231m█[38;2;169;169;169m█[38;2;235;235;235m█[38;2;255;255;255m█[38;2;254;254;254m█[38;2;253;253;253m████████[38;2;253;254;246m█[38;2;255;255;255m█[38;2;87;87;148m█[38;2;0;0;51m█[38;2;6;6;122m█[38;2;5;5;120m█[38;2;13;15;4m██[38;2;13;13;16m██
██[38;2;13;15;6m██[38;2;4;4;127m█[38;2;5;5;129m█[38;2;0;0;27m█[38;2;161;160;200m█[38;2;255;255;255m█[38;2;165;165;160m█[38;2;0;0;0m█[38;2;26;26;26m█[38;2;160;160;160m█[38;2;255;255;255m██[38;2;252;252;252m█[38;2;255;255;255m██████[38;2;255;255;254m█[38;2;255;255;255m█[38;2;161;160;200m█[38;2;0;0;27m█[38;2;5;5;129m█[38;2;4;4;127m█[38;2;13;15;6m██[38;2;13;13;16m██
██[38;2;13;13;9m██[38;2;4;4;127m█[38;2;3;3;126m█[38;2;0;0;25m█[38;2;198;198;228m█[38;2;255;255;255m█[38;2;240;240;236m█[38;2;112;112;112m█[38;2;5;5;5m█[38;2;0;0;0m█[38;2;59;59;59m█[38;2;204;204;204m█[38;2;255;255;255m█[38;2;223;223;223m█[38;2;134;134;134m█[38;2;132;132;132m█[38;2;133;133;133m██[38;2;131;131;131m█[38;2;211;211;207m█[38;2;255;255;255m█[38;2;198;198;228m█[38;2;0;0;25m█[38;2;3;3;126m█[38;2;4;4;127m█[38;2;13;13;9m██[38;2;13;13;16m██
██[38;2;13;13;9m██[38;2;4;4;125m█[38;2;2;2;123m█[38;2;0;0;25m█[38;2;208;208;233m█[38;2;255;255;255m███[38;2;129;129;129m█[38;2;0;0;0m██[38;2;87;87;87m█[38;2;255;255;255m█[38;2;139;139;139m█[38;2;0;0;0m█████[38;2;107;107;104m█[38;2;255;255;255m█[38;2;208;208;233m█[38;2;0;0;25m█[38;2;2;2;123m█[38;2;4;4;125m█[38;2;13;13;9m██[38;2;13;13;16m██
██[38;2;13;13;9m██[38;2;4;4;125m█[38;2;2;2;123m█[38;2;0;0;25m█[38;2;208;208;233m█[38;2;255;255;255m█[38;2;228;228;225m█[38;2;76;76;76m█[38;2;0;0;0m██[38;2;91;91;91m█[38;2;225;225;225m█[38;2;255;255;255m█[38;2;237;237;237m█[38;2;172;172;172m█[38;2;168;168;168m█[38;2;169;169;169m█[38;2;168;168;168m██[38;2;229;229;226m█[38;2;255;255;255m█[38;2;208;208;233m█[38;2;0;0;25m█[38;2;2;2;123m█[38;2;4;4;125m█[38;2;13;13;9m██[38;2;13;13;16m██
██[38;2;13;13;9m██[38;2;4;4;125m█[38;2;2;2;123m█[38;2;0;0;25m█[38;2;208;208;233m█[38;2;255;255;255m█[38;2;168;168;166m█[38;2;0;0;0m█[38;2;55;55;55m█[38;2;193;193;193m█[38;2;255;255;255m██[38;2;252;252;252m█[38;2;255;255;255m██████[38;2;255;255;254m█[38;2;255;255;255m█[38;2;208;208;233m█[38;2;0;0;25m█[38;2;2;2;123m█[38;2;4;4;125m█[38;2;13;13;9m██[38;2;13;13;16m██
██[38;2;13;13;9m██[38;2;4;4;125m█[38;2;2;2;123m█[38;2;0;0;25m█[38;2;208;208;233m█[38;2;255;255;255m█[38;2;246;246;244m█[38;2;202;202;202m█[38;2;250;250;250m█[38;2;255;255;255m█[38;2;253;253;253m█████████[38;2;253;253;251m█[38;2;255;255;255m█[38;2;208;208;233m█[38;2;0;0;25m█[38;2;2;2;123m█[38;2;4;4;125m█[38;2;13;13;9m██[38;2;13;13;16m██
██[38;2;13;13;9m██[38;2;4;4;125m█[38;2;2;2;123m█[38;2;0;0;25m█[38;2;208;208;233m█[38;2;255;255;255m█[38;2;254;254;252m█[38;2;255;255;255m██[38;2;253;253;253m██████████[38;2;253;253;251m█[38;2;255;255;255m█[38;2;208;208;233m█[38;2;0;0;25m█[38;2;2;2;123m█[38;2;4;4;125m█[38;2;13;13;9m██[38;2;13;13;16m██
██[38;2;13;13;9m██[38;2;4;4;125m█[38;2;2;2;123m█[38;2;0;0;25m█[38;2;208;208;233m█[38;2;255;255;255m█[38;2;253;253;251m█[38;2;253;253;253m████████████[38;2;253;253;251m█[38;2;255;255;255m█[38;2;208;208;233m█[38;2;0;0;25m█[38;2;2;2;123m█[38;2;4;4;125m█[38;2;13;13;9m██[38;2;13;13;16m██
██[38;2;13;13;9m██[38;2;4;4;125m█[38;2;2;2;123m█[38;2;0;0;25m█[38;2;208;208;233m█[38;2;255;255;255m█[38;2;253;253;251m█[38;2;253;253;253m████████████[38;2;253;253;251m█[38;2;255;255;255m█[38;2;208;208;233m█[38;2;0;0;25m█[38;2;2;2;123m█[38;2;4;4;125m█[38;2;13;13;9m██[38;2;13;13;16m██
██[38;2;13;13;9m██[38;2;4;4;125m█[38;2;2;2;123m█[38;2;0;0;25m█[38;2;208;208;233m█[38;2;255;255;255m█[38;2;253;253;251m█[38;2;253;253;253m████████████[38;2;253;253;251m█[38;2;255;255;255m█[38;2;208;208;233m█[38;2;0;0;25m█[38;2;2;2;123m█[38;2;4;4;125m█[38;2;13;13;9m██[38;2;13;13;16m██
██[38;2;13;13;9m██[38;2;4;4;125m█[38;2;2;2;123m█[38;2;0;0;25m█[38;2;208;208;233m█[38;2;255;255;255m█[38;2;253;253;251m█[38;2;253;253;253m████████████[38;2;253;253;251m█[38;2;255;255;255m█[38;2;208;208;233m█[38;2;0;0;25m█[38;2;2;2;123m█[38;2;4;4;125m█[38;2;13;13;9m██[38;2;13;13;16m██
██[38;2;13;13;9m██[38;2;5;4;125m█[38;2;3;2;123m█[38;2;0;0;25m█[38;2;209;209;235m█[38;2;255;255;255m█[38;2;253;253;251m█[38;2;253;253;253m████████████[38;2;253;253;251m█[38;2;255;255;255m█[38;2;209;209;235m█[38;2;0;0;25m█[38;2;2;2;123m█[38;2;4;4;125m█[38;2;13;13;9m██[38;2;13;13;16m██
██[38;2;13;15;6m██[38;2;5;5;123m██[38;2;0;0;24m█[38;2;172;171;205m█[38;2;255;255;255m█[38;2;253;253;249m█[38;2;253;253;253m█[38;2;255;255;255m████[38;2;253;253;253m██[38;2;255;255;255m████[38;2;253;253;253m█[38;2;253;253;249m█[38;2;255;255;255m█[38;2;174;173;205m█[38;2;0;0;22m█[38;2;5;5;123m██[38;2;13;15;6m██[38;2;13;13;16m██
██[38;2;13;15;6m██[38;2;5;6;110m█[38;2;6;8;111m█[38;2;0;0;59m█[38;2;39;39;104m█[38;2;235;236;225m█[38;2;255;255;255m██[38;2;250;250;250m█[38;2;159;159;154m█[38;2;152;152;147m█[38;2;244;244;244m█[38;2;255;255;255m██[38;2;244;244;244m█[38;2;151;151;146m█[38;2;158;158;153m█[38;2;250;250;250m█[38;2;255;255;255m██[38;2;237;238;228m█[38;2;42;42;107m█[38;2;0;0;58m█[38;2;6;8;111m█[38;2;5;6;110m█[38;2;13;15;6m██[38;2;13;13;16m██
██[38;2;13;13;9m██[38;2;9;9;66m█[38;2;10;10;67m█[38;2;5;4;143m█[38;2;0;0;123m█[38;2;31;30;15m█[38;2;123;122;107m█[38;2;132;133;123m█[38;2;52;53;42m█[38;2;0;0;13m█[38;2;0;0;11m█[38;2;42;44;35m█[38;2;129;130;122m██[38;2;42;44;35m█[38;2;0;0;11m█[38;2;0;0;12m█[38;2;52;53;42m█[38;2;133;134;124m█[38;2;125;124;109m█[38;2;33;32;17m█[38;2;0;0;123m█[38;2;5;4;143m█[38;2;10;10;67m█[38;2;9;9;66m█[38;2;13;13;9m██[38;2;13;13;16m██
████[38;2;13;13;13m██[38;2;3;3;166m██[38;2;0;0;115m█[38;2;0;0;103m█[38;2;0;0;83m█[38;2;0;0;93m█[38;2;0;0;216m█[38;2;0;0;217m█[38;2;0;0;100m█[38;2;0;0;89m██[38;2;0;0;100m█[38;2;0;0;217m█[38;2;0;0;216m█[38;2;0;0;93m█[38;2;0;0;83m█[38;2;0;0;100m█[38;2;0;0;112m█[38;2;3;3;168m██[38;2;13;13;13m██[38;2;13;13;16m████
████[38;2;13;13;11m██[38;2;11;11;40m██[38;2;2;1;186m██[38;2;2;1;189m██[38;2;9;8;93m█[38;2;8;6;91m█[38;2;2;1;186m████[38;2;9;8;93m██[38;2;2;1;189m██[38;2;2;1;187m██[38;2;11;10;42m██[38;2;13;13;9m██[38;2;13;13;16m████
██████[38;2;13;13;11m██[38;2;13;13;16m████[38;2;13;15;6m██[38;2;13;13;16m████[38;2;13;15;6m██[38;2;13;13;16m████[38;2;13;13;11m██[38;2;13;13;16m██████
████████[38;2;13;13;13m████[38;2;13;13;16m██[38;2;13;13;13m████[38;2;13;13;16m██[38;2;13;13;13m████[38;2;13;13;16m████████
████████████████████████████████
████████████████████████████████