[38;2;13;13;16m████████████████████████████████
████████████[38;2;13;13;9m██[38;2;13;15;4m████[38;2;13;13;9m██[38;2;13;13;16m████████████
██████████[38;2;13;15;6m██[38;2;9;10;61m█[38;2;10;11;62m█[38;2;5;4;143m████[38;2;10;11;62m█[38;2;9;10;61m█[38;2;13;15;6m██[38;2;13;13;16m██████████
████████[38;2;13;15;6m██[38;2;5;6;108m█[38;2;6;8;109m█[38;2;0;0;215m█[38;2;0;0;210m█[38;2;0;0;152m█[38;2;0;0;147m██[38;2;0;0;152m█[38;2;0;0;210m█[38;2;0;0;215m█[38;2;6;8;109m█[38;2;5;6;108m█[38;2;13;15;6m██[38;2;13;13;16m████████
██████[38;2;13;15;6m██[38;2;8;8;81m█[38;2;9;9;82m█[38;2;2;0;194m█[38;2;0;0;183m█[38;2;0;0;22m█[38;2;1;0;34m█[38;2;34;35;22m█[38;2;56;58;44m██[38;2;34;35;22m█[38;2;1;0;34m█[38;2;0;0;22m█[38;2;0;0;183m█[38;2;2;0;194m█[38;2;9;9;82m█[38;2;8;8;81m█[38;2;13;15;6m██[38;2;13;13;16m██████
████[38;2;13;13;13m██[38;2;13;12;22m██[38;2;2;2;176m█[38;2;0;0;174m█[38;2;0;0;27m█[38;2;17;16;55m█[38;2;126;127;116m█[38;2;211;212;201m█[38;2;247;247;247m█[38;2;255;255;255m██[38;2;247;247;247m█[38;2;211;212;201m█[38;2;126;127;116m█[38;2;17;16;55m█[38;2;0;0;27m█[38;2;0;0;174m█[38;2;2;2;176m█[38;2;13;12;22m██[38;2;13;13;13m██[38;2;13;13;16m████
████[38;2;13;15;6m██[38;2;8;6;95m█[38;2;9;8;96m█[38;2;3;3;120m█[38;2;0;0;98m█[38;2;81;80;67m█[38;2;232;231;218m█[38;2;255;255;255m███[38;2;254;254;254m██[38;2;255;255;255m███[38;2;232;231;218m█[38;2;81;80;67m█[38;2;0;0;98m█[38;2;3;3;120m█[38;2;9;8;96m█[38;2;8;6;95m█[38;2;13;15;6m██[38;2;13;13;16m████
████[38;2;13;13;11m██[38;2;2;3;148m██[38;2;0;0;18m█[38;2;97;96;129m█[38;2;255;255;254m█[38;2;255;255;255m█[38;2;253;253;253m████████[38;2;255;255;255m█[38;2;255;255;254m█[38;2;97;96;129m█[38;2;0;0;18m█[38;2;4;2;148m█[38;2;5;3;150m█[38;2;13;13;11m██[38;2;13;13;16m████
██[38;2;13;13;11m██[38;2;11;11;40m██[38;2;6;5;144m█[38;2;0;0;123m█[38;2;60;60;55m█[38;2;254;254;250m█[38;2;255;255;255m█[38;2;253;253;253m██████████[38;2;255;255;255m█[38;2;254;254;250m█[38;2;60;60;55m█[38;2;0;0;123m█[38;2;6;5;144m█[38;2;11;11;40m██[38;2;13;13;11m██[38;2;13;13;16m██
██[38;2;13;13;9m██[38;2;9;9;74m█[38;2;10;10;75m█[38;2;2;3;103m█[38;2;0;0;94m█[38;2;203;204;193m█[38;2;255;255;253m█[38;2;255;255;255m█[38;2;254;254;254m█[38;2;253;253;253m██████████[38;2;255;255;252m█[38;2;203;204;193m█[38;2;0;0;94m█[38;2;2;3;103m█[38;2;10;10;75m█[38;2;9;9;74m█[38;2;13;13;9m██[38;2;13;13;16m██
██[38;2;13;15;6m██[38;2;5;6;102m█[38;2;6;8;103m█[38;2;0;0;56m█[38;2;68;68;133m█[38;2;255;255;253m█[38;2;250;251;240m█[38;2;215;215;215m█[38;2;254;254;254m█[38;2;255;255;255m█[38;2;253;253;253m█████████[38;2;253;254;244m█[38;2;255;255;253m█[38;2;67;68;133m█[38;2;0;0;56m█[38;2;6;8;103m█[38;2;5;6;102m█[38;2;13;15;6m██[38;2;13;13;16m██
██[38;2;13;15;6m██[38;2;5;5;117m█[38;2;6;6;118m█[38;2;0;0;30m█[38;2;147;150;192m█[38;2;255;255;255m█[38;2;171;171;166m█[38;2;0;0;0m█[38;2;68;68;68m█[38;2;204;204;204m█[38;2;255;255;255m██[38;2;252;252;252m█[38;2;255;255;255m██████[38;2;255;255;252m█[38;2;255;255;255m█[38;2;147;150;192m█[38;2;0;0;30m█[38;2;6;6;118m█[38;2;5;5;117m█[38;2;13;15;6m██[38;2;13;13;16m██
██[38;2;13;13;9m██[38;2;5;5;123m█[38;2;4;4;122m█[38;2;0;0;24m█[38;2;194;194;223m█[38;2;255;255;255m█[38;2;222;222;217m█[38;2;61;61;61m█[38;2;0;0;0m██[38;2;107;107;107m█[38;2;233;233;233m█[38;2;255;255;255m█[38;2;242;242;242m█[38;2;186;186;186m█[38;2;182;182;182m█[38;2;183;183;183m█[38;2;182;182;182m█[38;2;183;183;183m█[38;2;235;235;230m█[38;2;255;255;255m█[38;2;193;193;222m█[38;2;0;0;24m█[38;2;3;4;122m█[38;2;4;5;123m█[38;2;13;13;9m██[38;2;13;13;16m██
██[38;2;13;13;9m██[38;2;5;5;126m█[38;2;2;2;123m█[38;2;0;0;25m█[38;2;207;207;232m█[38;2;255;255;255m███[38;2;125;125;125m█[38;2;0;0;0m██[38;2;89;89;89m█[38;2;255;255;255m█[38;2;140;140;140m█[38;2;0;0;0m█████[38;2;109;109;107m█[38;2;255;255;255m█[38;2;208;208;233m█[38;2;0;0;25m█[38;2;2;2;123m█[38;2;4;4;125m█[38;2;13;13;9m██[38;2;13;13;16m██
██[38;2;13;13;9m██[38;2;5;5;126m█[38;2;2;2;123m█[38;2;0;0;25m█[38;2;208;208;233m█[38;2;255;255;255m█[38;2;244;244;242m█[38;2;129;129;129m█[38;2;15;15;15m█[38;2;0;0;0m█[38;2;45;45;45m█[38;2;194;194;194m█[38;2;255;255;255m█[38;2;216;216;216m█[38;2;118;118;118m█[38;2;116;116;116m█[38;2;117;117;117m█[38;2;116;116;116m█[38;2;115;115;115m█[38;2;202;202;200m█[38;2;255;255;255m█[38;2;208;208;233m█[38;2;0;0;25m█[38;2;2;2;123m█[38;2;4;4;125m█[38;2;13;13;9m██[38;2;13;13;16m██
██[38;2;13;13;9m██[38;2;5;5;126m█[38;2;2;2;123m█[38;2;0;0;25m█[38;2;208;208;233m█[38;2;255;255;255m█[38;2;166;166;164m█[38;2;0;0;0m█[38;2;16;16;16m█[38;2;145;145;145m█[38;2;251;251;251m█[38;2;255;255;255m█[38;2;252;252;252m█[38;2;255;255;255m████████[38;2;208;208;233m█[38;2;0;0;25m█[38;2;2;2;123m█[38;2;4;4;125m█[38;2;13;13;9m██[38;2;13;13;16m██
██[38;2;13;13;9m██[38;2;5;5;126m█[38;2;2;2;123m█[38;2;0;0;25m█[38;2;208;208;233m█[38;2;255;255;255m█[38;2;233;233;231m█[38;2;153;153;153m█[38;2;226;226;226m█[38;2;255;255;255m██[38;2;253;253;253m████████[38;2;253;253;251m█[38;2;255;255;255m█[38;2;208;208;233m█[38;2;0;0;25m█[38;2;2;2;123m█[38;2;4;4;125m█[38;2;13;13;9m██[38;2;13;13;16m██
██[38;2;13;13;9m██[38;2;5;5;126m█[38;2;2;2;123m█[38;2;0;0;25m█[38;2;208;208;233m█[38;2;255;255;255m█[38;2;255;255;253m█[38;2;255;255;255m██[38;2;253;253;253m██████████[38;2;253;253;251m█[38;2;255;255;255m█[38;2;208;208;233m█[38;2;0;0;25m█[38;2;2;2;123m█[38;2;4;4;125m█[38;2;13;13;9m██[38;2;13;13;16m██
██[38;2;13;13;9m██[38;2;5;5;126m█[38;2;2;2;123m█[38;2;0;0;25m█[38;2;208;208;233m█[38;2;255;255;255m█[38;2;253;253;251m█[38;2;253;253;253m████████████[38;2;253;253;251m█[38;2;255;255;255m█[38;2;208;208;233m█[38;2;0;0;25m█[38;2;2;2;123m█[38;2;4;4;125m█[38;2;13;13;9m██[38;2;13;13;16m██
██[38;2;13;13;9m██[38;2;5;5;126m█[38;2;2;2;123m█[38;2;0;0;25m█[38;2;208;208;233m█[38;2;255;255;255m█[38;2;253;253;251m█[38;2;253;253;253m████████████[38;2;253;253;251m█[38;2;255;255;255m█[38;2;208;208;233m█[38;2;0;0;25m█[38;2;2;2;123m█[38;2;4;4;125m█[38;2;13;13;9m██[38;2;13;13;16m██
██[38;2;13;13;9m██[38;2;5;5;126m█[38;2;2;2;123m█[38;2;0;0;25m█[38;2;208;208;233m█[38;2;255;255;255m█[38;2;253;253;251m█[38;2;253;253;253m████████████[38;2;253;253;251m█[38;2;255;255;255m█[38;2;208;208;233m█[38;2;0;0;25m█[38;2;2;2;123m█[38;2;5;5;126m█[38;2;13;13;9m██[38;2;13;13;16m██
██[38;2;13;13;9m██[38;2;5;5;126m█[38;2;2;2;123m█[38;2;0;0;25m█[38;2;208;208;233m█[38;2;255;255;255m█[38;2;253;253;251m█[38;2;253;253;253m████████████[38;2;253;253;251m█[38;2;255;255;255m█[38;2;208;208;233m█[38;2;0;0;25m█[38;2;2;2;123m█[38;2;4;4;125m█[38;2;13;13;9m██[38;2;13;13;16m██
██[38;2;13;13;9m██[38;2;5;5;126m█[38;2;2;2;123m█[38;2;0;0;25m█[38;2;208;208;233m█[38;2;255;255;255m█[38;2;253;253;251m█[38;2;253;253;253m████████████[38;2;253;253;251m█[38;2;255;255;255m█[38;2;208;208;233m█[38;2;0;0;25m█[38;2;2;2;123m█[38;2;4;4;125m█[38;2;13;13;9m██[38;2;13;13;16m██
██[38;2;13;13;9m██[38;2;6;5;126m█[38;2;3;2;123m█[38;2;1;1;26m█[38;2;209;209;235m█[38;2;255;255;255m█[38;2;253;253;251m█[38;2;253;253;253m████████████[38;2;253;253;251m█[38;2;255;255;255m█[38;2;209;209;235m█[38;2;1;1;26m█[38;2;2;2;123m█[38;2;4;4;125m█[38;2;13;13;9m██[38;2;13;13;16m██
██[38;2;13;13;9m██[38;2;4;4;125m█[38;2;3;3;124m█[38;2;0;0;22m█[38;2;200;200;226m█[38;2;255;255;255m█[38;2;253;253;249m█[38;2;253;253;253m██[38;2;255;255;255m██[38;2;253;253;253m████[38;2;255;255;255m██[38;2;253;253;253m██[38;2;253;253;249m█[38;2;255;255;255m█[38;2;201;201;228m█[38;2;0;0;23m█[38;2;3;3;124m█[38;2;4;4;125m█[38;2;13;13;9m██[38;2;13;13;16m██
██[38;2;13;15;6m██[38;2;5;5;118m█[38;2;6;6;119m█[38;2;0;0;33m█[38;2;108;109;154m█[38;2;255;255;255m█[38;2;255;255;252m█[38;2;255;255;255m██[38;2;246;246;246m█[38;2;244;244;244m█[38;2;255;255;255m████[38;2;244;244;244m█[38;2;246;246;246m█[38;2;255;255;255m██[38;2;255;255;252m█[38;2;255;255;255m█[38;2;111;112;158m█[38;2;0;0;33m█[38;2;6;6;119m█[38;2;5;5;118m█[38;2;13;15;6m██[38;2;13;13;16m██
██[38;2;13;15;6m██[38;2;8;6;91m█[38;2;9;8;93m█[38;2;1;2;100m█[38;2;0;0;89m█[38;2;131;130;117m█[38;2;232;231;218m█[38;2;237;237;235m█[38;2;164;164;161m█[38;2;37;38;27m█[38;2;30;31;20m█[38;2;151;151;148m█[38;2;235;235;232m██[38;2;151;151;148m█[38;2;30;31;23m█[38;2;35;37;28m█[38;2;164;164;161m█[38;2;237;237;235m█[38;2;233;232;219m█[38;2;134;133;120m█[38;2;0;0;88m█[38;2;1;2;97m█[38;2;9;8;93m█[38;2;8;6;91m█[38;2;13;15;6m██[38;2;13;13;16m██
██[38;2;13;13;13m██[38;2;11;11;34m██[38;2;3;3;176m█[38;2;0;0;169m█[38;2;0;0;15m█[38;2;11;11;37m█[38;2;18;17;31m█[38;2;0;0;6m█[38;2;0;0;123m█[38;2;0;0;124m█[38;2;0;0;11m█[38;2;15;15;35m██[38;2;0;0;11m█[38;2;0;0;126m█[38;2;0;0;125m█[38;2;0;0;6m█[38;2;16;17;31m█[38;2;11;11;34m█[38;2;0;0;12m█[38;2;0;0;168m█[38;2;4;3;176m█[38;2;11;11;37m██[38;2;13;13;11m██[38;2;13;13;16m██
████[38;2;13;15;6m██[38;2;5;6;104m█[38;2;6;8;105m█[38;2;0;0;212m█[38;2;0;0;207m█[38;2;0;0;195m█[38;2;0;0;201m█[38;2;2;1;192m██[38;2;0;0;201m█[38;2;0;0;195m██[38;2;0;0;201m█[38;2;2;1;192m██[38;2;0;0;201m█[38;2;0;0;195m█[38;2;0;0;203m█[38;2;0;0;209m█[38;2;6;8;108m█[38;2;5;6;107m█[38;2;13;15;6m██[38;2;13;13;16m████
██████[38;2;13;13;11m██[38;2;9;9;76m█[38;2;10;10;77m█[38;2;10;9;84m█[38;2;9;8;83m█[38;2;13;13;16m██[38;2;8;8;81m█[38;2;9;9;82m██[38;2;8;8;81m█[38;2;13;13;16m██[38;2;8;8;84m█[38;2;9;9;86m█[38;2;10;9;80m█[38;2;9;8;79m█[38;2;13;13;11m██[38;2;13;13;16m██████
████████[38;2;13;15;6m████[38;2;13;13;13m██[38;2;13;15;6m████[38;2;13;13;13m██[38;2;13;15;6m████[38;2;13;13;16m████████
████████████████████████████████