[38;2;13;13;16m████████████[38;2;13;13;9m██[38;2;13;15;4m████[38;2;13;13;9m██[38;2;13;13;16m████████████
██████████[38;2;13;15;6m██[38;2;9;9;66m█[38;2;10;10;67m█[38;2;5;4;147m████[38;2;10;10;67m█[38;2;9;9;66m█[38;2;13;15;6m██[38;2;13;13;16m██████████
████████[38;2;13;15;6m██[38;2;5;5;115m█[38;2;6;6;116m█[38;2;0;0;212m█[38;2;0;0;208m█[38;2;0;0;146m█[38;2;0;0;141m██[38;2;0;0;146m█[38;2;0;0;208m█[38;2;0;0;212m█[38;2;6;6;116m█[38;2;5;5;115m█[38;2;13;15;6m██[38;2;13;13;16m████████
██████[38;2;13;15;6m██[38;2;8;8;84m█[38;2;9;9;86m█[38;2;2;1;192m█[38;2;0;0;180m█[38;2;0;0;17m█[38;2;3;3;32m█[38;2;40;39;26m█[38;2;63;62;49m██[38;2;40;39;26m█[38;2;3;3;32m█[38;2;0;0;17m█[38;2;0;0;180m█[38;2;2;1;192m█[38;2;9;9;86m█[38;2;8;8;84m█[38;2;13;15;6m██[38;2;13;13;16m██████
████[38;2;13;13;13m██[38;2;13;12;24m██[38;2;2;2;176m█[38;2;0;0;174m█[38;2;0;0;25m█[38;2;22;20;58m█[38;2;134;136;124m█[38;2;217;218;207m█[38;2;250;250;250m█[38;2;255;255;255m██[38;2;250;250;250m█[38;2;217;218;207m█[38;2;133;134;123m█[38;2;22;20;58m█[38;2;0;0;24m█[38;2;1;0;176m█[38;2;3;2;179m█[38;2;13;12;24m██[38;2;13;13;13m██[38;2;13;13;16m████
████[38;2;13;15;6m██[38;2;8;6;97m█[38;2;9;8;98m█[38;2;3;3;118m█[38;2;0;0;96m█[38;2;87;88;74m█[38;2;236;237;223m█[38;2;255;255;255m███[38;2;254;254;254m██[38;2;255;255;255m███[38;2;235;236;222m█[38;2;87;88;74m█[38;2;0;0;96m█[38;2;3;3;118m█[38;2;9;8;98m█[38;2;8;6;97m█[38;2;13;15;6m██[38;2;13;13;16m████
████[38;2;13;13;11m██[38;2;5;3;150m█[38;2;4;2;148m█[38;2;0;0;16m█[38;2;103;103;132m█[38;2;255;255;255m█[38;2;255;255;254m█[38;2;253;253;253m████████[38;2;255;255;254m█[38;2;255;255;255m█[38;2;103;103;132m█[38;2;0;0;16m█[38;2;4;2;148m█[38;2;5;3;150m█[38;2;13;13;11m██[38;2;13;13;16m████
██[38;2;13;13;11m██[38;2;11;11;40m██[38;2;6;5;143m█[38;2;0;0;122m█[38;2;65;65;60m█[38;2;255;255;252m█[38;2;255;255;255m█[38;2;253;253;253m██████████[38;2;255;255;255m█[38;2;255;255;252m█[38;2;65;65;60m█[38;2;0;0;122m█[38;2;6;5;143m█[38;2;11;11;40m██[38;2;13;13;11m██[38;2;13;13;16m██
██[38;2;13;13;9m██[38;2;9;9;76m█[38;2;10;10;77m█[38;2;2;3;103m█[38;2;0;0;95m█[38;2;207;208;196m█[38;2;255;255;252m█[38;2;253;253;253m█[38;2;255;255;255m██[38;2;254;254;254m█[38;2;253;253;253m████[38;2;254;254;254m█[38;2;255;255;255m██[38;2;253;253;253m█[38;2;255;255;252m█[38;2;207;208;196m█[38;2;0;0;95m█[38;2;2;3;103m█[38;2;10;10;77m█[38;2;9;9;76m█[38;2;13;13;9m██[38;2;13;13;16m██
██[38;2;13;15;6m██[38;2;5;6;102m█[38;2;6;8;103m█[38;2;0;0;56m█[38;2;70;70;136m█[38;2;255;255;253m█[38;2;254;255;245m█[38;2;255;255;255m█[38;2;245;245;245m█[38;2;231;231;231m█[38;2;254;254;254m█[38;2;255;255;255m█[38;2;253;253;253m██[38;2;255;255;255m██[38;2;233;233;233m█[38;2;240;240;240m█[38;2;255;255;255m█[38;2;255;255;246m█[38;2;255;255;253m█[38;2;70;70;136m█[38;2;0;0;56m█[38;2;9;6;103m█[38;2;8;5;102m█[38;2;13;15;6m██[38;2;13;13;16m██
██[38;2;13;15;6m██[38;2;5;5;117m█[38;2;6;6;118m█[38;2;0;0;30m█[38;2;148;151;193m█[38;2;255;255;255m█[38;2;255;255;252m█[38;2;136;136;136m█[38;2;56;56;56m█[38;2;61;61;61m█[38;2;63;63;63m█[38;2;190;190;190m█[38;2;255;255;255m██[38;2;211;211;211m█[38;2;73;73;73m█[38;2;61;61;61m█[38;2;56;56;56m█[38;2;113;113;113m█[38;2;250;250;245m█[38;2;255;255;255m█[38;2;148;151;193m█[38;2;0;0;30m█[38;2;6;6;118m█[38;2;5;5;117m█[38;2;13;15;6m██[38;2;13;13;16m██
██[38;2;13;13;9m██[38;2;5;5;123m█[38;2;4;4;122m█[38;2;0;0;24m█[38;2;194;194;223m█[38;2;255;255;255m█[38;2;150;150;145m█[38;2;40;40;40m█[38;2;125;125;125m█[38;2;146;146;146m█[38;2;89;89;89m█[38;2;30;30;30m█[38;2;230;230;230m█[38;2;245;245;245m█[38;2;44;44;44m█[38;2;98;98;98m█[38;2;134;134;134m██[38;2;31;31;31m█[38;2;125;125;120m█[38;2;255;255;255m█[38;2;194;194;223m█[38;2;0;0;24m█[38;2;4;4;122m█[38;2;5;5;123m█[38;2;13;13;9m██[38;2;13;13;16m██
██[38;2;13;13;9m██[38;2;5;4;125m█[38;2;3;2;123m█[38;2;0;0;25m█[38;2;208;208;233m█[38;2;255;255;255m█[38;2;66;66;63m█[38;2;104;104;104m█[38;2;22;22;22m█[38;2;41;41;41m█[38;2;56;56;56m█[38;2;63;63;63m█[38;2;176;176;176m█[38;2;186;186;186m█[38;2;58;58;58m█[38;2;68;68;68m█[38;2;41;41;41m█[38;2;12;12;12m█[38;2;107;107;107m█[38;2;60;60;58m█[38;2;255;255;255m█[38;2;208;208;233m█[38;2;0;0;25m█[38;2;2;2;123m█[38;2;5;5;126m█[38;2;13;13;9m██[38;2;13;13;16m██
██[38;2;13;13;9m██[38;2;4;4;125m█[38;2;2;2;123m█[38;2;0;0;25m█[38;2;208;208;233m█[38;2;255;255;255m█[38;2;63;63;61m█[38;2;102;102;102m█[38;2;22;22;22m█[38;2;67;67;67m█[38;2;18;18;18m█[38;2;38;38;38m█[38;2;202;202;202m█[38;2;179;179;179m█[38;2;61;61;61m█[38;2;55;55;55m█[38;2;67;67;67m█[38;2;13;13;13m█[38;2;46;46;46m█[38;2;83;83;81m█[38;2;255;255;255m█[38;2;208;208;233m█[38;2;0;0;25m█[38;2;2;2;123m█[38;2;4;4;125m█[38;2;13;13;9m██[38;2;13;13;16m██
██[38;2;13;13;9m██[38;2;4;4;125m█[38;2;2;2;123m█[38;2;0;0;25m█[38;2;208;208;233m█[38;2;255;255;255m█[38;2;131;131;129m█[38;2;48;48;48m█[38;2;98;98;98m█[38;2;120;120;120m█[38;2;103;103;103m█[38;2;143;143;143m█[38;2;255;255;255m█[38;2;233;233;233m█[38;2;37;37;37m█[38;2;98;98;98m█[38;2;94;94;94m█[38;2;131;131;131m█[38;2;94;94;94m█[38;2;217;217;215m█[38;2;255;255;255m█[38;2;208;208;233m█[38;2;0;0;25m█[38;2;2;2;123m█[38;2;4;4;125m█[38;2;13;13;9m██[38;2;13;13;16m██
██[38;2;13;13;9m██[38;2;4;4;125m█[38;2;2;2;123m█[38;2;0;0;25m█[38;2;208;208;233m█[38;2;255;255;255m█[38;2;251;251;249m█[38;2;108;108;108m█[38;2;49;49;49m█[38;2;63;63;63m█[38;2;172;172;172m█[38;2;255;255;255m█[38;2;253;253;253m█[38;2;255;255;255m█[38;2;190;190;190m█[38;2;53;53;53m█[38;2;60;60;60m█[38;2;94;94;94m█[38;2;252;252;252m█[38;2;255;255;255m██[38;2;208;208;233m█[38;2;0;0;25m█[38;2;2;2;123m█[38;2;4;4;125m█[38;2;13;13;9m██[38;2;13;13;16m██
██[38;2;13;13;9m██[38;2;4;4;125m█[38;2;2;2;123m█[38;2;0;0;25m█[38;2;208;208;233m█[38;2;255;255;255m█[38;2;255;255;253m█[38;2;255;255;255m█[38;2;229;229;229m█[38;2;207;207;207m█[38;2;237;237;237m█[38;2;255;255;255m█[38;2;253;253;253m██[38;2;255;255;255m█[38;2;250;250;250m█[38;2;211;211;211m█[38;2;217;217;217m█[38;2;252;252;252m█[38;2;253;253;251m█[38;2;255;255;255m█[38;2;208;208;233m█[38;2;0;0;25m█[38;2;2;2;123m█[38;2;4;4;125m█[38;2;13;13;9m██[38;2;13;13;16m██
██[38;2;13;13;9m██[38;2;4;4;125m█[38;2;2;2;123m█[38;2;0;0;25m█[38;2;208;208;233m█[38;2;255;255;255m█[38;2;253;253;251m█[38;2;253;253;253m█[38;2;255;255;255m███[38;2;253;253;253m████[38;2;255;255;255m███[38;2;253;253;253m█[38;2;253;253;251m█[38;2;255;255;255m█[38;2;208;208;233m█[38;2;0;0;25m█[38;2;2;2;123m█[38;2;4;4;125m█[38;2;13;13;9m██[38;2;13;13;16m██
██[38;2;13;13;9m██[38;2;4;4;125m█[38;2;2;2;123m█[38;2;0;0;25m█[38;2;208;208;233m█[38;2;255;255;255m█[38;2;253;253;251m█[38;2;253;253;253m████████████[38;2;253;253;251m█[38;2;255;255;255m█[38;2;208;208;233m█[38;2;0;0;25m█[38;2;2;2;123m█[38;2;4;4;125m█[38;2;13;13;9m██[38;2;13;13;16m██
██[38;2;13;13;9m██[38;2;4;4;125m█[38;2;2;2;123m█[38;2;0;0;25m█[38;2;208;208;233m█[38;2;255;255;255m█[38;2;253;253;251m█[38;2;253;253;253m████████████[38;2;253;253;251m█[38;2;255;255;255m█[38;2;208;208;233m█[38;2;0;0;25m█[38;2;2;2;123m█[38;2;4;4;125m█[38;2;13;13;9m██[38;2;13;13;16m██
██[38;2;13;13;9m██[38;2;4;4;125m█[38;2;2;2;123m█[38;2;0;0;25m█[38;2;208;208;233m█[38;2;255;255;255m█[38;2;253;253;251m█[38;2;253;253;253m████████████[38;2;253;253;251m█[38;2;255;255;255m█[38;2;208;208;233m█[38;2;0;0;25m█[38;2;2;2;123m█[38;2;4;4;125m█[38;2;13;13;9m██[38;2;13;13;16m██
██[38;2;13;13;9m██[38;2;4;4;125m█[38;2;2;2;123m█[38;2;0;0;25m█[38;2;208;208;233m█[38;2;255;255;255m█[38;2;253;253;251m█[38;2;253;253;253m████████████[38;2;253;253;251m█[38;2;255;255;255m█[38;2;208;208;233m█[38;2;0;0;25m█[38;2;2;2;123m█[38;2;4;4;125m█[38;2;13;13;9m██[38;2;13;13;16m██
██[38;2;13;13;9m██[38;2;5;4;125m█[38;2;3;2;123m█[38;2;0;0;25m█[38;2;208;208;233m█[38;2;255;255;255m█[38;2;253;253;251m█[38;2;253;253;253m████████████[38;2;253;253;251m█[38;2;255;255;255m█[38;2;208;208;233m█[38;2;0;0;25m█[38;2;2;2;123m█[38;2;5;5;126m█[38;2;13;13;9m██[38;2;13;13;16m██
██[38;2;13;13;9m██[38;2;5;5;126m█[38;2;2;2;123m█[38;2;1;1;26m█[38;2;209;209;235m█[38;2;255;255;255m█[38;2;253;253;251m█[38;2;253;253;253m████████████[38;2;253;253;251m█[38;2;255;255;255m█[38;2;209;209;235m█[38;2;1;1;26m█[38;2;2;2;123m█[38;2;5;5;126m█[38;2;13;13;9m██[38;2;13;13;16m██
██[38;2;13;13;9m██[38;2;4;4;125m█[38;2;3;3;124m█[38;2;0;0;23m█[38;2;195;195;224m█[38;2;255;255;255m█[38;2;253;253;249m█[38;2;253;253;253m██[38;2;255;255;255m██[38;2;253;253;253m████[38;2;255;255;255m██[38;2;253;253;253m██[38;2;253;253;249m█[38;2;255;255;255m█[38;2;197;197;224m█[38;2;0;0;22m█[38;2;3;3;124m█[38;2;4;4;125m█[38;2;13;13;9m██[38;2;13;13;16m██
██[38;2;13;15;6m██[38;2;5;5;120m█[38;2;6;6;122m█[38;2;0;0;39m█[38;2;91;93;143m█[38;2;255;255;255m█[38;2;255;255;254m█[38;2;255;255;255m██[38;2;232;232;232m█[38;2;229;229;229m█[38;2;255;255;255m████[38;2;229;229;229m█[38;2;232;232;232m█[38;2;255;255;255m██[38;2;255;255;254m█[38;2;255;255;255m█[38;2;95;96;144m█[38;2;0;0;37m█[38;2;6;6;122m█[38;2;5;5;120m█[38;2;13;15;6m██[38;2;13;13;16m██
██[38;2;13;15;6m██[38;2;8;6;94m█[38;2;9;8;95m█[38;2;3;3;112m█[38;2;0;0;95m█[38;2;104;103;88m█[38;2;211;210;195m█[38;2;218;218;214m█[38;2;137;137;132m█[38;2;18;18;13m█[38;2;12;12;8m█[38;2;124;124;119m█[38;2;216;216;211m██[38;2;124;124;119m█[38;2;12;12;8m█[38;2;17;17;12m█[38;2;137;137;132m█[38;2;219;219;215m█[38;2;214;212;197m█[38;2;108;107;91m█[38;2;0;0;94m█[38;2;3;3;110m█[38;2;9;8;95m█[38;2;8;6;94m█[38;2;13;15;6m██[38;2;13;13;16m██
██[38;2;13;13;11m██[38;2;11;11;34m██[38;2;3;2;188m█[38;2;0;0;182m█[38;2;0;0;30m█[38;2;0;0;38m█[38;2;2;2;28m█[38;2;0;0;16m█[38;2;0;0;147m█[38;2;0;0;150m█[38;2;0;0;23m█[38;2;1;0;34m██[38;2;0;0;23m█[38;2;0;0;152m█[38;2;0;0;151m█[38;2;0;0;16m█[38;2;3;3;30m█[38;2;0;0;38m█[38;2;0;0;28m█[38;2;0;0;182m█[38;2;3;2;188m█[38;2;11;11;37m██[38;2;13;13;11m██[38;2;13;13;16m██
████[38;2;13;15;6m██[38;2;5;6;108m█[38;2;6;8;109m█[38;2;0;0;225m█[38;2;0;0;222m█[38;2;0;0;212m█[38;2;0;0;217m█[38;2;2;0;194m██[38;2;0;0;217m█[38;2;0;0;214m██[38;2;0;0;217m█[38;2;2;0;196m██[38;2;0;0;217m█[38;2;0;0;212m█[38;2;0;0;224m█[38;2;0;0;228m█[38;2;6;8;111m█[38;2;5;6;110m█[38;2;13;15;6m██[38;2;13;13;16m████
██████[38;2;13;13;11m██[38;2;9;8;81m█[38;2;10;9;82m█[38;2;9;8;90m█[38;2;8;6;89m█[38;2;13;13;17m██[38;2;8;8;83m█[38;2;9;9;84m█[38;2;9;9;86m█[38;2;8;8;84m█[38;2;13;13;17m██[38;2;8;6;89m█[38;2;9;8;90m█[38;2;9;9;84m█[38;2;8;8;83m█[38;2;13;13;11m██[38;2;13;13;16m██████
████████[38;2;13;15;6m████[38;2;13;13;13m██[38;2;13;15;6m████[38;2;13;13;13m██[38;2;13;15;6m████[38;2;13;13;16m████████
████████████████████████████████