[38;2;13;13;16m██████████████[38;2;13;13;13m████[38;2;13;13;16m██████████████
██████████[38;2;13;13;13m██[38;2;13;15;6m██[38;2;13;12;24m████[38;2;13;15;6m██[38;2;13;13;13m██[38;2;13;13;16m██████████
████████[38;2;13;13;11m██[38;2;13;12;22m██[38;2;5;4;141m██[38;2;0;0;210m██[38;2;0;0;209m██[38;2;5;4;141m██[38;2;13;12;22m██[38;2;13;13;11m██[38;2;13;13;16m████████
██████[38;2;13;13;13m██[38;2;13;13;17m██[38;2;2;2;175m██[38;2;0;0;167m█[38;2;0;0;155m█[38;2;0;0;52m█[38;2;0;0;51m██[38;2;0;0;52m█[38;2;0;0;153m█[38;2;0;0;165m█[38;2;2;2;175m██[38;2;13;13;17m██[38;2;13;13;13m██[38;2;13;13;16m██████
██████[38;2;13;15;4m██[38;2;4;4;131m█[38;2;5;5;132m█[38;2;1;0;140m█[38;2;0;0;122m█[38;2;5;6;0m█[38;2;65;66;55m█[38;2;122;123;111m█[38;2;151;152;140m██[38;2;122;123;111m█[38;2;65;66;55m█[38;2;5;6;0m█[38;2;0;0;122m█[38;2;1;0;140m█[38;2;6;6;133m█[38;2;4;4;131m█[38;2;13;15;4m██[38;2;13;13;16m██████
████[38;2;13;13;11m██[38;2;11;10;47m██[38;2;3;3;174m█[38;2;0;0;162m█[38;2;0;0;0m█[38;2;95;95;97m█[38;2;215;215;210m█[38;2;255;255;255m██████[38;2;215;215;210m█[38;2;95;95;97m█[38;2;0;0;0m█[38;2;0;0;161m█[38;2;3;3;174m█[38;2;11;10;47m██[38;2;13;13;11m██[38;2;13;13;16m████
████[38;2;13;15;4m██[38;2;4;5;123m█[38;2;6;8;125m█[38;2;0;0;76m█[38;2;0;0;79m█[38;2;168;169;158m█[38;2;255;255;255m██[38;2;254;254;254m█[38;2;253;253;253m████[38;2;254;254;254m█[38;2;255;255;255m██[38;2;168;169;158m█[38;2;0;0;79m█[38;2;0;0;76m█[38;2;6;8;125m█[38;2;4;5;123m█[38;2;13;15;4m██[38;2;13;13;16m████
██[38;2;13;13;13m██[38;2;13;13;19m██[38;2;3;4;152m█[38;2;0;0;146m█[38;2;0;0;8m█[38;2;175;174;186m█[38;2;255;255;255m█[38;2;254;254;252m█[38;2;253;253;253m████████[38;2;254;254;252m█[38;2;255;255;255m█[38;2;176;175;187m█[38;2;0;0;8m█[38;2;0;0;146m█[38;2;3;4;152m█[38;2;13;13;19m██[38;2;13;13;13m██[38;2;13;13;16m██
██[38;2;13;13;11m██[38;2;11;10;53m██[38;2;5;5;130m█[38;2;0;0;104m█[38;2;118;119;109m█[38;2;255;255;255m█[38;2;253;253;253m████████████[38;2;255;255;255m█[38;2;118;119;109m█[38;2;0;0;104m█[38;2;5;5;130m█[38;2;9;11;53m██[38;2;13;13;11m██[38;2;13;13;16m██
██[38;2;13;15;6m██[38;2;8;8;87m█[38;2;9;9;88m█[38;2;0;0;84m█[38;2;17;16;103m█[38;2;237;238;228m█[38;2;255;255;249m█[38;2;253;253;253m████████████[38;2;255;255;249m█[38;2;237;238;228m█[38;2;17;16;103m█[38;2;0;0;84m█[38;2;9;9;88m█[38;2;8;8;87m█[38;2;13;15;6m██[38;2;13;13;16m██
██[38;2;13;15;6m██[38;2;5;6;108m█[38;2;6;8;109m█[38;2;0;0;41m█[38;2;101;102;155m█[38;2;255;255;255m█[38;2;253;254;246m█[38;2;253;253;253m████████████[38;2;253;254;246m█[38;2;255;255;255m█[38;2;101;101;158m█[38;2;0;0;44m█[38;2;8;9;110m█[38;2;5;6;108m█[38;2;13;15;6m██[38;2;13;13;16m██
██[38;2;13;15;6m██[38;2;5;5;120m██[38;2;0;0;25m█[38;2;171;169;207m█[38;2;255;255;255m███████[38;2;254;254;254m█[38;2;255;255;255m██████[38;2;255;255;254m█[38;2;255;255;255m█[38;2;171;169;207m█[38;2;0;0;25m█[38;2;5;5;120m██[38;2;13;15;6m██[38;2;13;13;16m██
██[38;2;13;13;9m██[38;2;4;4;125m█[38;2;2;2;123m█[38;2;0;0;24m█[38;2;202;202;229m█[38;2;255;255;255m█[38;2;159;159;154m█[38;2;95;95;95m█[38;2;102;102;102m█[38;2;103;103;103m█[38;2;102;102;102m█[38;2;129;129;129m█[38;2;250;250;250m█[38;2;214;214;214m█[38;2;107;107;107m█[38;2;104;104;104m█[38;2;105;105;105m█[38;2;104;104;104m█[38;2;102;102;102m█[38;2;196;196;192m█[38;2;255;255;255m█[38;2;201;201;228m█[38;2;0;0;24m█[38;2;3;3;124m█[38;2;5;5;126m█[38;2;13;13;9m██[38;2;13;13;16m██
██[38;2;13;13;9m██[38;2;4;4;125m█[38;2;2;2;123m█[38;2;0;0;25m█[38;2;209;209;235m█[38;2;255;255;255m█[38;2;47;47;45m█[38;2;0;0;0m█████[38;2;230;230;230m█[38;2;148;148;148m█[38;2;0;0;0m█████[38;2;111;111;109m█[38;2;255;255;255m█[38;2;208;208;233m█[38;2;0;0;25m█[38;2;2;2;123m█[38;2;5;5;126m█[38;2;13;13;9m██[38;2;13;13;16m██
██[38;2;13;13;9m██[38;2;4;4;125m█[38;2;2;2;123m█[38;2;0;0;25m█[38;2;208;208;233m█[38;2;255;255;255m█[38;2;223;223;221m█[38;2;186;186;186m█[38;2;189;189;189m█[38;2;190;190;190m█[38;2;189;189;189m█[38;2;209;209;209m█[38;2;255;255;255m█[38;2;245;245;245m█[38;2;195;195;195m█[38;2;192;192;192m███[38;2;193;193;193m█[38;2;239;239;237m█[38;2;255;255;255m█[38;2;208;208;233m█[38;2;0;0;25m█[38;2;2;2;123m█[38;2;4;4;125m█[38;2;13;13;9m██[38;2;13;13;16m██
██[38;2;13;13;9m██[38;2;4;4;125m█[38;2;2;2;123m█[38;2;0;0;25m█[38;2;208;208;233m█[38;2;255;255;255m███████[38;2;253;253;253m█[38;2;254;254;254m█[38;2;255;255;255m█████[38;2;255;255;253m█[38;2;255;255;255m█[38;2;208;208;233m█[38;2;0;0;25m█[38;2;2;2;123m█[38;2;4;4;125m█[38;2;13;13;9m██[38;2;13;13;16m██
██[38;2;13;13;9m██[38;2;4;4;125m█[38;2;2;2;123m█[38;2;0;0;25m█[38;2;207;207;232m█[38;2;255;255;255m█[38;2;253;253;251m█[38;2;253;253;253m████████████[38;2;253;253;251m█[38;2;255;255;255m█[38;2;208;208;233m█[38;2;0;0;25m█[38;2;2;2;123m█[38;2;5;5;126m█[38;2;13;13;9m██[38;2;13;13;16m██
██[38;2;13;13;9m██[38;2;4;4;125m█[38;2;2;2;123m█[38;2;0;0;25m█[38;2;207;207;232m█[38;2;255;255;255m█[38;2;253;253;251m█[38;2;253;253;253m████████████[38;2;253;253;251m█[38;2;255;255;255m█[38;2;208;208;233m█[38;2;0;0;25m█[38;2;2;2;123m█[38;2;4;4;125m█[38;2;13;13;9m██[38;2;13;13;16m██
██[38;2;13;13;9m██[38;2;4;4;125m█[38;2;2;2;123m█[38;2;0;0;25m█[38;2;207;207;232m█[38;2;255;255;255m█[38;2;253;253;251m█[38;2;253;253;253m████████████[38;2;253;253;251m█[38;2;255;255;255m█[38;2;208;208;233m█[38;2;0;0;25m█[38;2;2;2;123m█[38;2;4;4;125m█[38;2;13;13;9m██[38;2;13;13;16m██
██[38;2;13;13;9m██[38;2;4;4;125m█[38;2;2;2;123m█[38;2;0;0;25m█[38;2;207;207;232m█[38;2;255;255;255m█[38;2;253;253;251m█[38;2;253;253;253m████████████[38;2;253;253;251m█[38;2;255;255;255m█[38;2;208;208;233m█[38;2;0;0;25m█[38;2;2;2;123m█[38;2;4;4;125m█[38;2;13;13;9m██[38;2;13;13;16m██
██[38;2;13;13;9m██[38;2;4;4;125m█[38;2;2;2;123m█[38;2;0;0;25m█[38;2;207;207;232m█[38;2;255;255;255m█[38;2;253;253;251m█[38;2;253;253;253m████████████[38;2;253;253;251m█[38;2;255;255;255m█[38;2;208;208;233m█[38;2;0;0;25m█[38;2;2;2;123m█[38;2;4;4;125m█[38;2;13;13;9m██[38;2;13;13;16m██
██[38;2;13;13;9m██[38;2;4;4;125m█[38;2;2;2;123m█[38;2;0;0;25m█[38;2;208;208;233m█[38;2;255;255;255m█[38;2;253;253;251m█[38;2;253;253;253m████████████[38;2;253;253;251m█[38;2;255;255;255m█[38;2;207;207;232m█[38;2;0;0;25m█[38;2;2;2;123m█[38;2;4;4;125m█[38;2;13;13;9m██[38;2;13;13;16m██
██[38;2;13;13;9m██[38;2;4;4;125m█[38;2;2;2;123m█[38;2;1;1;26m█[38;2;208;208;233m█[38;2;255;255;255m█[38;2;253;253;251m█[38;2;253;253;253m████████████[38;2;253;253;251m█[38;2;255;255;255m█[38;2;208;208;233m█[38;2;0;0;25m█[38;2;2;2;123m█[38;2;4;4;125m█[38;2;13;13;9m██[38;2;13;13;16m██
██[38;2;13;13;9m██[38;2;4;4;125m█[38;2;2;2;123m█[38;2;0;0;23m█[38;2;205;205;231m█[38;2;255;255;255m█[38;2;253;253;251m█[38;2;253;253;253m███[38;2;254;254;254m█[38;2;253;253;253m████[38;2;254;254;254m█[38;2;253;253;253m███[38;2;253;253;251m█[38;2;255;255;255m█[38;2;204;204;231m█[38;2;0;0;24m█[38;2;2;2;125m█[38;2;4;4;127m█[38;2;13;13;9m██[38;2;13;13;16m██
██[38;2;13;15;6m██[38;2;4;4;131m█[38;2;5;5;132m█[38;2;0;0;27m█[38;2;137;136;175m█[38;2;255;255;255m█[38;2;255;255;251m█[38;2;254;254;254m█[38;2;255;255;255m████[38;2;254;254;254m██[38;2;255;255;255m████[38;2;254;254;254m█[38;2;255;255;251m█[38;2;255;255;255m█[38;2;134;137;175m█[38;2;0;0;26m█[38;2;5;5;132m█[38;2;4;4;131m█[38;2;13;15;6m██[38;2;13;13;16m██
██[38;2;13;15;4m██[38;2;4;5;123m█[38;2;5;6;124m█[38;2;0;0;86m█[38;2;4;3;90m█[38;2;174;175;164m█[38;2;255;255;245m█[38;2;255;255;255m█[38;2;203;203;203m█[38;2;76;77;67m█[38;2;68;69;59m█[38;2;192;192;189m█[38;2;255;255;254m██[38;2;192;192;189m█[38;2;67;68;58m█[38;2;74;75;65m█[38;2;202;202;202m█[38;2;255;255;255m█[38;2;255;255;245m█[38;2;174;175;164m█[38;2;4;3;90m█[38;2;0;0;86m█[38;2;6;8;123m█[38;2;4;5;120m█[38;2;13;15;4m██[38;2;13;13;16m██
██[38;2;13;15;6m██[38;2;8;9;74m██[38;2;3;2;185m█[38;2;0;0;172m█[38;2;0;0;0m█[38;2;44;44;41m█[38;2;52;52;49m█[38;2;4;4;2m█[38;2;0;0;73m█[38;2;0;0;74m█[38;2;1;1;3m█[38;2;48;48;51m██[38;2;1;1;3m█[38;2;0;0;74m██[38;2;4;4;2m█[38;2;51;51;48m█[38;2;44;44;41m█[38;2;0;0;0m█[38;2;0;0;169m█[38;2;3;3;182m█[38;2;9;10;75m█[38;2;8;9;74m█[38;2;13;15;6m██[38;2;13;13;16m██
██[38;2;13;13;13m██[38;2;13;13;17m██[38;2;2;0;194m█[38;2;3;1;195m█[38;2;0;0;182m█[38;2;0;0;173m█[38;2;0;0;157m█[38;2;0;0;166m█[38;2;0;0;245m██[38;2;0;0;171m█[38;2;0;0;161m██[38;2;0;0;171m█[38;2;0;0;245m██[38;2;0;0;166m█[38;2;0;0;157m█[38;2;0;0;173m█[38;2;0;0;182m█[38;2;1;2;195m█[38;2;0;1;194m█[38;2;13;13;17m██[38;2;13;13;13m██[38;2;13;13;16m██
████[38;2;13;13;9m██[38;2;9;10;63m██[38;2;0;0;217m█[38;2;0;0;218m█[38;2;0;0;221m█[38;2;0;0;219m█[38;2;5;5;129m██[38;2;0;0;215m█[38;2;1;1;216m██[38;2;0;0;215m█[38;2;4;4;127m██[38;2;0;0;219m█[38;2;0;0;221m█[38;2;1;0;218m█[38;2;0;0;217m█[38;2;10;11;65m█[38;2;9;10;63m█[38;2;13;13;9m██[38;2;13;13;16m████
██████[38;2;13;13;9m██[38;2;11;11;32m██[38;2;11;11;37m██[38;2;13;15;4m██[38;2;11;11;34m████[38;2;13;15;4m██[38;2;11;11;37m██[38;2;11;11;32m██[38;2;13;13;9m██[38;2;13;13;16m██████
████████[38;2;13;13;11m████[38;2;13;13;16m██[38;2;13;13;11m████[38;2;13;13;16m██[38;2;13;13;11m████[38;2;13;13;16m████████
████████████████████████████████