[38;2;13;13;16m████████████[38;2;13;13;9m██[38;2;13;15;4m████[38;2;13;13;9m██[38;2;13;13;16m████████████
██████████[38;2;13;15;6m██[38;2;9;10;61m█[38;2;10;11;62m█[38;2;5;4;143m████[38;2;10;11;65m█[38;2;9;10;63m█[38;2;13;15;6m██[38;2;13;13;16m██████████
████████[38;2;13;15;6m██[38;2;5;6;110m█[38;2;6;8;111m█[38;2;0;0;215m█[38;2;0;0;210m█[38;2;0;0;151m█[38;2;0;0;147m██[38;2;0;0;151m█[38;2;0;0;210m█[38;2;0;0;215m█[38;2;6;8;111m█[38;2;5;6;110m█[38;2;13;15;6m██[38;2;13;13;16m████████
██████[38;2;13;15;6m██[38;2;8;8;81m█[38;2;9;9;82m█[38;2;2;0;194m█[38;2;0;0;183m█[38;2;0;0;22m█[38;2;1;0;34m█[38;2;35;37;23m█[38;2;59;60;46m█[38;2;58;59;45m█[38;2;35;37;23m█[38;2;1;0;34m█[38;2;0;0;22m█[38;2;0;0;183m█[38;2;2;0;194m█[38;2;9;9;82m█[38;2;8;8;81m█[38;2;13;15;6m██[38;2;13;13;16m██████
████[38;2;13;13;13m██[38;2;13;12;22m██[38;2;2;2;179m█[38;2;0;0;176m█[38;2;0;0;27m█[38;2;16;18;56m█[38;2;129;130;118m█[38;2;214;215;203m█[38;2;247;247;247m█[38;2;255;255;255m██[38;2;247;247;247m█[38;2;214;215;203m█[38;2;129;130;118m█[38;2;18;17;56m█[38;2;0;0;27m█[38;2;0;0;176m█[38;2;2;2;179m█[38;2;13;12;24m██[38;2;13;13;13m██[38;2;13;13;16m████
████[38;2;13;15;6m██[38;2;8;6;95m█[38;2;9;8;96m█[38;2;3;3;120m█[38;2;0;0;98m█[38;2;82;83;69m█[38;2;232;233;219m█[38;2;255;255;255m███[38;2;254;254;254m██[38;2;255;255;255m███[38;2;233;232;219m█[38;2;83;82;69m█[38;2;0;0;98m█[38;2;2;3;120m█[38;2;9;8;98m█[38;2;8;6;97m█[38;2;13;15;6m██[38;2;13;13;16m████
████[38;2;13;13;11m██[38;2;5;3;150m█[38;2;4;2;148m█[38;2;0;0;16m█[38;2;98;98;127m█[38;2;255;255;255m██[38;2;253;253;253m████████[38;2;255;255;255m██[38;2;98;97;130m█[38;2;0;0;18m█[38;2;4;2;148m█[38;2;5;3;150m█[38;2;13;13;11m██[38;2;13;13;16m████
██[38;2;13;13;11m██[38;2;11;11;40m██[38;2;6;5;143m█[38;2;0;0;122m█[38;2;61;61;56m█[38;2;254;254;250m█[38;2;255;255;255m█[38;2;253;253;253m██████████[38;2;255;255;255m█[38;2;255;255;251m█[38;2;61;61;56m█[38;2;0;0;122m█[38;2;5;4;141m█[38;2;11;11;40m██[38;2;13;13;11m██[38;2;13;13;16m██
██[38;2;13;13;9m██[38;2;9;9;74m█[38;2;10;10;75m█[38;2;2;3;103m█[38;2;0;0;94m█[38;2;204;205;194m█[38;2;255;255;252m█[38;2;253;253;253m████████████[38;2;255;255;252m█[38;2;204;205;194m█[38;2;0;0;94m█[38;2;2;3;103m█[38;2;10;10;75m█[38;2;9;9;74m█[38;2;13;13;9m██[38;2;13;13;16m██
██[38;2;13;15;6m██[38;2;8;5;102m█[38;2;9;6;103m█[38;2;0;0;56m█[38;2;69;69;134m█[38;2;255;255;253m█[38;2;253;254;244m█[38;2;253;253;253m████████████[38;2;253;254;244m█[38;2;255;255;253m█[38;2;68;69;134m█[38;2;0;0;56m█[38;2;10;8;104m█[38;2;8;5;102m█[38;2;13;15;6m██[38;2;13;13;16m██
██[38;2;13;15;6m██[38;2;5;5;117m█[38;2;6;6;118m█[38;2;0;0;30m█[38;2;147;150;192m█[38;2;255;255;255m███████[38;2;253;253;253m█[38;2;255;255;255m██████[38;2;255;255;254m█[38;2;255;255;255m█[38;2;147;150;192m█[38;2;0;0;30m█[38;2;6;6;118m█[38;2;5;5;117m█[38;2;13;15;6m██[38;2;13;13;16m██
██[38;2;13;13;9m██[38;2;5;5;123m█[38;2;4;4;122m█[38;2;0;0;24m█[38;2;194;194;223m█[38;2;255;255;255m█[38;2;166;166;161m█[38;2;103;103;103m█[38;2;113;113;113m█[38;2;118;118;118m█[38;2;119;119;119m█[38;2;151;151;151m█[38;2;252;252;252m█[38;2;222;222;222m█[38;2;127;127;127m█[38;2;125;125;125m█[38;2;126;126;126m██[38;2;124;124;124m█[38;2;208;208;203m█[38;2;255;255;255m█[38;2;194;194;223m█[38;2;0;0;24m█[38;2;4;4;122m█[38;2;5;5;123m█[38;2;13;13;9m██[38;2;13;13;16m██
██[38;2;13;13;9m██[38;2;5;5;126m█[38;2;2;2;123m█[38;2;0;0;25m█[38;2;209;209;235m█[38;2;255;255;255m█[38;2;40;40;38m█[38;2;0;0;0m█████[38;2;231;231;231m█[38;2;145;145;145m█[38;2;0;0;0m█████[38;2;107;107;104m█[38;2;255;255;255m█[38;2;207;207;232m█[38;2;0;0;25m█[38;2;2;2;123m█[38;2;4;4;125m█[38;2;13;13;9m██[38;2;13;13;16m██
██[38;2;13;13;9m██[38;2;5;5;126m█[38;2;2;2;123m█[38;2;0;0;25m█[38;2;208;208;233m█[38;2;255;255;255m█[38;2;202;202;200m█[38;2;153;153;153m█[38;2;161;161;161m█[38;2;166;166;166m█[38;2;168;168;168m█[38;2;194;194;194m█[38;2;254;254;254m█[38;2;239;239;239m█[38;2;178;178;178m█[38;2;173;173;173m█[38;2;174;174;174m███[38;2;231;231;229m█[38;2;255;255;255m█[38;2;208;208;233m█[38;2;0;0;25m█[38;2;2;2;123m█[38;2;4;4;125m█[38;2;13;13;9m██[38;2;13;13;16m██
██[38;2;13;13;9m██[38;2;5;5;126m█[38;2;2;2;123m█[38;2;0;0;25m█[38;2;208;208;233m█[38;2;255;255;255m███████[38;2;253;253;253m█[38;2;255;255;255m██████[38;2;255;255;254m█[38;2;255;255;255m█[38;2;208;208;233m█[38;2;0;0;25m█[38;2;2;2;123m█[38;2;5;5;126m█[38;2;13;13;9m██[38;2;13;13;16m██
██[38;2;13;13;9m██[38;2;5;5;126m█[38;2;2;2;123m█[38;2;0;0;25m█[38;2;208;208;233m█[38;2;255;255;255m█[38;2;253;253;251m█[38;2;253;253;253m████████████[38;2;253;253;251m█[38;2;255;255;255m█[38;2;208;208;233m█[38;2;0;0;25m█[38;2;2;2;123m█[38;2;5;5;126m█[38;2;13;13;9m██[38;2;13;13;16m██
██[38;2;13;13;9m██[38;2;5;5;126m█[38;2;2;2;123m█[38;2;0;0;25m█[38;2;208;208;233m█[38;2;255;255;255m█[38;2;253;253;251m█[38;2;253;253;253m████████████[38;2;253;253;251m█[38;2;255;255;255m█[38;2;208;208;233m█[38;2;0;0;25m█[38;2;2;2;123m█[38;2;5;5;126m█[38;2;13;13;9m██[38;2;13;13;16m██
██[38;2;13;13;9m██[38;2;5;5;126m█[38;2;2;2;123m█[38;2;0;0;25m█[38;2;207;207;232m█[38;2;255;255;255m█[38;2;253;253;251m█[38;2;253;253;253m████████████[38;2;253;253;251m█[38;2;255;255;255m█[38;2;208;208;233m█[38;2;0;0;25m█[38;2;2;2;123m█[38;2;4;4;125m█[38;2;13;13;9m██[38;2;13;13;16m██
██[38;2;13;13;9m██[38;2;5;5;126m█[38;2;2;2;123m█[38;2;0;0;25m█[38;2;207;207;232m█[38;2;255;255;255m█[38;2;253;253;251m█[38;2;253;253;253m████████████[38;2;253;253;251m█[38;2;255;255;255m█[38;2;208;208;233m█[38;2;0;0;25m█[38;2;2;2;123m█[38;2;4;4;125m█[38;2;13;13;9m██[38;2;13;13;16m██
██[38;2;13;13;9m██[38;2;5;5;126m█[38;2;2;2;123m█[38;2;0;0;25m█[38;2;207;207;232m█[38;2;255;255;255m█[38;2;253;253;251m█[38;2;253;253;253m████████████[38;2;253;253;251m█[38;2;255;255;255m█[38;2;208;208;233m█[38;2;0;0;25m█[38;2;2;2;123m█[38;2;4;4;125m█[38;2;13;13;9m██[38;2;13;13;16m██
██[38;2;13;13;9m██[38;2;5;5;126m█[38;2;2;2;123m█[38;2;0;0;25m█[38;2;208;208;233m█[38;2;255;255;255m█[38;2;253;253;251m█[38;2;253;253;253m████████████[38;2;253;253;251m█[38;2;255;255;255m█[38;2;208;208;233m█[38;2;0;0;25m█[38;2;2;2;123m█[38;2;4;4;125m█[38;2;13;13;9m██[38;2;13;13;16m██
██[38;2;13;13;9m██[38;2;5;5;126m█[38;2;2;2;123m█[38;2;0;0;25m█[38;2;208;208;233m█[38;2;255;255;255m█[38;2;253;253;251m█[38;2;253;253;253m████████████[38;2;253;253;251m█[38;2;255;255;255m█[38;2;207;207;232m█[38;2;0;0;25m█[38;2;2;2;123m█[38;2;4;4;125m█[38;2;13;13;9m██[38;2;13;13;16m██
██[38;2;13;13;9m██[38;2;5;5;126m█[38;2;2;2;123m█[38;2;1;1;26m█[38;2;209;209;235m█[38;2;255;255;255m█[38;2;253;253;251m█[38;2;253;253;253m████████████[38;2;253;253;251m█[38;2;255;255;255m█[38;2;209;209;235m█[38;2;1;1;26m█[38;2;2;2;123m█[38;2;4;4;125m█[38;2;13;13;9m██[38;2;13;13;16m██
██[38;2;13;13;9m██[38;2;4;4;127m█[38;2;3;3;126m█[38;2;0;0;23m█[38;2;201;201;228m█[38;2;255;255;255m█[38;2;253;253;249m█[38;2;253;253;253m██[38;2;255;255;255m██[38;2;253;253;253m████[38;2;255;255;255m██[38;2;253;253;253m██[38;2;253;253;249m█[38;2;255;255;255m█[38;2;200;200;226m█[38;2;0;0;22m█[38;2;3;3;126m█[38;2;4;4;127m█[38;2;13;13;9m██[38;2;13;13;16m██
██[38;2;13;15;6m██[38;2;4;4;133m█[38;2;5;5;134m█[38;2;0;0;33m█[38;2;108;109;154m█[38;2;255;255;255m█[38;2;255;255;252m█[38;2;255;255;255m██[38;2;245;245;245m█[38;2;243;243;243m█[38;2;255;255;255m████[38;2;243;243;243m█[38;2;245;245;245m█[38;2;255;255;255m██[38;2;255;255;252m█[38;2;255;255;255m█[38;2;108;109;154m█[38;2;0;0;33m█[38;2;5;5;134m█[38;2;4;4;133m█[38;2;13;15;6m██[38;2;13;13;16m██
██[38;2;13;15;4m██[38;2;5;5;118m█[38;2;6;6;119m█[38;2;1;2;103m█[38;2;0;0;93m█[38;2;130;129;116m█[38;2;231;230;217m█[38;2;236;236;233m█[38;2;161;161;159m█[38;2;34;35;27m█[38;2;28;30;22m█[38;2;148;148;146m█[38;2;233;233;231m██[38;2;148;148;146m█[38;2;27;28;20m█[38;2;33;34;26m█[38;2;160;160;158m█[38;2;236;236;233m█[38;2;231;230;217m█[38;2;130;129;116m█[38;2;0;0;91m█[38;2;1;2;102m█[38;2;6;6;119m█[38;2;5;5;118m█[38;2;13;15;4m██[38;2;13;13;16m██
██[38;2;13;13;9m██[38;2;9;9;66m██[38;2;1;2;201m█[38;2;0;0;193m█[38;2;0;0;10m█[38;2;10;10;31m█[38;2;17;16;30m█[38;2;0;0;5m█[38;2;0;0;120m█[38;2;0;0;122m█[38;2;0;0;10m█[38;2;12;12;33m██[38;2;0;0;11m█[38;2;0;0;122m█[38;2;0;0;120m█[38;2;0;0;5m█[38;2;17;16;30m█[38;2;10;10;31m█[38;2;0;0;10m█[38;2;0;0;192m█[38;2;1;2;200m█[38;2;9;9;66m██[38;2;13;13;9m██[38;2;13;13;16m██
██[38;2;13;13;13m████[38;2;2;2;181m█[38;2;3;3;182m█[38;2;0;0;217m█[38;2;0;0;211m█[38;2;0;0;197m█[38;2;0;0;203m█[38;2;0;0;245m██[38;2;0;0;205m█[38;2;0;0;200m██[38;2;0;0;205m█[38;2;0;0;247m██[38;2;0;0;203m█[38;2;0;0;197m█[38;2;0;0;211m█[38;2;0;0;217m█[38;2;3;2;185m█[38;2;2;1;183m█[38;2;13;13;13m████[38;2;13;13;16m██
████[38;2;13;13;9m██[38;2;11;10;47m██[38;2;0;1;194m██[38;2;0;1;198m██[38;2;8;6;100m██[38;2;2;0;194m██[38;2;2;1;192m██[38;2;8;6;100m██[38;2;2;0;198m██[38;2;2;0;194m██[38;2;11;10;49m██[38;2;13;13;9m██[38;2;13;13;16m████
██████[38;2;13;13;11m██[38;2;13;13;19m██[38;2;13;12;22m██[38;2;13;15;4m██[38;2;13;13;19m████[38;2;13;15;4m██[38;2;13;12;22m██[38;2;13;13;19m██[38;2;13;13;11m██[38;2;13;13;16m██████
████████[38;2;13;13;13m████[38;2;13;13;16m██[38;2;13;13;13m████[38;2;13;13;16m██[38;2;13;13;13m████[38;2;13;13;16m████████
████████████████████████████████