[38;2;13;13;16m██████████[38;2;13;15;6m██[38;2;11;11;34m██[38;2;9;8;98m██[38;2;6;9;98m██[38;2;11;11;34m██[38;2;13;15;6m██[38;2;13;13;16m██████████
████████[38;2;13;15;6m██[38;2;9;9;74m█[38;2;10;10;75m█[38;2;1;1;210m█[38;2;0;0;208m█[38;2;0;0;194m█[38;2;0;0;190m██[38;2;0;0;194m█[38;2;0;0;208m█[38;2;0;0;209m█[38;2;9;10;75m█[38;2;8;9;74m█[38;2;13;15;6m██[38;2;13;13;16m████████
██████[38;2;13;13;9m██[38;2;9;10;55m█[38;2;10;11;56m█[38;2;1;2;203m█[38;2;0;0;197m█[38;2;0;0;62m█[38;2;0;0;59m█[38;2;8;8;5m█[38;2;22;22;19m██[38;2;8;8;5m█[38;2;0;0;59m█[38;2;0;0;62m█[38;2;0;0;197m█[38;2;1;2;203m█[38;2;10;11;56m█[38;2;9;10;55m█[38;2;13;13;9m██[38;2;13;13;16m██████
██████[38;2;13;13;13m██[38;2;2;3;171m██[38;2;0;0;60m█[38;2;0;0;62m█[38;2;81;80;65m█[38;2;172;171;155m█[38;2;219;219;217m█[38;2;237;237;235m██[38;2;219;219;217m█[38;2;172;171;155m█[38;2;81;80;65m█[38;2;0;0;62m█[38;2;0;0;60m█[38;2;2;3;171m██[38;2;13;13;13m██[38;2;13;13;16m██████
████[38;2;13;15;6m██[38;2;8;8;81m█[38;2;9;9;82m█[38;2;4;3;140m█[38;2;0;0;118m█[38;2;42;44;32m█[38;2;196;197;186m█[38;2;255;255;255m████████[38;2;196;197;186m█[38;2;42;44;32m█[38;2;0;0;119m█[38;2;4;3;141m█[38;2;9;9;82m█[38;2;8;8;81m█[38;2;13;15;6m██[38;2;13;13;16m████
████[38;2;13;13;9m██[38;2;4;3;144m█[38;2;5;4;145m█[38;2;0;0;31m█[38;2;59;61;103m█[38;2;242;243;235m█[38;2;255;255;255m█[38;2;253;253;253m████████[38;2;255;255;255m█[38;2;242;243;235m█[38;2;59;61;103m█[38;2;0;0;31m█[38;2;5;4;145m█[38;2;4;3;144m█[38;2;13;13;9m██[38;2;13;13;16m████
██[38;2;13;13;13m██[38;2;11;11;32m██[38;2;4;6;148m█[38;2;0;0;132m█[38;2;35;35;33m█[38;2;238;238;236m█[38;2;255;255;255m█[38;2;253;253;253m██████████[38;2;255;255;255m█[38;2;238;238;236m█[38;2;35;35;33m█[38;2;0;0;132m█[38;2;4;6;148m█[38;2;11;11;32m██[38;2;13;13;13m██[38;2;13;13;16m██
██[38;2;13;13;9m██[38;2;9;9;68m█[38;2;10;10;69m█[38;2;4;4;113m█[38;2;0;0;95m█[38;2;181;182;171m█[38;2;255;255;255m██[38;2;253;253;253m███████████[38;2;255;255;255m█[38;2;181;182;171m█[38;2;0;0;95m█[38;2;4;4;113m█[38;2;10;10;69m█[38;2;9;9;68m█[38;2;13;13;9m██[38;2;13;13;16m██
██[38;2;13;15;6m██[38;2;8;6;97m█[38;2;9;8;98m█[38;2;0;0;66m█[38;2;51;51;124m█[38;2;255;255;249m█[38;2;255;255;247m█[38;2;244;244;244m█[38;2;255;255;255m██[38;2;253;253;253m█████████[38;2;254;255;245m█[38;2;255;255;249m█[38;2;51;51;124m█[38;2;0;0;66m█[38;2;6;9;98m█[38;2;5;8;97m█[38;2;13;15;6m██[38;2;13;13;16m██
██[38;2;13;15;6m██[38;2;5;5;115m█[38;2;6;6;116m█[38;2;0;0;32m█[38;2;134;136;181m█[38;2;255;255;255m█[38;2;183;185;176m█[38;2;16;16;16m█[38;2;112;112;112m█[38;2;236;236;236m█[38;2;255;255;255m██[38;2;253;253;253m█[38;2;254;254;254m█[38;2;255;255;255m█████[38;2;254;255;247m█[38;2;255;255;255m█[38;2;134;136;181m█[38;2;0;0;32m█[38;2;6;6;116m█[38;2;5;5;115m█[38;2;13;15;6m██[38;2;13;13;16m██
██[38;2;13;13;9m██[38;2;4;5;123m██[38;2;0;0;24m█[38;2;188;187;219m█[38;2;255;255;255m█[38;2;203;203;198m█[38;2;20;20;20m█[38;2;0;0;0m█[38;2;25;25;25m█[38;2;153;153;153m█[38;2;251;251;251m█[38;2;255;255;255m█[38;2;252;252;252m█[38;2;224;224;224m█[38;2;221;221;221m███[38;2;222;222;222m█[38;2;250;250;245m█[38;2;255;255;255m█[38;2;188;187;219m█[38;2;0;0;24m█[38;2;4;5;123m██[38;2;13;13;9m██[38;2;13;13;16m██
██[38;2;13;13;9m██[38;2;4;4;125m█[38;2;2;2;123m█[38;2;0;0;25m█[38;2;207;207;232m█[38;2;255;255;255m██[38;2;250;250;250m█[38;2;107;107;107m█[38;2;0;0;0m██[38;2;105;105;105m█[38;2;255;255;255m█[38;2;153;153;153m█[38;2;0;0;0m█████[38;2;124;124;122m█[38;2;255;255;255m█[38;2;207;207;232m█[38;2;0;0;25m█[38;2;2;2;123m█[38;2;4;4;125m█[38;2;13;13;9m██[38;2;13;13;16m██
██[38;2;13;13;9m██[38;2;5;5;126m█[38;2;2;2;123m█[38;2;0;0;25m█[38;2;208;208;233m█[38;2;255;255;255m█[38;2;254;254;252m█[38;2;176;176;176m█[38;2;46;46;46m█[38;2;0;0;0m█[38;2;11;11;11m█[38;2;161;161;161m█[38;2;255;255;255m█[38;2;194;194;194m█[38;2;67;67;67m█[38;2;68;68;68m███[38;2;63;63;63m█[38;2;174;174;172m█[38;2;255;255;255m█[38;2;208;208;233m█[38;2;0;0;25m█[38;2;2;2;123m█[38;2;4;4;125m█[38;2;13;13;9m██[38;2;13;13;16m██
██[38;2;13;13;9m██[38;2;5;5;126m█[38;2;2;2;123m█[38;2;0;0;25m█[38;2;208;208;233m█[38;2;255;255;255m█[38;2;173;173;171m█[38;2;0;0;0m██[38;2;98;98;98m█[38;2;226;226;226m█[38;2;255;255;255m█[38;2;252;252;252m█[38;2;255;255;255m████████[38;2;208;208;233m█[38;2;0;0;25m█[38;2;2;2;123m█[38;2;4;4;125m█[38;2;13;13;9m██[38;2;13;13;16m██
██[38;2;13;13;9m██[38;2;5;5;126m█[38;2;2;2;123m█[38;2;0;0;25m█[38;2;208;208;233m█[38;2;255;255;255m█[38;2;217;217;215m█[38;2;103;103;103m█[38;2;194;194;194m█[38;2;255;255;255m██[38;2;253;253;253m████████[38;2;253;253;251m█[38;2;255;255;255m█[38;2;208;208;233m█[38;2;0;0;25m█[38;2;2;2;123m█[38;2;4;4;125m█[38;2;13;13;9m██[38;2;13;13;16m██
██[38;2;13;13;9m██[38;2;5;5;126m█[38;2;2;2;123m█[38;2;0;0;25m█[38;2;208;208;233m█[38;2;255;255;255m█[38;2;255;255;254m█[38;2;255;255;255m██[38;2;253;253;253m██████████[38;2;253;253;251m█[38;2;255;255;255m█[38;2;208;208;233m█[38;2;0;0;25m█[38;2;2;2;123m█[38;2;4;4;125m█[38;2;13;13;9m██[38;2;13;13;16m██
██[38;2;13;13;9m██[38;2;5;5;126m█[38;2;2;2;123m█[38;2;0;0;25m█[38;2;208;208;233m█[38;2;255;255;255m█[38;2;253;253;251m█[38;2;253;253;253m████████████[38;2;253;253;251m█[38;2;255;255;255m█[38;2;208;208;233m█[38;2;0;0;25m█[38;2;2;2;123m█[38;2;4;4;125m█[38;2;13;13;9m██[38;2;13;13;16m██
██[38;2;13;13;9m██[38;2;5;5;126m█[38;2;2;2;123m█[38;2;0;0;25m█[38;2;208;208;233m█[38;2;255;255;255m█[38;2;253;253;251m█[38;2;253;253;253m████████████[38;2;253;253;251m█[38;2;255;255;255m█[38;2;208;208;233m█[38;2;0;0;25m█[38;2;2;2;123m█[38;2;4;4;125m█[38;2;13;13;9m██[38;2;13;13;16m██
██[38;2;13;13;9m██[38;2;5;5;126m█[38;2;2;2;123m█[38;2;0;0;25m█[38;2;208;208;233m█[38;2;255;255;255m█[38;2;253;253;251m█[38;2;253;253;253m████████████[38;2;253;253;251m█[38;2;255;255;255m█[38;2;208;208;233m█[38;2;0;0;25m█[38;2;2;2;123m█[38;2;4;4;125m█[38;2;13;13;9m██[38;2;13;13;16m██
██[38;2;13;13;9m██[38;2;5;5;126m█[38;2;2;2;123m█[38;2;0;0;25m█[38;2;208;208;233m█[38;2;255;255;255m█[38;2;253;253;251m█[38;2;253;253;253m████████████[38;2;253;253;251m█[38;2;255;255;255m█[38;2;208;208;233m█[38;2;0;0;25m█[38;2;2;2;123m█[38;2;4;4;125m█[38;2;13;13;9m██[38;2;13;13;16m██
██[38;2;13;13;9m██[38;2;5;5;126m█[38;2;2;2;123m█[38;2;0;0;25m█[38;2;208;208;233m█[38;2;255;255;255m█[38;2;253;253;251m█[38;2;253;253;253m████████████[38;2;253;253;251m█[38;2;255;255;255m█[38;2;208;208;233m█[38;2;0;0;25m█[38;2;2;2;123m█[38;2;4;4;125m█[38;2;13;13;9m██[38;2;13;13;16m██
██[38;2;13;13;9m██[38;2;5;5;126m█[38;2;2;2;123m█[38;2;0;0;25m█[38;2;208;208;233m█[38;2;255;255;255m█[38;2;253;253;251m█[38;2;253;253;253m████████████[38;2;253;253;251m█[38;2;255;255;255m█[38;2;208;208;233m█[38;2;0;0;25m█[38;2;2;2;123m█[38;2;4;4;125m█[38;2;13;13;9m██[38;2;13;13;16m██
██[38;2;13;13;9m██[38;2;5;5;126m█[38;2;2;2;123m█[38;2;0;0;24m█[38;2;207;207;232m█[38;2;255;255;255m█[38;2;253;253;251m█[38;2;253;253;253m████████████[38;2;253;253;251m█[38;2;255;255;255m█[38;2;208;208;233m█[38;2;0;0;24m█[38;2;2;2;123m█[38;2;4;4;125m█[38;2;13;13;9m██[38;2;13;13;16m██
██[38;2;13;15;6m██[38;2;4;4;131m█[38;2;5;5;132m█[38;2;0;0;25m█[38;2;154;153;190m█[38;2;255;255;255m█[38;2;253;253;249m█[38;2;253;253;253m█[38;2;255;255;255m████[38;2;253;253;253m██[38;2;255;255;255m████[38;2;253;253;253m█[38;2;253;253;249m█[38;2;255;255;255m█[38;2;158;157;194m█[38;2;0;0;25m█[38;2;4;4;131m██[38;2;13;13;9m██[38;2;13;13;16m██
██[38;2;13;15;4m██[38;2;4;4;125m█[38;2;6;6;127m█[38;2;0;0;72m█[38;2;18;18;94m█[38;2;205;207;196m█[38;2;255;255;255m██[38;2;230;230;230m█[38;2;116;117;109m█[38;2;108;109;101m█[38;2;222;222;222m█[38;2;255;255;255m██[38;2;222;222;222m█[38;2;107;108;100m█[38;2;115;116;108m█[38;2;230;230;230m█[38;2;255;255;255m██[38;2;209;210;200m█[38;2;20;20;94m█[38;2;0;0;69m█[38;2;6;6;127m█[38;2;4;4;125m█[38;2;13;15;4m██[38;2;13;13;16m██
██[38;2;13;15;6m██[38;2;8;8;83m█[38;2;9;9;84m█[38;2;4;4;169m█[38;2;0;0;152m█[38;2;8;9;0m█[38;2;79;80;68m█[38;2;88;89;81m█[38;2;23;24;16m█[38;2;0;0;39m██[38;2;17;17;12m█[38;2;84;84;80m██[38;2;17;17;12m█[38;2;0;0;41m██[38;2;23;24;16m█[38;2;89;90;82m█[38;2;80;81;69m█[38;2;10;11;0m█[38;2;0;0;150m█[38;2;3;3;166m█[38;2;9;9;86m█[38;2;8;8;84m█[38;2;13;15;6m██[38;2;13;13;16m██
██[38;2;13;13;13m██[38;2;13;12;24m██[38;2;0;1;202m█[38;2;1;2;203m█[38;2;0;0;146m█[38;2;0;0;134m█[38;2;0;0;118m█[38;2;0;0;130m█[38;2;0;0;236m█[38;2;0;0;237m█[38;2;0;0;134m█[38;2;0;0;123m██[38;2;0;0;134m█[38;2;0;0;237m█[38;2;0;0;236m█[38;2;0;0;127m█[38;2;0;0;117m█[38;2;0;0;133m█[38;2;0;0;145m█[38;2;1;2;205m█[38;2;0;1;204m█[38;2;13;12;24m██[38;2;13;13;13m██[38;2;13;13;16m██
████[38;2;13;15;6m██[38;2;8;8;81m█[38;2;9;9;82m█[38;2;0;0;233m█[38;2;0;0;235m███[38;2;3;4;158m██[38;2;0;0;230m█[38;2;0;0;231m███[38;2;3;4;155m██[38;2;0;0;235m███[38;2;0;0;233m█[38;2;9;9;84m█[38;2;8;8;83m█[38;2;13;15;6m██[38;2;13;13;16m████
██████[38;2;13;13;9m██[38;2;11;10;49m██[38;2;9;10;55m██[38;2;13;13;9m██[38;2;11;10;53m██[38;2;11;10;51m██[38;2;13;13;9m██[38;2;9;10;55m██[38;2;11;10;51m██[38;2;13;13;9m██[38;2;13;13;16m██████
████████[38;2;13;13;9m████[38;2;13;13;16m██[38;2;13;13;9m████[38;2;13;13;16m██[38;2;13;13;9m████[38;2;13;13;16m████████
████████████████████████████████
████████████████████████████████