[38;2;13;13;16m██████████[38;2;13;13;13m██[38;2;13;15;6m██[38;2;13;12;22m████[38;2;13;15;6m██[38;2;13;13;13m██[38;2;13;13;16m██████████
████████[38;2;13;13;11m██[38;2;13;13;19m██[38;2;4;4;129m█[38;2;5;5;130m█[38;2;0;0;207m████[38;2;5;5;130m█[38;2;4;4;129m█[38;2;13;13;19m██[38;2;13;13;11m██[38;2;13;13;16m████████
██████[38;2;13;13;13m██[38;2;13;13;17m██[38;2;3;3;171m██[38;2;0;0;245m█[38;2;0;0;244m█[38;2;0;0;196m█[38;2;0;0;193m█[38;2;0;0;192m█[38;2;0;0;195m█[38;2;0;0;244m█[38;2;0;0;245m█[38;2;3;3;168m██[38;2;13;13;17m██[38;2;13;13;13m██[38;2;13;13;16m██████
██████[38;2;13;15;4m██[38;2;5;4;125m█[38;2;6;5;126m█[38;2;0;0;229m█[38;2;0;0;224m█[38;2;0;0;63m█[38;2;0;0;58m█[38;2;3;3;5m█[38;2;16;16;18m█[38;2;16;16;16m█[38;2;3;3;3m█[38;2;0;0;58m█[38;2;0;0;63m█[38;2;0;0;224m█[38;2;0;0;229m█[38;2;6;5;126m█[38;2;5;4;125m█[38;2;13;15;4m██[38;2;13;13;16m██████
████[38;2;13;13;11m██[38;2;11;11;40m██[38;2;0;0;217m██[38;2;0;0;59m█[38;2;0;0;56m█[38;2;70;69;54m█[38;2;161;160;145m█[38;2;211;211;209m█[38;2;231;231;229m██[38;2;211;211;209m█[38;2;161;160;145m█[38;2;70;69;54m█[38;2;0;0;56m█[38;2;0;0;59m█[38;2;0;0;217m██[38;2;11;11;40m██[38;2;13;13;11m██[38;2;13;13;16m████
████[38;2;13;15;4m██[38;2;4;4;125m█[38;2;5;5;126m█[38;2;3;4;152m█[38;2;0;0;129m█[38;2;37;35;23m█[38;2;188;187;174m█[38;2;255;255;255m████████[38;2;188;189;175m█[38;2;35;37;23m█[38;2;0;0;130m█[38;2;3;4;153m█[38;2;6;5;126m█[38;2;5;4;125m█[38;2;13;15;4m██[38;2;13;13;16m████
██[38;2;13;13;13m██[38;2;13;13;16m██[38;2;2;2;179m██[38;2;0;0;32m█[38;2;51;53;95m█[38;2;237;238;230m█[38;2;255;255;255m█[38;2;254;254;254m█[38;2;253;253;253m██████[38;2;254;254;254m█[38;2;255;255;255m█[38;2;237;238;230m█[38;2;51;53;95m█[38;2;0;0;32m█[38;2;2;2;179m██[38;2;13;13;16m██[38;2;13;13;13m██[38;2;13;13;16m██
██[38;2;13;13;11m██[38;2;11;10;51m██[38;2;4;4;167m█[38;2;0;0;152m█[38;2;30;30;27m█[38;2;233;233;231m█[38;2;255;255;255m█[38;2;253;253;253m██████████[38;2;255;255;255m█[38;2;233;233;231m█[38;2;30;30;27m█[38;2;0;0;152m█[38;2;4;4;167m█[38;2;11;10;51m██[38;2;13;13;11m██[38;2;13;13;16m██
██[38;2;13;15;6m██[38;2;8;6;89m█[38;2;9;8;90m█[38;2;4;4;122m█[38;2;0;0;102m█[38;2;175;176;165m█[38;2;255;255;255m█[38;2;254;254;254m█[38;2;253;253;253m███████████[38;2;255;255;255m█[38;2;175;176;165m█[38;2;0;0;102m█[38;2;4;4;122m█[38;2;9;8;90m█[38;2;8;6;89m█[38;2;13;15;6m██[38;2;13;13;16m██
██[38;2;13;15;4m██[38;2;5;5;115m█[38;2;8;8;117m█[38;2;0;0;69m█[38;2;47;47;123m█[38;2;255;255;246m█[38;2;255;255;249m█[38;2;249;249;249m█[38;2;255;255;255m██[38;2;253;253;253m█████████[38;2;254;255;245m█[38;2;255;255;247m█[38;2;47;47;123m█[38;2;0;0;69m█[38;2;6;6;116m█[38;2;5;5;115m█[38;2;13;15;4m██[38;2;13;13;16m██
██[38;2;13;15;6m██[38;2;4;4;125m█[38;2;5;5;126m█[38;2;0;0;34m█[38;2;131;132;180m█[38;2;255;255;255m█[38;2;187;188;180m█[38;2;25;25;25m█[38;2;123;123;123m█[38;2;242;242;242m█[38;2;255;255;255m█[38;2;254;254;254m█[38;2;253;253;253m█[38;2;254;254;254m█[38;2;255;255;255m█████[38;2;254;255;247m█[38;2;255;255;255m█[38;2;131;132;180m█[38;2;0;0;34m█[38;2;5;5;129m█[38;2;4;4;127m█[38;2;13;15;6m██[38;2;13;13;16m██
██[38;2;13;13;9m██[38;2;4;4;127m██[38;2;0;0;24m█[38;2;187;186;218m█[38;2;255;255;255m█[38;2;198;198;194m█[38;2;12;12;12m█[38;2;0;0;0m█[38;2;32;32;32m█[38;2;164;164;164m█[38;2;253;253;253m█[38;2;254;254;254m█[38;2;253;253;253m█[38;2;231;231;231m█[38;2;228;228;228m█[38;2;229;229;229m█[38;2;228;228;228m█[38;2;229;229;229m█[38;2;252;252;247m█[38;2;255;255;255m█[38;2;186;185;217m█[38;2;0;0;24m█[38;2;4;4;129m██[38;2;13;13;9m██[38;2;13;13;16m██
██[38;2;13;13;9m██[38;2;4;4;125m█[38;2;2;2;123m█[38;2;0;0;26m█[38;2;207;207;233m█[38;2;255;255;255m██[38;2;243;243;243m█[38;2;101;101;101m█[38;2;0;0;0m██[38;2;111;111;111m█[38;2;255;255;255m█[38;2;158;158;158m█[38;2;0;0;0m█[38;2;4;4;4m███[38;2;0;0;0m█[38;2;129;129;126m█[38;2;255;255;255m█[38;2;205;205;232m█[38;2;0;0;26m█[38;2;2;2;123m█[38;2;5;5;126m█[38;2;13;13;9m██[38;2;13;13;16m██
██[38;2;13;13;9m██[38;2;4;4;125m█[38;2;2;2;123m█[38;2;0;0;25m█[38;2;208;208;233m█[38;2;255;255;255m█[38;2;255;255;253m█[38;2;188;188;188m█[38;2;54;54;54m█[38;2;0;0;0m█[38;2;5;5;5m█[38;2;154;154;154m█[38;2;255;255;255m█[38;2;188;188;188m█[38;2;55;55;55m█[38;2;58;58;58m███[38;2;53;53;53m█[38;2;167;167;165m█[38;2;255;255;255m█[38;2;208;208;233m█[38;2;0;0;25m█[38;2;2;2;123m█[38;2;4;4;125m█[38;2;13;13;9m██[38;2;13;13;16m██
██[38;2;13;13;9m██[38;2;4;4;125m█[38;2;2;2;123m█[38;2;0;0;25m█[38;2;208;208;233m█[38;2;255;255;255m█[38;2;175;175;173m█[38;2;0;0;0m██[38;2;88;88;88m█[38;2;219;219;219m█[38;2;255;255;255m█[38;2;252;252;252m█[38;2;255;255;255m████████[38;2;208;208;233m█[38;2;0;0;25m█[38;2;2;2;123m█[38;2;4;4;125m█[38;2;13;13;9m██[38;2;13;13;16m██
██[38;2;13;13;9m██[38;2;4;4;125m█[38;2;2;2;123m█[38;2;0;0;25m█[38;2;208;208;233m█[38;2;255;255;255m█[38;2;214;214;211m█[38;2;91;91;91m█[38;2;185;185;185m█[38;2;255;255;255m██[38;2;253;253;253m███[38;2;254;254;254m█████[38;2;253;253;251m█[38;2;255;255;255m█[38;2;208;208;233m█[38;2;0;0;25m█[38;2;2;2;123m█[38;2;4;4;125m█[38;2;13;13;9m██[38;2;13;13;16m██
██[38;2;13;13;9m██[38;2;4;4;125m█[38;2;2;2;123m█[38;2;0;0;25m█[38;2;208;208;233m█[38;2;255;255;255m█[38;2;255;255;254m█[38;2;255;255;255m██[38;2;253;253;253m██████████[38;2;253;253;251m█[38;2;255;255;255m█[38;2;208;208;233m█[38;2;0;0;25m█[38;2;2;2;123m█[38;2;4;4;125m█[38;2;13;13;9m██[38;2;13;13;16m██
██[38;2;13;13;9m██[38;2;4;4;125m█[38;2;2;2;123m█[38;2;0;0;25m█[38;2;208;208;233m█[38;2;255;255;255m█[38;2;253;253;251m█[38;2;253;253;253m████████████[38;2;253;253;251m█[38;2;255;255;255m█[38;2;208;208;233m█[38;2;0;0;25m█[38;2;2;2;123m█[38;2;4;4;125m█[38;2;13;13;9m██[38;2;13;13;16m██
██[38;2;13;13;9m██[38;2;4;4;125m█[38;2;2;2;123m█[38;2;0;0;25m█[38;2;208;208;233m█[38;2;255;255;255m█[38;2;253;253;251m█[38;2;253;253;253m████████████[38;2;253;253;251m█[38;2;255;255;255m█[38;2;208;208;233m█[38;2;0;0;25m█[38;2;2;2;123m█[38;2;4;4;125m█[38;2;13;13;9m██[38;2;13;13;16m██
██[38;2;13;13;9m██[38;2;4;4;125m█[38;2;2;2;123m█[38;2;0;0;25m█[38;2;208;208;233m█[38;2;255;255;255m█[38;2;253;253;251m█[38;2;253;253;253m████████████[38;2;253;253;251m█[38;2;255;255;255m█[38;2;208;208;233m█[38;2;0;0;25m█[38;2;2;2;123m█[38;2;4;4;125m█[38;2;13;13;9m██[38;2;13;13;16m██
██[38;2;13;13;9m██[38;2;4;4;125m█[38;2;2;2;123m█[38;2;0;0;25m█[38;2;208;208;233m█[38;2;255;255;255m█[38;2;253;253;251m█[38;2;253;253;253m████████████[38;2;253;253;251m█[38;2;255;255;255m█[38;2;208;208;233m█[38;2;0;0;25m█[38;2;2;2;123m█[38;2;4;4;125m█[38;2;13;13;9m██[38;2;13;13;16m██
██[38;2;13;13;9m██[38;2;4;4;125m█[38;2;2;2;123m█[38;2;1;1;26m█[38;2;208;208;233m█[38;2;255;255;255m█[38;2;253;253;251m█[38;2;253;253;253m████████████[38;2;253;253;251m█[38;2;255;255;255m█[38;2;208;208;233m█[38;2;1;1;26m█[38;2;2;2;123m█[38;2;4;4;125m█[38;2;13;13;9m██[38;2;13;13;16m██
██[38;2;13;13;9m██[38;2;5;4;125m█[38;2;4;3;124m█[38;2;0;0;24m█[38;2;204;204;231m█[38;2;255;255;255m█[38;2;253;253;251m█[38;2;253;253;253m██[38;2;254;254;254m██[38;2;253;253;253m████[38;2;254;254;254m██[38;2;253;253;253m██[38;2;253;253;251m█[38;2;255;255;255m█[38;2;205;205;232m█[38;2;0;0;24m█[38;2;2;2;123m█[38;2;4;4;125m█[38;2;13;13;9m██[38;2;13;13;16m██
██[38;2;13;15;6m██[38;2;5;5;120m█[38;2;6;6;122m█[38;2;0;0;28m█[38;2;133;132;173m█[38;2;255;255;255m█[38;2;255;255;251m█[38;2;254;254;254m█[38;2;255;255;255m████[38;2;254;254;254m██[38;2;255;255;255m████[38;2;254;254;254m█[38;2;255;255;251m█[38;2;255;255;255m█[38;2;137;136;176m█[38;2;0;0;28m█[38;2;6;6;122m█[38;2;5;5;120m█[38;2;13;15;6m██[38;2;13;13;16m██
██[38;2;13;15;6m██[38;2;8;6;97m█[38;2;9;8;98m█[38;2;1;0;87m█[38;2;2;1;88m█[38;2;169;171;159m█[38;2;254;255;244m█[38;2;255;255;254m█[38;2;201;201;198m█[38;2;74;75;65m█[38;2;66;67;56m█[38;2;189;189;187m█[38;2;255;255;253m██[38;2;190;190;188m█[38;2;65;66;55m█[38;2;72;73;62m█[38;2;201;201;198m█[38;2;255;255;255m█[38;2;254;255;244m█[38;2;173;174;162m█[38;2;4;3;88m█[38;2;0;0;83m█[38;2;6;9;101m█[38;2;5;8;100m█[38;2;13;15;6m██[38;2;13;13;16m██
██[38;2;13;13;11m██[38;2;11;10;45m██[38;2;4;4;169m█[38;2;0;0;157m█[38;2;0;0;0m█[38;2;41;41;44m█[38;2;49;49;47m█[38;2;3;3;1m█[38;2;0;0;80m█[38;2;0;0;81m█[38;2;0;0;2m█[38;2;46;46;48m██[38;2;0;0;2m█[38;2;0;0;81m█[38;2;0;0;80m█[38;2;3;3;3m█[38;2;49;49;49m█[38;2;42;42;45m█[38;2;0;0;0m█[38;2;0;0;157m█[38;2;4;4;169m█[38;2;11;10;47m██[38;2;13;13;11m██[38;2;13;13;16m██
████[38;2;13;15;6m██[38;2;4;4;129m█[38;2;6;6;131m█[38;2;0;0;192m█[38;2;0;0;181m█[38;2;0;0;165m█[38;2;0;0;174m█[38;2;1;1;216m██[38;2;0;0;178m█[38;2;0;0;168m██[38;2;0;0;178m█[38;2;1;1;214m██[38;2;0;0;174m█[38;2;0;0;165m█[38;2;0;0;179m█[38;2;0;0;188m█[38;2;6;6;133m█[38;2;4;4;131m█[38;2;13;15;6m██[38;2;13;13;16m████
████[38;2;13;13;13m██[38;2;13;13;17m██[38;2;6;6;116m██[38;2;6;6;124m██[38;2;11;11;32m██[38;2;6;6;118m████[38;2;11;11;32m██[38;2;6;6;124m██[38;2;6;6;116m██[38;2;13;13;17m██[38;2;13;13;13m██[38;2;13;13;16m████
██████[38;2;13;13;13m██[38;2;13;15;6m██[38;2;13;15;4m██[38;2;13;13;11m██[38;2;13;15;4m████[38;2;13;13;11m██[38;2;13;15;4m████[38;2;13;13;13m██[38;2;13;13;16m██████
████████████████████████████████
████████████████████████████████
████████████████████████████████