[38;2;13;13;16m██████████████[38;2;13;13;11m██[38;2;13;13;9m██[38;2;13;13;13m██[38;2;13;13;16m████████████
██████████[38;2;13;13;11m████[38;2;11;10;49m██[38;2;9;11;53m██[38;2;13;13;16m██[38;2;13;13;9m██[38;2;13;13;16m██████████
████████[38;2;13;13;9m██[38;2;11;11;32m██[38;2;3;3;171m██[38;2;0;0;217m█[38;2;0;0;215m██[38;2;0;0;216m█[38;2;2;1;186m██[38;2;12;11;52m█[38;2;11;10;51m█[38;2;13;15;6m██[38;2;13;13;16m████████
██████[38;2;13;13;13m██[38;2;13;12;22m██[38;2;2;1;186m██[38;2;0;0;137m█[38;2;0;0;123m█[38;2;0;0;17m█[38;2;0;0;23m█[38;2;0;0;20m█[38;2;0;0;16m█[38;2;0;0;95m█[38;2;0;0;105m█[38;2;0;0;197m█[38;2;3;1;201m█[38;2;11;10;45m██[38;2;13;13;9m██[38;2;13;13;16m██████
██████[38;2;13;15;4m██[38;2;4;4;133m█[38;2;6;6;136m█[38;2;1;1;127m█[38;2;0;0;108m█[38;2;18;17;4m█[38;2;96;95;82m█[38;2;161;162;154m█[38;2;193;194;186m█[38;2;197;197;193m█[38;2;178;178;173m█[38;2;127;126;111m█[38;2;49;48;33m█[38;2;0;0;73m█[38;2;0;0;81m█[38;2;3;3;168m██[38;2;13;13;13m██[38;2;13;13;16m██████
████[38;2;13;13;11m██[38;2;11;10;42m██[38;2;4;4;172m█[38;2;0;0;160m█[38;2;0;0;0m█[38;2;108;108;110m█[38;2;231;231;229m█[38;2;255;255;255m██████[38;2;254;254;254m█[38;2;174;175;164m█[38;2;32;33;22m█[38;2;0;0;122m█[38;2;4;3;144m█[38;2;9;9;84m█[38;2;8;8;83m█[38;2;13;15;6m██[38;2;13;13;16m████
████[38;2;13;15;4m██[38;2;5;5;115m█[38;2;6;6;116m█[38;2;0;0;87m█[38;2;0;0;82m█[38;2;165;166;154m█[38;2;255;255;255m██[38;2;253;253;253m██████[38;2;254;254;254m█[38;2;255;255;255m█[38;2;238;239;231m█[38;2;61;63;103m█[38;2;0;0;27m█[38;2;3;4;150m██[38;2;13;13;9m██[38;2;13;13;16m████
██████[38;2;5;4;147m█[38;2;2;1;144m█[38;2;0;0;10m█[38;2;152;152;173m█[38;2;255;255;255m█[38;2;254;254;252m█[38;2;253;253;253m█████████[38;2;255;255;255m█[38;2;245;245;240m█[38;2;51;51;46m█[38;2;0;0;126m█[38;2;6;5;146m█[38;2;11;11;40m██[38;2;13;13;11m██[38;2;13;13;16m██
██[38;2;13;13;11m██[38;2;11;11;40m██[38;2;6;5;140m█[38;2;0;0;117m█[38;2;82;83;75m█[38;2;255;255;255m█[38;2;254;254;254m█[38;2;253;253;253m███████████[38;2;255;255;253m█[38;2;208;209;197m█[38;2;0;0;93m█[38;2;1;2;97m█[38;2;9;9;84m█[38;2;8;8;83m█[38;2;13;15;6m██[38;2;13;13;16m██
██[38;2;13;13;9m██[38;2;9;9;70m█[38;2;10;10;72m█[38;2;2;3;104m█[38;2;0;0;95m█[38;2;204;205;194m█[38;2;255;255;252m█[38;2;253;253;253m█[38;2;255;255;255m████[38;2;253;253;253m███████[38;2;253;254;246m█[38;2;255;255;255m█[38;2;94;95;148m█[38;2;0;0;42m█[38;2;6;6;113m█[38;2;5;5;112m█[38;2;13;15;6m██[38;2;13;13;16m██
██[38;2;13;15;6m██[38;2;8;6;91m█[38;2;9;8;93m█[38;2;0;0;69m█[38;2;48;48;124m█[38;2;255;255;247m█[38;2;254;255;245m█[38;2;255;255;255m█[38;2;230;230;230m█[38;2;79;79;79m█[38;2;143;143;143m█[38;2;251;251;251m█[38;2;255;255;255m█[38;2;254;254;254m█[38;2;253;253;253m██[38;2;254;254;254m███[38;2;254;254;250m█[38;2;255;255;255m█[38;2;189;189;218m█[38;2;0;0;22m█[38;2;4;3;126m█[38;2;6;5;129m█[38;2;13;13;9m██[38;2;13;13;16m██
██[38;2;13;15;6m██[38;2;5;6;104m█[38;2;6;8;105m█[38;2;0;0;44m█[38;2;105;105;162m█[38;2;255;255;255m█[38;2;253;254;246m█[38;2;255;255;255m█[38;2;216;216;216m█[38;2;3;3;3m█[38;2;0;0;0m█[38;2;48;48;48m█[38;2;183;183;183m█[38;2;255;255;255m█[38;2;254;254;254m█[38;2;255;255;255m██[38;2;252;252;252m██[38;2;252;252;250m█[38;2;255;255;253m█[38;2;238;239;254m█[38;2;18;19;34m█[38;2;0;0;124m█[38;2;5;5;132m█[38;2;13;13;13m██[38;2;13;13;16m██
██[38;2;13;15;6m██[38;2;5;6;110m█[38;2;6;8;111m█[38;2;0;0;34m█[38;2;136;137;185m█[38;2;255;255;255m█[38;2;253;254;246m█[38;2;253;253;253m█[38;2;255;255;255m█[38;2;223;223;223m█[38;2;94;94;94m█[38;2;0;0;0m██[38;2;103;103;103m█[38;2;255;255;255m█[38;2;211;211;211m█[38;2;46;46;46m█[38;2;39;39;39m█[38;2;40;40;40m█[38;2;40;40;38m█[38;2;34;34;32m█[38;2;116;115;124m█[38;2;46;45;54m█[38;2;0;0;120m█[38;2;5;5;132m█[38;2;13;13;17m██[38;2;13;13;16m██
██[38;2;13;15;6m██[38;2;5;6;110m█[38;2;6;8;111m█[38;2;0;0;34m█[38;2;140;141;189m█[38;2;255;255;255m█[38;2;253;254;246m█[38;2;253;253;253m█[38;2;255;255;255m█[38;2;243;243;243m█[38;2;117;117;117m█[38;2;0;0;0m██[38;2;82;82;82m█[38;2;255;255;255m█[38;2;202;202;202m█[38;2;22;22;22m█[38;2;16;16;16m█[38;2;17;17;17m█[38;2;17;17;15m█[38;2;10;10;8m█[38;2;98;97;107m█[38;2;49;48;58m█[38;2;0;0;120m█[38;2;5;5;132m█[38;2;13;13;17m██[38;2;13;13;16m██
██[38;2;13;15;6m██[38;2;5;6;110m█[38;2;6;8;111m█[38;2;0;0;34m█[38;2;141;143;190m█[38;2;255;255;255m█[38;2;253;254;246m█[38;2;255;255;255m█[38;2;221;221;221m█[38;2;20;20;20m█[38;2;0;0;0m█[38;2;27;27;27m█[38;2;158;158;158m█[38;2;253;253;253m█[38;2;254;254;254m█[38;2;255;255;255m█[38;2;245;245;245m█[38;2;238;238;238m█[38;2;239;239;239m█[38;2;239;239;237m█[38;2;240;240;238m█[38;2;251;250;255m█[38;2;42;41;51m█[38;2;0;0;119m█[38;2;5;5;132m█[38;2;13;13;17m██[38;2;13;13;16m██
██[38;2;13;15;6m██[38;2;5;6;110m█[38;2;6;8;111m█[38;2;0;0;34m█[38;2;143;144;192m█[38;2;255;255;255m█[38;2;253;254;246m█[38;2;255;255;255m█[38;2;222;222;222m█[38;2;51;51;51m█[38;2;117;117;117m█[38;2;239;239;239m█[38;2;255;255;255m██[38;2;253;253;253m██[38;2;255;255;255m███[38;2;255;255;254m█[38;2;255;255;255m█[38;2;251;250;255m█[38;2;40;39;48m█[38;2;0;0;120m█[38;2;5;5;132m█[38;2;13;13;17m██[38;2;13;13;16m██
██[38;2;13;15;6m██[38;2;5;5;112m█[38;2;6;6;113m█[38;2;0;0;32m█[38;2;146;147;193m█[38;2;255;255;255m█[38;2;253;254;246m█[38;2;253;253;253m█[38;2;255;255;255m████[38;2;253;253;253m███████[38;2;253;253;251m█[38;2;255;255;253m█[38;2;249;247;255m█[38;2;38;37;46m█[38;2;0;0;120m█[38;2;5;5;132m█[38;2;13;13;16m████
██[38;2;13;15;6m██[38;2;5;5;112m█[38;2;6;6;113m█[38;2;0;0;32m█[38;2;148;150;195m█[38;2;255;255;255m█[38;2;253;253;249m█[38;2;253;253;253m██[38;2;254;254;254m█[38;2;253;253;253m█████████[38;2;253;253;251m█[38;2;255;255;253m█[38;2;247;246;255m█[38;2;35;34;46m█[38;2;0;0;120m█[38;2;5;5;132m█[38;2;13;13;16m████
██[38;2;13;15;6m██[38;2;5;5;115m█[38;2;6;6;116m█[38;2;0;0;30m█[38;2;153;155;197m█[38;2;255;255;255m█[38;2;253;253;249m█[38;2;253;253;253m████████████[38;2;253;253;251m█[38;2;255;255;253m█[38;2;245;244;255m█[38;2;32;31;42m█[38;2;0;0;122m█[38;2;5;5;132m█[38;2;13;13;16m████
██[38;2;13;15;6m██[38;2;5;5;115m█[38;2;6;6;116m█[38;2;0;0;28m█[38;2;159;161;201m█[38;2;255;255;255m█[38;2;253;253;249m█[38;2;253;253;253m████████████[38;2;253;253;251m█[38;2;255;255;253m█[38;2;243;242;255m█[38;2;30;28;42m█[38;2;0;0;123m█[38;2;5;5;132m█[38;2;13;13;16m████
██[38;2;13;15;6m██[38;2;5;5;117m█[38;2;6;6;118m█[38;2;0;0;27m█[38;2;165;167;205m█[38;2;255;255;255m█[38;2;253;253;249m█[38;2;253;253;253m████████████[38;2;253;253;251m█[38;2;255;255;254m█[38;2;237;238;252m█[38;2;23;24;38m█[38;2;0;0;123m█[38;2;5;5;132m█[38;2;13;13;13m██[38;2;13;13;16m██
██[38;2;13;15;6m██[38;2;5;5;118m██[38;2;0;0;26m█[38;2;174;173;210m█[38;2;255;255;255m█[38;2;253;253;249m█[38;2;253;253;253m████████████[38;2;253;253;251m█[38;2;255;255;254m█[38;2;233;235;250m█[38;2;18;19;34m█[38;2;0;0;122m█[38;2;5;5;130m█[38;2;13;13;13m██[38;2;13;13;16m██
██[38;2;13;15;6m██[38;2;5;5;118m██[38;2;0;0;27m█[38;2;180;179;216m█[38;2;255;255;255m█[38;2;253;253;249m█[38;2;253;253;253m████████████[38;2;253;253;251m█[38;2;255;255;255m█[38;2;230;231;249m█[38;2;15;16;33m█[38;2;0;0;123m█[38;2;5;5;130m█[38;2;13;13;13m██[38;2;13;13;16m██
██[38;2;13;15;6m██[38;2;5;5;120m██[38;2;0;0;26m█[38;2;188;187;222m█[38;2;255;255;255m█[38;2;253;253;249m█[38;2;253;253;253m████████████[38;2;253;253;251m█[38;2;255;255;255m█[38;2;226;228;245m█[38;2;11;12;30m█[38;2;0;0;124m█[38;2;5;5;130m█[38;2;13;13;11m██[38;2;13;13;16m██
██[38;2;13;15;6m██[38;2;4;5;123m██[38;2;0;0;23m█[38;2;183;182;215m█[38;2;255;255;255m█[38;2;255;255;251m█[38;2;253;253;253m████[38;2;255;255;255m██[38;2;253;253;253m████[38;2;255;255;255m██[38;2;253;253;251m█[38;2;255;255;255m█[38;2;216;216;239m█[38;2;3;3;26m█[38;2;1;1;124m█[38;2;5;5;129m█[38;2;13;13;11m██[38;2;13;13;16m██
██[38;2;13;15;6m██[38;2;5;5;117m█[38;2;6;6;118m█[38;2;0;0;39m█[38;2;97;98;148m█[38;2;252;253;245m█[38;2;247;249;240m█[38;2;255;255;255m████[38;2;244;244;244m█[38;2;250;250;250m█[38;2;255;255;255m████[38;2;242;242;242m█[38;2;251;251;251m█[38;2;255;255;255m██[38;2;126;129;168m█[38;2;0;0;28m█[38;2;6;6;124m█[38;2;5;5;123m█[38;2;13;15;6m██[38;2;13;13;16m██
██[38;2;13;15;6m██[38;2;8;6;89m█[38;2;9;8;90m█[38;2;2;3;104m█[38;2;0;0;97m█[38;2;31;31;12m█[38;2;37;37;18m█[38;2;161;161;159m█[38;2;238;238;236m█[38;2;235;235;232m█[38;2;146;146;144m█[38;2;28;30;19m█[38;2;44;45;34m█[38;2;173;173;171m█[38;2;240;240;238m█[38;2;231;231;226m█[38;2;132;132;127m█[38;2;23;24;16m█[38;2;52;53;45m█[38;2;188;187;172m█[38;2;147;146;131m█[38;2;0;0;88m█[38;2;2;1;94m█[38;2;9;8;98m█[38;2;8;6;97m█[38;2;13;15;6m██[38;2;13;13;16m██
██[38;2;13;13;13m██[38;2;11;11;34m██[38;2;3;3;180m█[38;2;0;0;173m█[38;2;0;0;129m█[38;2;0;0;127m█[38;2;0;0;3m█[38;2;20;19;31m█[38;2;15;15;35m█[38;2;0;0;10m█[38;2;0;0;122m█[38;2;0;0;119m█[38;2;0;0;3m█[38;2;22;20;30m█[38;2;11;11;40m█[38;2;0;0;18m█[38;2;0;0;118m█[38;2;0;0;112m█[38;2;0;0;24m█[38;2;0;0;23m█[38;2;0;0;167m█[38;2;4;3;176m█[38;2;11;11;38m██[38;2;13;13;11m██[38;2;13;13;16m██
████[38;2;13;15;6m██[38;2;5;6;104m█[38;2;6;8;105m█[38;2;0;1;200m██[38;2;0;0;201m█[38;2;0;0;194m█[38;2;0;0;195m█[38;2;0;0;201m█[38;2;2;0;196m█[38;2;3;1;197m█[38;2;0;0;200m█[38;2;0;0;194m█[38;2;0;0;195m█[38;2;0;1;202m█[38;2;2;0;196m██[38;2;0;0;221m█[38;2;0;0;222m█[38;2;6;6;113m█[38;2;5;5;112m█[38;2;13;15;6m██[38;2;13;13;16m████
██████[38;2;13;13;11m██[38;2;13;13;17m██[38;2;8;6;91m█[38;2;9;8;93m█[38;2;9;9;84m█[38;2;8;8;83m█[38;2;13;13;17m██[38;2;8;6;94m█[38;2;9;8;95m█[38;2;9;9;80m█[38;2;8;8;79m█[38;2;13;12;22m██[38;2;10;10;67m█[38;2;9;9;66m█[38;2;13;13;13m██[38;2;13;13;16m██████
████████[38;2;13;13;13m██[38;2;13;15;6m████[38;2;13;13;13m██[38;2;13;15;6m████[38;2;13;13;13m██[38;2;13;13;9m██[38;2;13;13;16m████████
████████████████████████████████