[38;2;13;13;16m████████████████████████████████
████████████████████████████████
████████████████████████████████
████████████████████████████████
████████████[38;2;13;13;11m██[38;2;13;15;6m████[38;2;13;13;11m██[38;2;13;13;16m████████████
██████████[38;2;13;15;6m██[38;2;11;11;32m██[38;2;8;6;94m█[38;2;9;8;95m██[38;2;8;6;94m█[38;2;11;11;32m██[38;2;13;15;6m██[38;2;13;13;16m██████████
████████[38;2;13;15;6m██[38;2;9;9;73m█[38;2;10;10;74m█[38;2;0;0;207m█[38;2;0;0;205m█[38;2;0;0;195m█[38;2;0;0;192m██[38;2;0;0;195m█[38;2;0;0;205m█[38;2;1;1;208m█[38;2;10;10;74m█[38;2;9;9;73m█[38;2;13;15;6m██[38;2;13;13;16m████████
██████[38;2;13;13;9m██[38;2;9;10;55m██[38;2;0;1;202m█[38;2;0;0;197m█[38;2;0;0;65m█[38;2;0;0;61m█[38;2;5;5;3m█[38;2;20;20;18m██[38;2;5;5;3m█[38;2;0;0;61m█[38;2;0;0;65m█[38;2;0;0;197m█[38;2;1;2;203m█[38;2;10;11;56m█[38;2;9;10;55m█[38;2;13;13;9m██[38;2;13;13;16m██████
██████[38;2;13;13;13m██[38;2;3;3;171m██[38;2;0;0;60m█[38;2;0;0;61m█[38;2;77;76;61m█[38;2;168;167;152m█[38;2;217;217;215m█[38;2;236;236;233m██[38;2;217;217;215m█[38;2;168;167;152m█[38;2;77;76;61m█[38;2;0;0;63m█[38;2;0;0;62m█[38;2;3;3;171m██[38;2;13;13;13m██[38;2;13;13;16m██████
████[38;2;13;15;6m██[38;2;8;8;79m█[38;2;9;9;80m█[38;2;4;3;141m█[38;2;0;0;119m█[38;2;40;41;30m█[38;2;194;195;183m█[38;2;255;255;255m████████[38;2;194;195;183m█[38;2;40;41;30m█[38;2;0;0;119m█[38;2;4;3;141m█[38;2;9;9;80m█[38;2;8;8;79m█[38;2;13;15;6m██[38;2;13;13;16m████
████[38;2;13;13;9m██[38;2;4;3;141m█[38;2;5;4;143m█[38;2;0;0;33m█[38;2;56;58;103m█[38;2;240;242;233m█[38;2;255;255;255m█[38;2;253;253;253m████████[38;2;255;255;255m█[38;2;240;242;233m█[38;2;55;56;102m█[38;2;0;0;33m█[38;2;5;4;143m█[38;2;4;3;141m█[38;2;13;13;9m██[38;2;13;13;16m████
██[38;2;13;13;13m██[38;2;11;11;32m██[38;2;5;4;147m█[38;2;0;0;132m█[38;2;33;33;31m█[38;2;237;237;235m█[38;2;255;255;255m█[38;2;253;253;253m██████████[38;2;255;255;255m█[38;2;237;237;235m█[38;2;33;33;31m█[38;2;0;0;132m█[38;2;4;6;148m█[38;2;11;11;32m██[38;2;13;13;13m██[38;2;13;13;16m██
██[38;2;13;13;9m██[38;2;9;9;68m██[38;2;4;4;113m█[38;2;0;0;95m█[38;2;179;180;168m█[38;2;255;255;255m█[38;2;253;253;253m████████████[38;2;255;255;255m█[38;2;179;180;168m█[38;2;0;0;95m█[38;2;4;4;113m█[38;2;10;10;69m█[38;2;9;9;68m█[38;2;13;13;9m██[38;2;13;13;16m██
██[38;2;13;15;6m██[38;2;8;6;97m█[38;2;9;8;98m█[38;2;0;0;66m█[38;2;49;49;123m█[38;2;255;255;249m█[38;2;254;255;245m█[38;2;253;253;253m████████████[38;2;254;255;245m█[38;2;255;255;247m█[38;2;49;49;123m█[38;2;0;0;66m█[38;2;9;8;98m█[38;2;8;6;97m█[38;2;13;15;6m██[38;2;13;13;16m██
██[38;2;13;15;6m██[38;2;5;5;115m█[38;2;6;6;116m█[38;2;0;0;32m█[38;2;133;134;180m█[38;2;255;255;255m█[38;2;253;254;246m█[38;2;253;253;253m████████████[38;2;253;254;246m█[38;2;255;255;255m█[38;2;132;133;179m█[38;2;0;0;32m█[38;2;6;6;116m█[38;2;5;5;115m█[38;2;13;15;6m██[38;2;13;13;16m██
██[38;2;13;13;9m██[38;2;5;5;120m█[38;2;4;4;119m█[38;2;0;0;24m█[38;2;187;186;218m█[38;2;255;255;255m█[38;2;253;253;249m█[38;2;253;253;253m████████████[38;2;253;253;249m█[38;2;255;255;255m█[38;2;187;186;218m█[38;2;0;0;24m█[38;2;5;5;123m██[38;2;13;13;9m██[38;2;13;13;16m██
██[38;2;13;13;9m██[38;2;4;4;125m█[38;2;2;2;123m█[38;2;0;0;26m█[38;2;205;205;232m█[38;2;255;255;255m█[38;2;253;253;251m█[38;2;254;254;254m█[38;2;255;255;255m███[38;2;253;253;253m████[38;2;255;255;255m███[38;2;253;253;253m█[38;2;253;253;251m█[38;2;255;255;255m█[38;2;205;205;232m█[38;2;0;0;26m█[38;2;2;2;123m█[38;2;5;5;126m█[38;2;13;13;9m██[38;2;13;13;16m██
██[38;2;13;13;9m██[38;2;4;4;125m█[38;2;2;2;123m█[38;2;0;0;25m█[38;2;207;207;232m█[38;2;255;255;255m█[38;2;254;254;252m█[38;2;246;246;246m█[38;2;196;196;196m█[38;2;189;189;189m█[38;2;233;233;233m█[38;2;255;255;255m█[38;2;253;253;253m██[38;2;255;255;255m█[38;2;215;215;215m█[38;2;187;187;187m█[38;2;208;208;208m█[38;2;253;253;253m█[38;2;253;253;251m█[38;2;255;255;255m█[38;2;208;208;233m█[38;2;0;0;25m█[38;2;2;2;123m█[38;2;5;5;126m█[38;2;13;13;9m██[38;2;13;13;16m██
██[38;2;13;13;9m██[38;2;4;4;125m█[38;2;2;2;123m█[38;2;0;0;26m█[38;2;207;207;233m█[38;2;255;255;255m██[38;2;160;160;160m█[38;2;0;0;0m██[38;2;83;83;83m█[38;2;255;255;255m█[38;2;253;253;253m█[38;2;255;255;255m█[38;2;236;236;236m█[38;2;15;15;15m█[38;2;0;0;0m██[38;2;217;217;217m█[38;2;255;255;255m██[38;2;208;208;233m█[38;2;0;0;25m█[38;2;2;2;123m█[38;2;4;4;125m█[38;2;13;13;9m██[38;2;13;13;16m██
██[38;2;13;13;9m██[38;2;4;4;125m█[38;2;2;2;123m█[38;2;0;0;26m█[38;2;207;207;233m█[38;2;255;255;255m██[38;2;221;221;221m█[38;2;110;110;110m█[38;2;101;101;101m█[38;2;182;182;182m█[38;2;255;255;255m█[38;2;253;253;253m█[38;2;254;254;254m█[38;2;251;251;251m█[38;2;143;143;143m█[38;2;100;100;100m█[38;2;130;130;130m█[38;2;244;244;244m█[38;2;255;255;253m█[38;2;255;255;255m█[38;2;208;208;233m█[38;2;0;0;25m█[38;2;2;2;123m█[38;2;4;4;125m█[38;2;13;13;9m██[38;2;13;13;16m██
██[38;2;13;13;9m██[38;2;4;4;125m█[38;2;2;2;123m█[38;2;0;0;26m█[38;2;207;207;233m█[38;2;255;255;255m█[38;2;253;253;251m█[38;2;255;255;255m████[38;2;253;253;253m████[38;2;255;255;255m███[38;2;254;254;254m█[38;2;253;253;251m█[38;2;255;255;255m█[38;2;208;208;233m█[38;2;0;0;25m█[38;2;2;2;123m█[38;2;4;4;125m█[38;2;13;13;9m██[38;2;13;13;16m██
██[38;2;13;13;9m██[38;2;4;4;125m█[38;2;2;2;123m█[38;2;0;0;26m█[38;2;207;207;233m█[38;2;255;255;255m█[38;2;253;253;251m█[38;2;253;253;253m████████████[38;2;253;253;251m█[38;2;255;255;255m█[38;2;208;208;233m█[38;2;0;0;25m█[38;2;2;2;123m█[38;2;4;4;125m█[38;2;13;13;9m██[38;2;13;13;16m██
██[38;2;13;13;9m██[38;2;4;4;125m█[38;2;2;2;123m█[38;2;0;0;26m█[38;2;207;207;233m█[38;2;255;255;255m█[38;2;253;253;251m█[38;2;253;253;253m████████████[38;2;253;253;251m█[38;2;255;255;255m█[38;2;208;208;233m█[38;2;0;0;25m█[38;2;2;2;123m█[38;2;4;4;125m█[38;2;13;13;9m██[38;2;13;13;16m██
██[38;2;13;13;9m██[38;2;4;4;125m█[38;2;2;2;123m█[38;2;0;0;25m█[38;2;209;209;235m█[38;2;255;255;255m█[38;2;253;253;251m█[38;2;253;253;253m████████████[38;2;253;253;251m█[38;2;255;255;255m█[38;2;209;209;235m█[38;2;0;0;25m█[38;2;2;2;123m█[38;2;4;4;125m█[38;2;13;13;9m██[38;2;13;13;16m██
██[38;2;13;13;9m██[38;2;4;4;127m██[38;2;0;0;23m█[38;2;179;178;210m█[38;2;255;255;255m█[38;2;253;253;249m█[38;2;253;253;253m█[38;2;254;254;254m█[38;2;255;255;255m███[38;2;253;253;253m██[38;2;255;255;255m███[38;2;254;254;254m█[38;2;253;253;253m█[38;2;253;253;249m█[38;2;255;255;255m█[38;2;178;176;209m█[38;2;0;0;22m█[38;2;4;4;127m██[38;2;13;13;9m██[38;2;13;13;16m██
██[38;2;13;15;4m██[38;2;4;5;123m█[38;2;5;6;124m█[38;2;0;0;54m█[38;2;51;51;112m█[38;2;245;246;236m█[38;2;255;255;255m███[38;2;176;176;172m█[38;2;169;169;165m█[38;2;251;251;251m█[38;2;255;255;255m██[38;2;251;251;251m█[38;2;169;169;165m█[38;2;175;175;171m█[38;2;255;255;255m███[38;2;245;246;236m█[38;2;51;51;112m█[38;2;0;0;54m█[38;2;6;8;125m█[38;2;4;5;123m█[38;2;13;15;4m██[38;2;13;13;16m██
██[38;2;13;15;6m██[38;2;8;6;89m█[38;2;9;8;90m█[38;2;2;4;141m█[38;2;0;0;122m█[38;2;44;44;25m█[38;2;143;143;124m█[38;2;152;153;143m█[38;2;68;69;59m█[38;2;0;0;6m█[38;2;0;0;4m█[38;2;56;58;49m█[38;2;147;148;140m██[38;2;56;58;49m█[38;2;0;0;4m█[38;2;0;0;6m█[38;2;67;68;58m█[38;2;151;152;141m█[38;2;143;143;124m█[38;2;44;44;25m█[38;2;0;0;120m█[38;2;5;4;141m█[38;2;9;8;90m█[38;2;8;6;89m█[38;2;13;15;6m██[38;2;13;13;16m██
██[38;2;13;13;13m██[38;2;13;12;27m██[38;2;0;1;200m██[38;2;0;0;89m█[38;2;0;0;79m█[38;2;0;0;63m█[38;2;0;0;69m█[38;2;0;0;208m█[38;2;0;0;209m█[38;2;0;0;79m█[38;2;0;0;70m██[38;2;0;0;79m█[38;2;0;0;209m█[38;2;0;0;208m█[38;2;0;0;73m█[38;2;0;0;66m█[38;2;0;0;79m█[38;2;0;0;88m█[38;2;0;1;200m██[38;2;11;12;27m██[38;2;13;13;13m██[38;2;13;13;16m██
████[38;2;13;15;6m██[38;2;8;6;94m█[38;2;9;8;95m█[38;2;0;0;239m█[38;2;0;0;238m█[38;2;0;0;236m█[38;2;0;0;237m█[38;2;2;2;175m██[38;2;0;0;233m█[38;2;0;0;232m██[38;2;0;0;233m█[38;2;2;2;173m██[38;2;0;0;237m█[38;2;0;0;236m█[38;2;0;0;238m█[38;2;0;0;239m█[38;2;9;8;95m█[38;2;8;6;94m█[38;2;13;15;6m██[38;2;13;13;16m████
██████[38;2;13;13;9m██[38;2;9;10;61m██[38;2;9;9;68m██[38;2;13;13;11m██[38;2;9;10;63m████[38;2;13;13;11m██[38;2;9;9;68m██[38;2;9;10;61m██[38;2;13;13;9m██[38;2;13;13;16m██████
████████[38;2;13;13;9m████[38;2;13;13;16m██[38;2;13;13;9m████[38;2;13;13;16m██[38;2;13;13;9m████[38;2;13;13;16m████████
████████████████████████████████