[38;2;13;13;16m██████████[38;2;13;13;13m██[38;2;13;13;9m██[38;2;11;10;47m██[38;2;10;10;69m█[38;2;9;9;68m█[38;2;11;11;32m██[38;2;13;15;6m██[38;2;13;13;16m██████████
████████[38;2;13;13;13m████[38;2;4;3;140m█[38;2;5;4;141m█[38;2;0;0;219m█[38;2;0;0;218m█[38;2;0;0;207m██[38;2;0;0;208m█[38;2;0;0;209m█[38;2;6;8;105m█[38;2;5;6;104m█[38;2;13;15;6m██[38;2;13;13;16m████████
████████[38;2;13;15;6m██[38;2;4;4;133m█[38;2;5;5;134m█[38;2;1;0;185m█[38;2;0;0;173m█[38;2;0;0;27m█[38;2;0;0;31m█[38;2;1;0;9m█[38;2;2;1;10m█[38;2;0;0;45m█[38;2;0;0;41m█[38;2;0;0;173m█[38;2;0;0;185m█[38;2;8;8;119m█[38;2;5;5;117m█[38;2;13;15;4m██[38;2;13;13;16m██████
██████[38;2;13;13;9m██[38;2;9;10;55m██[38;2;3;2;187m█[38;2;0;0;178m█[38;2;0;0;0m█[38;2;32;31;40m█[38;2;122;123;112m█[38;2;183;185;174m█[38;2;208;208;205m█[38;2;209;209;207m█[38;2;186;187;175m█[38;2;132;133;122m█[38;2;53;52;61m█[38;2;0;0;3m█[38;2;0;0;161m█[38;2;2;2;176m█[38;2;10;10;74m█[38;2;9;9;73m█[38;2;13;15;6m██[38;2;13;13;16m████
██████[38;2;13;15;6m██[38;2;4;3;140m█[38;2;6;5;143m█[38;2;0;0;77m█[38;2;0;0;69m█[38;2;123;124;112m█[38;2;245;246;235m█[38;2;255;255;255m██████[38;2;255;255;247m█[38;2;185;186;175m█[38;2;45;44;83m█[38;2;0;0;26m█[38;2;1;1;162m█[38;2;3;3;165m█[38;2;13;13;17m██[38;2;13;13;13m██[38;2;13;13;16m██
████[38;2;13;13;13m██[38;2;13;12;27m██[38;2;3;3;160m█[38;2;0;0;153m█[38;2;0;0;1m█[38;2;159;159;165m█[38;2;255;255;255m█[38;2;255;255;254m█[38;2;253;253;253m██████[38;2;254;254;254m█[38;2;255;255;255m█[38;2;250;251;239m█[38;2;100;101;89m█[38;2;0;0;102m█[38;2;3;3;124m█[38;2;9;9;82m█[38;2;8;8;81m█[38;2;13;15;6m██[38;2;13;13;16m██
████[38;2;13;13;9m██[38;2;9;9;66m█[38;2;10;10;67m█[38;2;5;4;125m█[38;2;0;0;101m█[38;2;120;122;110m█[38;2;255;255;255m█[38;2;254;254;254m█[38;2;253;253;253m█████████[38;2;255;255;253m█[38;2;255;255;255m█[38;2;101;100;139m█[38;2;0;0;26m█[38;2;5;4;139m██[38;2;13;13;9m██[38;2;13;13;16m██
████[38;2;13;15;6m██[38;2;8;6;100m█[38;2;9;8;101m█[38;2;0;0;73m█[38;2;26;26;103m█[38;2;244;245;235m█[38;2;255;255;247m█[38;2;253;253;253m█████[38;2;254;254;254m█[38;2;253;253;253m█████[38;2;255;255;255m█[38;2;252;252;250m█[38;2;52;52;49m█[38;2;0;0;124m█[38;2;6;5;143m█[38;2;11;12;30m██[38;2;13;13;13m██
[38;2;13;13;16m████[38;2;13;15;6m██[38;2;5;5;120m█[38;2;6;6;122m█[38;2;0;0;28m█[38;2;129;131;173m█[38;2;255;255;255m█[38;2;253;253;249m█[38;2;253;253;253m████[38;2;255;255;255m████[38;2;253;253;253m████[38;2;255;255;254m█[38;2;187;188;176m█[38;2;0;0;96m█[38;2;4;4;113m█[38;2;10;11;62m█[38;2;9;10;61m█[38;2;13;13;9m██
[38;2;13;13;16m████[38;2;13;13;11m██[38;2;5;5;130m█[38;2;2;2;126m█[38;2;0;0;22m█[38;2;205;205;229m█[38;2;255;255;255m█[38;2;253;253;251m█[38;2;253;253;253m███[38;2;255;255;255m█[38;2;201;201;201m█[38;2;54;54;54m█[38;2;152;152;152m█[38;2;253;253;253m█[38;2;255;255;255m█[38;2;253;253;253m███[38;2;255;255;247m█[38;2;255;255;246m█[38;2;41;41;120m█[38;2;0;0;74m█[38;2;9;9;88m█[38;2;8;8;87m█[38;2;13;15;6m██
[38;2;13;13;16m██████[38;2;5;5;132m█[38;2;0;0;123m█[38;2;26;25;39m█[38;2;240;239;253m█[38;2;255;255;254m█[38;2;253;253;251m█[38;2;253;253;253m███[38;2;255;255;255m█[38;2;192;192;192m█[38;2;0;0;0m██[38;2;54;54;54m█[38;2;188;188;188m█[38;2;255;255;255m█[38;2;253;253;253m█[38;2;255;255;255m█[38;2;249;250;242m█[38;2;255;255;251m█[38;2;97;97;157m█[38;2;0;0;47m█[38;2;8;9;104m█[38;2;5;6;102m█[38;2;13;15;6m██
[38;2;13;13;16m████[38;2;13;13;17m██[38;2;5;5;132m█[38;2;0;0;119m█[38;2;42;41;51m█[38;2;251;250;255m█[38;2;254;254;252m█[38;2;253;253;251m█[38;2;253;253;253m████[38;2;255;255;255m█[38;2;223;223;223m█[38;2;87;87;87m█[38;2;0;0;0m██[38;2;120;120;120m█[38;2;255;255;255m█[38;2;180;180;180m█[38;2;24;25;17m█[38;2;27;28;20m█[38;2;10;11;61m█[38;2;0;0;48m█[38;2;6;8;111m█[38;2;5;6;110m█[38;2;13;15;6m██
[38;2;13;13;16m████[38;2;13;13;17m██[38;2;5;5;132m█[38;2;0;0;119m█[38;2;46;45;54m█[38;2;252;251;255m█[38;2;254;254;252m█[38;2;253;253;251m█[38;2;253;253;253m████[38;2;255;255;255m█[38;2;221;221;221m█[38;2;84;84;84m█[38;2;0;0;0m██[38;2;123;123;123m█[38;2;255;255;255m█[38;2;181;181;181m█[38;2;26;27;19m█[38;2;30;31;23m█[38;2;11;12;60m█[38;2;0;0;45m█[38;2;6;8;111m█[38;2;5;6;110m█[38;2;13;15;6m██
[38;2;13;13;16m████[38;2;13;13;17m██[38;2;5;5;132m█[38;2;0;0;118m█[38;2;48;48;54m█[38;2;253;253;255m█[38;2;254;254;252m█[38;2;253;253;251m█[38;2;253;253;253m███[38;2;255;255;255m█[38;2;192;192;192m█[38;2;0;0;0m██[38;2;55;55;55m█[38;2;190;190;190m█[38;2;255;255;255m█[38;2;253;253;253m█[38;2;255;255;255m█[38;2;250;251;243m█[38;2;255;255;252m█[38;2;130;131;181m█[38;2;0;0;37m█[38;2;6;8;109m█[38;2;5;6;108m█[38;2;13;15;6m██
[38;2;13;13;16m████[38;2;13;13;19m██[38;2;5;5;132m█[38;2;0;0;118m█[38;2;53;53;59m█[38;2;255;255;255m█[38;2;254;254;254m█[38;2;253;253;253m████[38;2;255;255;255m█[38;2;202;202;202m█[38;2;58;58;58m█[38;2;154;154;154m█[38;2;254;254;254m█[38;2;255;255;255m█[38;2;253;253;253m███[38;2;255;255;249m█[38;2;255;255;255m█[38;2;127;129;180m█[38;2;0;0;38m█[38;2;6;8;109m█[38;2;5;6;108m█[38;2;13;15;6m██
[38;2;13;13;16m████[38;2;13;12;22m██[38;2;5;5;132m█[38;2;0;0;116m█[38;2;62;62;66m█[38;2;255;255;255m█[38;2;254;254;254m█[38;2;253;253;253m█████[38;2;255;255;255m████[38;2;253;253;253m████[38;2;253;254;246m█[38;2;255;255;255m█[38;2;116;117;171m█[38;2;0;0;41m█[38;2;6;8;105m█[38;2;5;6;104m█[38;2;13;15;6m██
[38;2;13;13;16m██[38;2;13;13;13m██[38;2;13;12;24m██[38;2;5;5;132m█[38;2;0;0;113m█[38;2;76;76;79m█[38;2;255;255;255m█[38;2;253;253;253m███████[38;2;254;254;254m█[38;2;253;253;253m██████[38;2;253;254;246m█[38;2;255;255;255m█[38;2;100;100;161m█[38;2;0;0;49m█[38;2;8;10;102m█[38;2;5;8;100m█[38;2;13;15;6m██
[38;2;13;13;16m██[38;2;13;13;13m██[38;2;11;12;27m██[38;2;5;5;132m█[38;2;0;0;111m█[38;2;96;96;96m█[38;2;255;255;255m█[38;2;253;253;253m██████████████[38;2;253;254;244m█[38;2;255;255;254m█[38;2;79;80;147m█[38;2;0;0;58m█[38;2;9;8;95m█[38;2;8;6;94m█[38;2;13;15;6m██
[38;2;13;13;16m██[38;2;13;13;13m██[38;2;11;11;32m██[38;2;5;5;130m█[38;2;0;0;107m█[38;2;123;123;118m█[38;2;255;255;255m█[38;2;253;253;253m██████████████[38;2;254;255;245m█[38;2;255;255;249m█[38;2;54;54;130m█[38;2;0;0;68m█[38;2;9;9;88m█[38;2;8;8;87m█[38;2;13;15;6m██
[38;2;13;13;16m██[38;2;13;13;11m██[38;2;11;11;40m██[38;2;6;6;124m█[38;2;0;0;100m█[38;2;155;157;148m█[38;2;255;255;255m█[38;2;253;253;253m██████████████[38;2;255;255;246m█[38;2;246;247;237m█[38;2;28;27;115m█[38;2;0;0;84m█[38;2;9;10;77m█[38;2;8;9;76m█[38;2;13;15;6m██
[38;2;13;13;16m██[38;2;13;13;11m██[38;2;11;10;51m██[38;2;5;5;117m█[38;2;0;0;100m█[38;2;192;193;182m█[38;2;255;255;253m█[38;2;253;253;253m██████████████[38;2;255;255;249m█[38;2;225;226;216m█[38;2;4;5;103m█[38;2;1;2;100m█[38;2;10;11;65m█[38;2;9;10;63m█[38;2;13;13;9m██
[38;2;13;13;16m██[38;2;13;13;9m██[38;2;9;10;63m█[38;2;10;11;65m█[38;2;2;3;103m██[38;2;223;224;214m█[38;2;255;255;250m█[38;2;253;253;253m██████████████[38;2;255;255;252m█[38;2;195;196;186m█[38;2;0;0;98m█[38;2;4;4;113m█[38;2;9;11;53m██[38;2;13;13;11m██
[38;2;13;13;16m██[38;2;13;13;9m██[38;2;9;9;76m█[38;2;10;10;77m█[38;2;0;0;84m█[38;2;27;26;113m█[38;2;246;247;237m█[38;2;255;255;246m█[38;2;253;253;253m██████████████[38;2;255;255;255m█[38;2;159;160;152m█[38;2;0;0;100m█[38;2;5;6;124m█[38;2;11;11;40m██[38;2;13;13;11m██
[38;2;13;13;16m██[38;2;13;15;6m██[38;2;8;6;89m█[38;2;9;8;90m█[38;2;0;0;68m█[38;2;58;58;133m█[38;2;255;255;251m█[38;2;253;254;244m█[38;2;253;253;253m██████████████[38;2;255;255;255m█[38;2;115;115;110m█[38;2;0;0;107m█[38;2;5;5;130m█[38;2;11;11;32m██[38;2;13;13;13m██
[38;2;13;13;16m██[38;2;13;15;6m██[38;2;8;6;100m█[38;2;9;8;101m█[38;2;0;0;72m█[38;2;39;39;116m█[38;2;255;255;247m██[38;2;253;253;253m█[38;2;255;255;255m████[38;2;253;253;253m██[38;2;255;255;255m████[38;2;253;253;253m█[38;2;254;254;252m█[38;2;255;255;255m█[38;2;244;244;250m█[38;2;33;33;39m█[38;2;0;0;131m█[38;2;5;4;143m█[38;2;13;12;22m██[38;2;13;13;13m██
[38;2;13;13;16m██[38;2;13;15;6m██[38;2;8;6;94m█[38;2;9;8;95m█[38;2;3;3;115m█[38;2;0;0;97m█[38;2;139;140;126m█[38;2;255;255;249m█[38;2;255;255;255m█[38;2;214;214;211m█[38;2;98;100;91m█[38;2;104;105;97m█[38;2;228;228;228m█[38;2;255;255;255m██[38;2;203;203;201m█[38;2;93;94;86m█[38;2;116;117;109m█[38;2;236;236;236m█[38;2;255;255;255m█[38;2;255;255;252m█[38;2;196;197;187m█[38;2;55;58;100m█[38;2;0;0;34m█[38;2;3;5;147m█[38;2;2;4;146m█[38;2;13;13;9m██[38;2;13;13;16m██
██[38;2;13;13;9m██[38;2;9;10;58m██[38;2;3;2;185m█[38;2;0;0;175m█[38;2;0;0;0m█[38;2;55;55;55m█[38;2;74;74;72m█[38;2;10;10;8m█[38;2;0;0;47m█[38;2;0;0;45m█[38;2;22;23;11m█[38;2;83;84;73m█[38;2;69;69;72m█[38;2;5;5;8m█[38;2;0;0;45m█[38;2;0;0;42m█[38;2;27;28;17m█[38;2;84;86;74m█[38;2;63;63;59m█[38;2;1;1;0m█[38;2;0;0;146m█[38;2;2;2;165m█[38;2;6;8;105m█[38;2;5;6;104m█[38;2;13;15;4m██[38;2;13;13;16m██
██[38;2;13;13;13m██[38;2;13;13;16m██[38;2;2;1;187m█[38;2;3;2;188m█[38;2;0;0;167m█[38;2;0;0;154m█[38;2;0;0;139m█[38;2;0;0;152m█[38;2;0;0;237m█[38;2;0;0;236m█[38;2;0;0;130m█[38;2;0;0;119m█[38;2;0;0;147m█[38;2;0;0;159m█[38;2;0;0;237m█[38;2;0;0;236m█[38;2;0;0;124m█[38;2;0;0;115m█[38;2;0;0;157m█[38;2;0;0;168m█[38;2;1;1;216m█[38;2;0;0;215m█[38;2;11;12;30m██[38;2;13;13;13m██[38;2;13;13;16m██
████[38;2;13;13;9m██[38;2;9;10;63m██[38;2;0;0;225m█[38;2;0;0;226m█[38;2;1;1;216m█[38;2;0;0;215m█[38;2;3;5;147m██[38;2;0;0;237m██[38;2;1;1;210m█[38;2;0;0;209m█[38;2;5;3;150m██[38;2;0;0;239m██[38;2;1;1;214m█[38;2;0;0;212m█[38;2;10;10;69m█[38;2;9;9;68m█[38;2;13;13;9m██[38;2;13;13;16m████
██████[38;2;13;13;9m██[38;2;11;11;38m██[38;2;11;11;37m██[38;2;13;15;6m██[38;2;11;10;51m██[38;2;11;11;37m██[38;2;13;13;9m██[38;2;11;10;51m██[38;2;11;11;32m██[38;2;13;15;6m██[38;2;13;13;16m██████
████████[38;2;13;13;11m████[38;2;13;13;16m██[38;2;13;13;9m██[38;2;13;13;11m██[38;2;13;13;16m██[38;2;13;13;9m██[38;2;13;13;11m██[38;2;13;13;16m████████
████████████████████████████████