[38;2;13;13;16m██████████[38;2;13;15;6m██[38;2;13;12;26m██[38;2;9;9;68m██[38;2;9;10;58m██[38;2;13;13;13m██[38;2;13;13;11m██[38;2;13;13;16m██████████
████████[38;2;13;15;6m██[38;2;8;8;79m██[38;2;0;0;210m█[38;2;1;1;211m█[38;2;0;0;244m██[38;2;0;0;242m██[38;2;3;3;166m██[38;2;11;12;27m██[38;2;13;13;11m██[38;2;13;13;16m████████
██████[38;2;13;15;6m██[38;2;9;9;76m██[38;2;0;0;233m█[38;2;0;0;232m█[38;2;0;0;150m█[38;2;0;0;140m█[38;2;0;0;62m██[38;2;0;0;87m█[38;2;0;0;91m█[38;2;0;0;211m█[38;2;0;0;217m█[38;2;3;3;176m█[38;2;2;2;175m█[38;2;13;13;13m████[38;2;13;13;16m██████
████[38;2;13;13;11m██[38;2;11;11;32m██[38;2;0;0;209m██[38;2;0;0;93m█[38;2;0;0;81m█[38;2;22;20;10m█[38;2;75;74;63m█[38;2;112;113;102m█[38;2;124;125;113m█[38;2;108;107;94m█[38;2;63;62;49m█[38;2;5;5;31m█[38;2;0;0;13m█[38;2;0;0;202m█[38;2;1;1;210m█[38;2;6;8;103m█[38;2;5;6;102m█[38;2;13;15;4m██[38;2;13;13;16m██████
████[38;2;13;15;4m██[38;2;4;3;136m█[38;2;5;4;137m█[38;2;3;2;143m█[38;2;0;0;120m█[38;2;34;33;20m█[38;2;155;154;141m█[38;2;236;236;233m█[38;2;255;255;255m█████[38;2;221;222;210m█[38;2;111;112;101m█[38;2;0;0;59m██[38;2;3;2;193m█[38;2;2;1;192m█[38;2;13;13;17m██[38;2;13;13;13m██[38;2;13;13;16m████
██[38;2;13;13;13m██[38;2;11;11;32m██[38;2;2;1;183m█[38;2;0;0;180m█[38;2;0;0;6m█[38;2;91;93;110m█[38;2;242;242;237m█[38;2;255;255;255m██[38;2;253;253;253m████[38;2;254;254;254m█[38;2;255;255;255m██[38;2;187;188;180m█[38;2;16;17;9m█[38;2;0;0;153m█[38;2;4;4;169m█[38;2;9;9;73m██[38;2;13;13;9m██[38;2;13;13;16m████
██[38;2;13;15;6m██[38;2;8;6;91m█[38;2;9;8;93m█[38;2;4;4;133m█[38;2;0;0;109m█[38;2;110;111;100m█[38;2;255;255;252m█[38;2;255;255;255m█[38;2;253;253;253m█████████[38;2;255;255;255m█[38;2;195;196;185m█[38;2;0;0;86m█[38;2;0;0;87m█[38;2;6;6;131m█[38;2;4;4;129m█[38;2;13;15;4m██[38;2;13;13;16m████
██[38;2;13;15;6m██[38;2;4;3;138m█[38;2;6;5;140m█[38;2;0;0;49m█[38;2;62;62;122m█[38;2;255;255;251m█[38;2;255;255;250m█[38;2;253;253;253m██████████[38;2;253;253;249m█[38;2;255;255;255m█[38;2;133;132;165m█[38;2;0;0;18m█[38;2;2;3;154m█[38;2;3;4;155m█[38;2;13;13;11m██[38;2;13;13;16m████
██[38;2;13;13;17m██[38;2;5;3;152m█[38;2;1;0;147m█[38;2;1;2;17m█[38;2;205;207;222m█[38;2;255;255;255m█[38;2;253;253;251m█[38;2;253;253;253m███████████[38;2;255;255;255m█[38;2;245;245;249m█[38;2;32;32;35m█[38;2;0;0;140m█[38;2;3;4;152m█[38;2;11;12;27m██[38;2;13;13;13m██[38;2;13;13;16m██
[38;2;13;13;13m██[38;2;11;11;32m██[38;2;5;4;143m█[38;2;0;0;124m█[38;2;74;74;72m█[38;2;255;255;255m█[38;2;253;253;253m██████████████[38;2;255;255;255m█[38;2;119;120;112m█[38;2;0;0;112m█[38;2;5;4;137m█[38;2;11;10;45m██[38;2;13;13;11m██[38;2;13;13;16m██
[38;2;13;13;11m██[38;2;11;10;45m██[38;2;5;5;129m█[38;2;0;0;104m█[38;2;158;159;151m█[38;2;255;255;255m█████[38;2;254;254;254m█[38;2;253;253;253m█████████[38;2;255;255;254m█[38;2;185;186;175m█[38;2;0;0;101m█[38;2;5;5;120m█[38;2;9;10;55m██[38;2;13;13;11m██[38;2;13;13;16m██
[38;2;13;13;11m██[38;2;11;10;51m██[38;2;5;5;118m█[38;2;0;0;103m█[38;2;101;102;91m█[38;2;120;122;111m█[38;2;117;117;117m██[38;2;113;113;113m█[38;2;139;139;139m█[38;2;245;245;245m█[38;2;255;255;255m█[38;2;253;253;253m████████[38;2;255;255;250m█[38;2;215;216;205m█[38;2;0;0;101m█[38;2;3;4;108m█[38;2;10;11;62m█[38;2;9;10;61m█[38;2;13;13;9m██[38;2;13;13;16m██
[38;2;13;13;11m██[38;2;11;10;53m██[38;2;5;5;115m█[38;2;0;0;103m█[38;2;0;0;0m██████[38;2;216;216;216m█[38;2;255;255;255m█[38;2;253;253;253m████████[38;2;255;255;250m█[38;2;222;223;212m█[38;2;1;2;102m█[38;2;2;3;103m█[38;2;10;11;65m█[38;2;9;10;63m█[38;2;13;13;9m██[38;2;13;13;16m██
[38;2;13;13;11m██[38;2;11;10;53m██[38;2;4;4;113m█[38;2;0;0;101m█[38;2;155;157;146m█[38;2;188;189;179m█[38;2;182;182;182m██[38;2;181;181;181m█[38;2;200;200;200m█[38;2;253;253;253m██████████[38;2;255;255;250m█[38;2;223;224;214m█[38;2;2;3;103m█[38;2;1;2;102m█[38;2;10;11;65m█[38;2;9;10;63m█[38;2;13;13;9m██[38;2;13;13;16m██
[38;2;13;13;11m██[38;2;11;10;51m██[38;2;4;4;116m█[38;2;0;0;100m█[38;2;197;198;188m█[38;2;255;255;255m█████[38;2;253;253;253m██████████[38;2;255;255;249m█[38;2;225;226;216m█[38;2;3;4;102m█[38;2;1;2;100m█[38;2;10;11;65m█[38;2;9;10;63m█[38;2;13;13;9m██[38;2;13;13;16m██
[38;2;13;13;11m██[38;2;11;10;49m██[38;2;5;5;117m█[38;2;0;0;98m█[38;2;187;188;178m█[38;2;255;255;253m█[38;2;253;253;253m██████████████[38;2;255;255;249m█[38;2;229;230;219m█[38;2;6;8;105m█[38;2;1;2;100m█[38;2;10;10;67m█[38;2;9;9;66m█[38;2;13;13;9m██[38;2;13;13;16m██
[38;2;13;13;11m██[38;2;11;10;47m██[38;2;5;5;118m█[38;2;0;0;97m█[38;2;179;180;169m█[38;2;255;255;254m█[38;2;253;253;253m██████████████[38;2;255;255;247m█[38;2;235;236;225m█[38;2;11;12;108m█[38;2;0;1;96m█[38;2;10;10;69m█[38;2;9;9;68m█[38;2;13;13;9m██[38;2;13;13;16m██
[38;2;13;13;11m██[38;2;11;10;45m██[38;2;6;6;122m█[38;2;0;0;98m█[38;2;168;169;161m█[38;2;255;255;255m█[38;2;253;253;253m██████████████[38;2;255;255;247m█[38;2;240;242;231m█[38;2;18;20;110m█[38;2;0;0;89m█[38;2;10;10;74m█[38;2;9;9;73m█[38;2;13;13;9m██[38;2;13;13;16m██
[38;2;13;13;13m██[38;2;11;11;40m██[38;2;6;6;124m█[38;2;0;0;100m█[38;2;154;155;147m█[38;2;255;255;255m█[38;2;253;253;253m██████████████[38;2;255;255;246m█[38;2;247;249;238m█[38;2;30;28;116m█[38;2;0;0;84m█[38;2;9;9;80m█[38;2;8;8;79m█[38;2;13;15;6m██[38;2;13;13;16m██
[38;2;13;13;13m██[38;2;11;11;37m██[38;2;6;5;129m█[38;2;0;0;104m█[38;2;136;136;131m█[38;2;255;255;255m█[38;2;253;253;253m██████████████[38;2;254;255;245m██[38;2;44;42;125m█[38;2;0;0;76m█[38;2;9;9;84m█[38;2;8;8;83m█[38;2;13;15;6m██[38;2;13;13;16m██
[38;2;13;13;13m██[38;2;11;11;32m██[38;2;5;5;130m█[38;2;0;0;107m█[38;2;115;115;112m█[38;2;255;255;255m█[38;2;253;253;253m██████████████[38;2;253;254;244m█[38;2;255;255;251m█[38;2;61;61;134m█[38;2;0;0;66m█[38;2;9;8;90m█[38;2;8;6;89m█[38;2;13;15;6m██[38;2;13;13;16m██
[38;2;13;13;13m██[38;2;13;12;26m██[38;2;5;5;132m█[38;2;0;0;111m█[38;2;94;94;94m█[38;2;255;255;255m█[38;2;253;253;253m██████████████[38;2;253;254;244m█[38;2;255;255;254m█[38;2;83;84;150m█[38;2;0;0;55m█[38;2;9;8;96m█[38;2;8;6;95m█[38;2;13;15;6m██[38;2;13;13;16m██
██[38;2;13;12;22m██[38;2;5;5;134m█[38;2;0;0;118m█[38;2;63;63;66m█[38;2;255;255;255m█[38;2;253;253;253m██[38;2;255;255;255m█[38;2;253;253;253m████[38;2;254;254;254m█[38;2;255;255;255m█[38;2;253;253;253m████[38;2;254;254;254m█[38;2;255;255;249m█[38;2;255;255;255m█[38;2;98;98;158m█[38;2;0;0;47m█[38;2;6;8;103m█[38;2;5;6;102m█[38;2;13;15;6m██[38;2;13;13;16m██
██[38;2;13;13;13m██[38;2;5;5;134m█[38;2;1;1;130m█[38;2;1;2;19m█[38;2;198;200;217m█[38;2;255;255;255m██[38;2;247;247;247m█[38;2;255;255;255m█████[38;2;249;249;249m█[38;2;255;255;255m█████[38;2;251;252;242m█[38;2;255;255;247m█[38;2;45;45;116m█[38;2;0;0;65m█[38;2;6;9;98m█[38;2;5;8;97m█[38;2;13;15;6m██[38;2;13;13;16m██
██[38;2;13;15;4m██[38;2;5;5;117m█[38;2;8;8;119m█[38;2;0;0;62m█[38;2;25;25;93m█[38;2;182;181;168m█[38;2;107;105;93m█[38;2;27;28;18m█[38;2;108;109;98m█[38;2;225;225;225m█[38;2;251;251;251m█[38;2;218;218;214m█[38;2;88;88;83m█[38;2;30;31;20m█[38;2;122;123;112m█[38;2;231;231;231m█[38;2;250;250;250m█[38;2;209;209;204m█[38;2;76;76;72m█[38;2;40;40;19m█[38;2;72;72;51m█[38;2;0;0;103m█[38;2;4;4;117m█[38;2;9;10;77m█[38;2;8;9;76m█[38;2;13;13;9m██[38;2;13;13;16m██
██[38;2;13;13;9m██[38;2;9;10;55m██[38;2;4;4;166m█[38;2;0;0;152m█[38;2;0;0;34m██[38;2;0;0;100m█[38;2;0;0;88m█[38;2;12;13;3m█[38;2;37;38;27m█[38;2;6;5;46m█[38;2;0;0;30m█[38;2;0;0;96m█[38;2;0;0;86m█[38;2;16;17;5m█[38;2;35;37;25m█[38;2;1;2;47m█[38;2;0;0;34m█[38;2;0;0;109m█[38;2;0;0;101m█[38;2;0;0;164m█[38;2;3;3;168m█[38;2;11;12;30m██[38;2;13;13;13m██[38;2;13;13;16m██
████[38;2;13;15;6m██[38;2;4;4;131m█[38;2;5;5;132m█[38;2;0;0;221m█[38;2;0;0;223m█[38;2;1;2;205m█[38;2;0;1;204m█[38;2;0;0;181m█[38;2;0;0;175m█[38;2;0;0;196m█[38;2;0;1;202m█[38;2;0;0;207m██[38;2;0;0;180m█[38;2;0;0;175m█[38;2;0;0;200m█[38;2;0;1;204m█[38;2;0;0;217m██[38;2;6;8;111m█[38;2;5;6;110m█[38;2;13;15;6m██[38;2;13;13;16m████
████[38;2;13;13;13m██[38;2;13;13;19m██[38;2;10;11;65m█[38;2;9;10;63m█[38;2;11;11;32m██[38;2;5;6;122m██[38;2;9;9;84m█[38;2;8;8;83m█[38;2;11;11;32m██[38;2;5;6;124m██[38;2;9;9;80m█[38;2;8;8;79m█[38;2;13;12;26m██[38;2;13;13;17m██[38;2;13;13;16m██████
██████[38;2;13;13;13m██[38;2;13;13;9m██[38;2;13;13;11m██[38;2;13;15;4m██[38;2;13;15;6m██[38;2;13;13;11m██[38;2;13;15;4m██[38;2;13;13;9m██[38;2;13;13;13m██[38;2;13;13;16m████████
████████████████████████████████
████████████████████████████████
████████████████████████████████