[38;2;13;13;16m████████████[38;2;13;13;11m██[38;2;13;15;4m████[38;2;13;13;9m██[38;2;13;13;16m████████████
██████████[38;2;13;15;6m██[38;2;11;11;34m██[38;2;6;8;111m██[38;2;6;6;124m██[38;2;10;11;59m█[38;2;9;10;58m█[38;2;13;15;6m██[38;2;13;13;16m██████████
████████[38;2;13;15;6m██[38;2;9;10;61m█[38;2;10;11;62m█[38;2;0;0;207m██[38;2;0;0;187m█[38;2;0;0;181m█[38;2;0;0;165m█[38;2;0;0;167m█[38;2;0;0;208m█[38;2;0;0;212m█[38;2;6;6;122m██[38;2;13;13;9m██[38;2;13;13;16m████████
██████[38;2;13;13;11m██[38;2;11;11;34m██[38;2;2;0;198m█[38;2;1;0;197m█[38;2;0;0;79m█[38;2;0;0;70m█[38;2;6;8;0m█[38;2;30;31;23m█[38;2;39;40;30m█[38;2;28;30;19m█[38;2;3;3;32m█[38;2;0;0;17m█[38;2;0;0;168m█[38;2;1;0;182m█[38;2;6;8;108m█[38;2;5;6;107m█[38;2;13;15;4m██[38;2;13;13;16m██████
██████[38;2;13;15;6m██[38;2;4;3;141m█[38;2;6;5;144m█[38;2;0;0;101m█[38;2;0;0;83m█[38;2;49;48;33m█[38;2;155;154;139m█[38;2;219;219;217m█[38;2;244;244;242m█[38;2;250;250;250m█[38;2;243;243;243m█[38;2;216;217;207m█[38;2;148;150;139m█[38;2;45;46;61m█[38;2;0;0;4m█[38;2;0;0;172m█[38;2;3;3;182m█[38;2;11;10;45m██[38;2;13;13;11m██[38;2;13;13;16m████
████[38;2;13;13;11m██[38;2;11;10;42m██[38;2;4;4;167m█[38;2;0;0;154m█[38;2;0;0;0m█[38;2;138;138;138m█[38;2;253;253;251m█[38;2;255;255;255m███████[38;2;253;254;243m█[38;2;146;147;136m█[38;2;0;0;76m█[38;2;0;0;72m█[38;2;6;5;138m█[38;2;4;3;136m█[38;2;13;15;6m██[38;2;13;13;16m████
████[38;2;13;15;4m██[38;2;5;6;104m█[38;2;6;8;105m█[38;2;1;0;93m█[38;2;0;0;84m█[38;2;171;172;160m█[38;2;255;255;255m██[38;2;253;253;253m███████[38;2;255;255;255m██[38;2;194;194;194m█[38;2;12;12;12m█[38;2;0;0;143m█[38;2;4;5;157m█[38;2;11;11;34m██[38;2;13;13;13m██[38;2;13;13;16m██
████[38;2;13;13;11m██[38;2;5;4;141m█[38;2;4;3;140m█[38;2;0;0;16m█[38;2;131;131;160m█[38;2;255;255;255m█[38;2;253;253;249m█[38;2;253;253;253m██████████[38;2;255;255;255m█[38;2;180;181;169m█[38;2;0;0;91m█[38;2;2;3;104m█[38;2;9;9;84m█[38;2;8;8;83m█[38;2;13;15;6m██[38;2;13;13;16m██
██[38;2;13;13;13m██[38;2;13;12;27m██[38;2;5;4;143m█[38;2;0;0;127m█[38;2;45;45;45m█[38;2;252;252;252m█[38;2;255;255;255m█[38;2;253;253;253m██[38;2;255;255;255m█[38;2;254;254;254m█[38;2;253;253;253m███████[38;2;253;254;246m█[38;2;255;255;255m█[38;2;97;98;148m█[38;2;0;0;38m█[38;2;6;6;122m█[38;2;5;5;120m█[38;2;13;15;6m██[38;2;13;13;16m██
██[38;2;13;13;11m██[38;2;11;10;49m██[38;2;6;6;124m█[38;2;0;0;100m█[38;2;152;153;143m█[38;2;255;255;255m█[38;2;253;253;253m██[38;2;254;254;254m█[38;2;232;232;232m█[38;2;255;255;255m██[38;2;253;253;253m██████[38;2;253;253;251m█[38;2;255;255;255m█[38;2;214;215;232m█[38;2;3;4;22m█[38;2;0;0;131m█[38;2;5;4;137m█[38;2;13;13;13m██[38;2;13;13;16m██
██[38;2;13;13;9m██[38;2;9;9;68m█[38;2;10;10;69m█[38;2;1;2;102m█[38;2;0;1;101m█[38;2;222;223;212m█[38;2;255;255;250m█[38;2;253;253;253m█[38;2;255;255;255m█[38;2;205;205;205m█[38;2;6;6;6m█[38;2;72;72;72m█[38;2;209;209;209m█[38;2;255;255;255m██[38;2;253;253;253m█[38;2;254;254;254m█[38;2;255;255;255m█████[38;2;63;63;66m█[38;2;0;0;120m█[38;2;5;4;137m█[38;2;13;12;22m██[38;2;13;13;13m██
[38;2;13;13;16m██[38;2;13;15;6m██[38;2;8;8;79m█[38;2;9;9;80m█[38;2;0;0;83m█[38;2;31;30;117m█[38;2;249;250;239m█[38;2;255;255;246m█[38;2;253;253;253m█[38;2;255;255;255m█[38;2;230;230;230m█[38;2;59;59;59m█[38;2;0;0;0m█[38;2;2;2;2m█[38;2;111;111;111m█[38;2;235;235;235m█[38;2;255;255;255m█[38;2;252;252;252m█[38;2;211;211;211m█[38;2;203;203;203m█[38;2;204;204;204m██[38;2;216;216;214m█[38;2;94;94;91m█[38;2;0;0;109m█[38;2;5;5;130m█[38;2;11;12;30m██[38;2;13;13;13m██
[38;2;13;13;16m██[38;2;13;15;6m██[38;2;8;8;84m█[38;2;9;9;86m█[38;2;0;0;74m█[38;2;46;46;125m█[38;2;255;255;246m█[38;2;254;255;245m█[38;2;253;253;253m██[38;2;255;255;255m██[38;2;145;145;145m█[38;2;0;0;0m██[38;2;61;61;61m█[38;2;255;255;255m█[38;2;181;181;181m█[38;2;0;0;0m██████[38;2;0;0;117m█[38;2;5;5;129m█[38;2;11;11;34m██[38;2;13;13;13m██
[38;2;13;13;16m██[38;2;13;15;6m██[38;2;8;8;84m█[38;2;9;9;86m█[38;2;0;0;70m█[38;2;48;48;125m█[38;2;255;255;246m█[38;2;254;255;245m█[38;2;253;253;253m█[38;2;254;254;254m██[38;2;173;173;173m█[38;2;45;45;45m█[38;2;0;0;0m█[38;2;15;15;15m█[38;2;153;153;153m█[38;2;255;255;255m█[38;2;223;223;223m█[38;2;97;97;97m█[38;2;89;89;89m█[38;2;90;90;90m██[38;2;97;97;93m█[38;2;58;58;53m█[38;2;0;0;112m█[38;2;5;5;129m█[38;2;11;11;34m██[38;2;13;13;13m██
[38;2;13;13;16m██[38;2;13;15;6m██[38;2;8;8;84m█[38;2;9;9;86m█[38;2;0;0;70m█[38;2;51;51;127m█[38;2;255;255;247m█[38;2;254;255;245m█[38;2;253;253;253m█[38;2;255;255;255m█[38;2;197;197;197m█[38;2;0;0;0m██[38;2;102;102;102m█[38;2;229;229;229m█[38;2;255;255;255m█[38;2;253;253;253m█[38;2;255;255;255m██████[38;2;133;133;129m█[38;2;0;0;104m█[38;2;5;5;129m█[38;2;11;11;34m██[38;2;13;13;13m██
[38;2;13;13;16m██[38;2;13;15;6m██[38;2;8;8;87m█[38;2;9;9;88m█[38;2;0;0;69m█[38;2;54;54;131m█[38;2;255;255;249m█[38;2;254;255;245m█[38;2;253;253;253m█[38;2;255;255;255m█[38;2;236;236;236m█[38;2;130;130;130m█[38;2;196;196;196m█[38;2;255;255;255m██[38;2;253;253;253m███████[38;2;255;255;255m█[38;2;123;123;118m█[38;2;0;0;107m█[38;2;5;5;130m█[38;2;11;11;34m██[38;2;13;13;13m██
[38;2;13;13;16m██[38;2;13;15;6m██[38;2;8;6;89m█[38;2;9;8;90m█[38;2;0;0;68m█[38;2;60;60;136m█[38;2;255;255;250m█[38;2;254;255;245m█[38;2;253;253;253m██[38;2;255;255;255m███[38;2;253;253;253m█████████[38;2;255;255;255m█[38;2;116;116;111m█[38;2;0;0;107m█[38;2;5;5;130m█[38;2;11;11;32m██[38;2;13;13;13m██
[38;2;13;13;16m██[38;2;13;15;6m██[38;2;8;6;91m█[38;2;9;8;93m█[38;2;0;0;65m█[38;2;67;67;140m█[38;2;255;255;252m█[38;2;253;254;244m█[38;2;253;253;253m██████████████[38;2;255;255;255m█[38;2;109;109;107m█[38;2;0;0;108m█[38;2;6;6;131m█[38;2;11;12;30m██[38;2;13;13;13m██
[38;2;13;13;16m██[38;2;13;15;6m██[38;2;8;6;94m█[38;2;9;8;95m█[38;2;0;0;58m█[38;2;76;77;145m█[38;2;255;255;253m█[38;2;253;254;244m█[38;2;253;253;253m██████████████[38;2;255;255;255m█[38;2;98;98;96m█[38;2;0;0;111m█[38;2;5;5;132m█[38;2;13;12;27m██[38;2;13;13;13m██
[38;2;13;13;16m██[38;2;13;15;6m██[38;2;8;6;97m█[38;2;10;9;100m█[38;2;0;0;53m█[38;2;90;90;154m█[38;2;255;255;255m█[38;2;253;254;246m█[38;2;253;253;253m██████████████[38;2;255;255;255m█[38;2;86;86;86m█[38;2;0;0;112m█[38;2;5;5;132m█[38;2;13;12;26m██[38;2;13;13;13m██
[38;2;13;13;16m██[38;2;13;15;6m██[38;2;8;5;102m█[38;2;9;6;103m█[38;2;0;0;47m█[38;2;104;104;164m█[38;2;255;255;255m█[38;2;253;254;246m█[38;2;253;253;253m██████████████[38;2;255;255;255m█[38;2;72;72;74m█[38;2;0;0;115m█[38;2;6;6;133m█[38;2;13;12;24m██[38;2;13;13;13m██
[38;2;13;13;16m██[38;2;13;15;6m██[38;2;5;6;107m█[38;2;6;8;108m█[38;2;0;0;41m█[38;2;120;122;175m█[38;2;255;255;255m█[38;2;253;254;246m█[38;2;253;253;253m█████████████[38;2;254;254;254m█[38;2;255;255;255m█[38;2;58;58;61m█[38;2;0;0;117m█[38;2;5;5;132m█[38;2;13;13;19m██[38;2;13;13;16m██
██[38;2;13;15;6m██[38;2;5;6;110m█[38;2;6;8;111m█[38;2;0;0;34m█[38;2;137;138;186m█[38;2;255;255;255m█[38;2;253;254;246m█[38;2;253;253;253m████████████[38;2;253;253;251m█[38;2;254;254;252m█[38;2;252;251;255m█[38;2;45;44;53m█[38;2;0;0;119m█[38;2;5;5;132m█[38;2;13;13;17m██[38;2;13;13;16m██
██[38;2;13;15;6m██[38;2;5;5;115m█[38;2;6;6;116m█[38;2;0;0;31m█[38;2;154;157;198m█[38;2;255;255;255m█[38;2;253;253;249m█[38;2;253;253;253m████████████[38;2;253;253;251m█[38;2;255;255;253m█[38;2;247;246;255m█[38;2;34;33;45m█[38;2;0;0;122m█[38;2;5;5;132m█[38;2;13;13;16m████
██[38;2;13;15;6m██[38;2;5;5;117m█[38;2;6;6;118m█[38;2;0;0;27m█[38;2;154;157;196m█[38;2;255;255;255m█[38;2;255;255;253m█[38;2;255;255;255m█[38;2;253;253;253m███[38;2;254;254;254m█[38;2;255;255;255m█[38;2;254;254;254m█[38;2;253;253;253m███[38;2;254;254;254m█[38;2;255;255;255m█[38;2;254;254;252m█[38;2;255;255;255m█[38;2;231;232;247m█[38;2;13;15;30m█[38;2;0;0;125m█[38;2;5;5;132m█[38;2;13;13;13m██[38;2;13;13;16m██
██[38;2;13;15;6m██[38;2;5;5;112m█[38;2;6;6;113m█[38;2;0;0;49m█[38;2;70;70;130m█[38;2;255;255;249m█[38;2;230;231;221m█[38;2;250;250;250m█[38;2;255;255;255m████[38;2;229;229;229m█[38;2;253;253;253m█[38;2;255;255;255m███[38;2;254;254;254m█[38;2;228;228;228m█[38;2;255;255;251m█[38;2;255;255;255m█[38;2;134;133;171m█[38;2;0;0;25m█[38;2;4;4;129m██[38;2;13;15;6m██[38;2;13;13;16m██
██[38;2;13;15;6m██[38;2;8;8;84m█[38;2;9;9;86m█[38;2;4;4;117m█[38;2;0;0;104m█[38;2;52;52;33m█[38;2;13;13;0m█[38;2;54;54;49m█[38;2;186;186;181m█[38;2;232;232;230m█[38;2;202;202;200m█[38;2;79;80;72m█[38;2;6;8;0m█[38;2;66;66;61m█[38;2;195;195;190m█[38;2;232;232;230m█[38;2;193;193;190m█[38;2;67;68;60m█[38;2;5;6;0m█[38;2;84;84;66m█[38;2;131;131;112m█[38;2;0;0;91m█[38;2;2;0;96m█[38;2;6;8;103m█[38;2;5;6;102m█[38;2;13;15;6m██[38;2;13;13;16m██
██[38;2;13;13;13m██[38;2;11;11;32m██[38;2;2;2;176m█[38;2;0;0;172m█[38;2;0;0;132m█[38;2;0;0;143m█[38;2;0;0;58m█[38;2;0;0;56m█[38;2;13;13;13m█[38;2;0;0;0m█[38;2;0;0;119m█[38;2;0;0;132m█[38;2;0;0;52m█[38;2;0;0;54m█[38;2;13;13;17m█[38;2;0;0;1m█[38;2;0;0;120m█[38;2;0;0;132m█[38;2;0;0;66m█[38;2;0;0;61m█[38;2;0;0;172m█[38;2;3;3;180m█[38;2;11;11;40m██[38;2;13;13;11m██[38;2;13;13;16m██
████[38;2;13;15;6m██[38;2;5;6;108m█[38;2;6;8;109m█[38;2;1;1;208m█[38;2;0;0;207m█[38;2;1;1;211m█[38;2;0;0;208m█[38;2;0;0;204m█[38;2;0;0;207m█[38;2;0;1;200m██[38;2;1;1;211m█[38;2;0;0;208m█[38;2;0;0;207m█[38;2;0;0;210m█[38;2;2;0;198m██[38;2;0;0;225m██[38;2;6;6;118m█[38;2;5;5;117m█[38;2;13;15;6m██[38;2;13;13;16m████
████████[38;2;13;13;19m██[38;2;9;10;63m█[38;2;10;11;65m█[38;2;9;6;108m██[38;2;13;12;26m██[38;2;9;9;66m█[38;2;10;10;67m█[38;2;6;8;103m██[38;2;13;12;26m██[38;2;11;10;49m██[38;2;13;13;16m████████
████████[38;2;13;13;13m██[38;2;13;13;9m██[38;2;13;15;4m██[38;2;13;13;13m██[38;2;13;13;9m██[38;2;13;15;4m██[38;2;13;13;13m██[38;2;13;13;11m██[38;2;13;13;16m████████
████████████████████████████████