[38;2;13;13;16m████████████████████████████████
████████████[38;2;13;13;9m██[38;2;13;15;6m██████[38;2;13;13;16m████████████
██████████[38;2;13;15;6m██[38;2;9;9;73m█[38;2;10;10;74m█[38;2;3;3;160m██[38;2;3;3;162m██[38;2;9;9;84m█[38;2;8;8;83m█[38;2;13;13;9m██[38;2;13;13;13m██[38;2;13;13;16m████████
████████[38;2;13;15;6m██[38;2;5;5;115m█[38;2;6;6;116m█[38;2;0;0;212m█[38;2;0;0;207m█[38;2;0;0;133m█[38;2;0;0;129m█[38;2;0;0;123m█[38;2;0;0;126m█[38;2;0;0;201m█[38;2;0;0;208m█[38;2;6;5;138m█[38;2;5;4;137m█[38;2;13;13;9m██[38;2;13;13;16m████████
██████[38;2;13;15;6m██[38;2;8;8;79m█[38;2;9;9;80m█[38;2;2;1;192m█[38;2;0;0;181m█[38;2;0;0;15m█[38;2;5;5;32m█[38;2;47;46;33m█[38;2;76;75;62m█[38;2;80;79;66m█[38;2;58;56;44m█[38;2;18;17;31m█[38;2;0;0;4m█[38;2;0;0;160m█[38;2;1;1;175m█[38;2;6;8;108m█[38;2;5;6;107m█[38;2;13;15;4m██[38;2;13;13;16m██████
████[38;2;13;13;13m██[38;2;13;13;19m██[38;2;2;2;175m█[38;2;1;1;174m█[38;2;0;0;28m█[38;2;17;16;56m█[38;2;132;133;122m█[38;2;221;222;210m█[38;2;253;253;253m█[38;2;255;255;255m███[38;2;233;235;226m█[38;2;165;166;158m█[38;2;47;48;66m█[38;2;0;0;5m█[38;2;0;0;172m█[38;2;3;3;180m█[38;2;11;11;37m██[38;2;13;13;11m██[38;2;13;13;16m████
████[38;2;13;15;6m██[38;2;8;8;87m█[38;2;9;9;88m█[38;2;3;3;127m█[38;2;0;0;104m█[38;2;72;73;59m█[38;2;230;231;217m█[38;2;255;255;255m██[38;2;254;254;254m█[38;2;253;253;253m██[38;2;254;254;254m█[38;2;255;255;255m██[38;2;253;254;243m█[38;2;130;131;119m█[38;2;0;0;82m█[38;2;1;0;93m█[38;2;8;8;119m█[38;2;5;5;117m█[38;2;13;15;4m██[38;2;13;13;16m████
████[38;2;13;13;9m██[38;2;4;3;141m█[38;2;5;4;143m█[38;2;0;0;27m█[38;2;79;77;118m█[38;2;254;254;250m█[38;2;255;255;255m█[38;2;253;253;253m████████[38;2;255;255;253m█[38;2;255;255;255m█[38;2;155;154;168m█[38;2;0;0;6m█[38;2;0;0;147m█[38;2;3;4;153m█[38;2;13;13;19m██[38;2;13;13;16m████
██[38;2;13;13;13m██[38;2;11;11;32m██[38;2;6;5;146m█[38;2;0;0;130m█[38;2;38;38;38m█[38;2;243;243;243m█[38;2;255;255;255m█[38;2;253;253;253m██████████[38;2;254;254;254m█[38;2;255;255;255m█[38;2;115;116;105m█[38;2;0;0;104m█[38;2;5;5;130m█[38;2;9;10;55m██[38;2;13;13;11m██[38;2;13;13;16m██
██[38;2;13;13;9m██[38;2;9;10;63m██[38;2;4;4;116m█[38;2;0;0;96m█[38;2;173;174;162m█[38;2;255;255;255m██[38;2;254;254;254m█[38;2;253;253;253m██████████[38;2;255;255;249m█[38;2;242;243;232m█[38;2;24;23;105m█[38;2;0;0;79m█[38;2;9;8;95m█[38;2;8;6;94m█[38;2;13;15;6m██[38;2;13;13;16m██
██[38;2;13;15;6m██[38;2;8;6;89m█[38;2;9;8;90m█[38;2;0;0;75m█[38;2;34;34;113m█[38;2;253;254;244m█[38;2;236;237;226m█[38;2;200;200;200m█[38;2;255;255;255m██[38;2;253;253;253m█████████[38;2;253;254;246m█[38;2;255;255;255m█[38;2;123;124;172m█[38;2;0;0;34m█[38;2;6;6;118m█[38;2;5;5;117m█[38;2;13;15;6m██[38;2;13;13;16m██
██[38;2;13;15;6m██[38;2;5;6;107m█[38;2;6;8;108m█[38;2;0;0;44m█[38;2;104;104;161m█[38;2;255;255;255m█[38;2;109;110;102m█[38;2;0;0;0m█[38;2;77;77;77m█[38;2;211;211;211m█[38;2;255;255;255m██[38;2;252;252;252m█[38;2;255;255;255m██████[38;2;255;255;253m█[38;2;255;255;255m█[38;2;198;198;225m█[38;2;0;0;23m█[38;2;3;3;126m█[38;2;5;5;129m█[38;2;13;13;9m██[38;2;13;13;16m██
██[38;2;13;15;6m██[38;2;5;5;115m█[38;2;6;6;116m█[38;2;0;0;30m█[38;2;148;151;193m█[38;2;255;255;255m█[38;2;205;205;201m█[38;2;54;54;54m█[38;2;0;0;0m█[38;2;4;4;4m█[38;2;116;116;116m█[38;2;240;240;240m█[38;2;255;255;255m█[38;2;217;217;217m█[38;2;159;159;159m█[38;2;161;161;161m██[38;2;160;160;160m█[38;2;168;168;168m█[38;2;240;240;238m█[38;2;255;255;255m█[38;2;230;231;246m█[38;2;15;16;31m█[38;2;0;0;123m█[38;2;5;5;130m█[38;2;13;13;13m██[38;2;13;13;16m██
██[38;2;13;15;6m██[38;2;5;5;117m█[38;2;6;6;118m█[38;2;0;0;28m█[38;2;167;166;207m█[38;2;255;255;255m███[38;2;83;83;83m█[38;2;0;0;0m██[38;2;146;146;146m█[38;2;255;255;255m█[38;2;80;80;80m█[38;2;0;0;0m█████[38;2;164;164;161m█[38;2;255;255;255m█[38;2;240;239;253m█[38;2;25;24;38m█[38;2;0;0;123m█[38;2;5;5;132m█[38;2;13;13;13m██[38;2;13;13;16m██
██[38;2;13;15;6m██[38;2;5;5;117m█[38;2;6;6;118m█[38;2;0;0;27m█[38;2;167;166;205m█[38;2;255;255;255m█[38;2;217;217;212m█[38;2;74;74;74m█[38;2;0;0;0m██[38;2;95;95;95m█[38;2;232;232;232m█[38;2;255;255;255m█[38;2;204;204;204m█[38;2;137;137;137m█[38;2;139;139;139m██[38;2;138;138;138m█[38;2;146;146;146m█[38;2;235;235;232m█[38;2;255;255;255m█[38;2;239;238;252m█[38;2;25;24;38m█[38;2;0;0;123m█[38;2;5;5;132m█[38;2;13;13;13m██[38;2;13;13;16m██
██[38;2;13;15;6m██[38;2;5;5;117m██[38;2;0;0;28m█[38;2;168;167;207m█[38;2;255;255;255m█[38;2;104;104;100m█[38;2;0;0;0m█[38;2;59;59;59m█[38;2;195;195;195m█[38;2;255;255;255m██[38;2;252;252;252m█[38;2;255;255;255m██████[38;2;255;255;253m██[38;2;239;238;252m█[38;2;24;23;37m█[38;2;0;0;124m█[38;2;5;5;132m█[38;2;13;13;13m██[38;2;13;13;16m██
██[38;2;13;15;6m██[38;2;5;5;117m██[38;2;0;0;28m█[38;2;169;168;208m█[38;2;255;255;255m█[38;2;223;223;218m█[38;2;180;180;180m█[38;2;253;253;253m█[38;2;255;255;255m█[38;2;253;253;253m█████████[38;2;253;253;251m█[38;2;255;255;254m█[38;2;236;237;251m█[38;2;20;22;35m█[38;2;0;0;122m█[38;2;5;5;130m█[38;2;13;13;13m██[38;2;13;13;16m██
██[38;2;13;15;6m██[38;2;5;5;117m██[38;2;0;0;28m█[38;2;172;171;210m█[38;2;255;255;255m█[38;2;255;255;253m█[38;2;255;255;255m█[38;2;254;254;254m█[38;2;253;253;253m██████████[38;2;253;253;251m█[38;2;255;255;254m█[38;2;235;236;251m█[38;2;19;20;35m█[38;2;0;0;122m█[38;2;5;5;130m█[38;2;13;13;13m██[38;2;13;13;16m██
██[38;2;13;15;6m██[38;2;5;5;118m██[38;2;0;0;26m█[38;2;175;174;211m█[38;2;255;255;255m█[38;2;253;253;249m█[38;2;253;253;253m████████████[38;2;253;253;251m█[38;2;255;255;254m█[38;2;233;235;250m█[38;2;18;19;34m█[38;2;0;0;122m█[38;2;5;5;130m█[38;2;13;13;13m██[38;2;13;13;16m██
██[38;2;13;15;6m██[38;2;5;5;118m██[38;2;0;0;27m█[38;2;178;176;214m█[38;2;255;255;255m█[38;2;253;253;249m█[38;2;253;253;253m████████████[38;2;253;253;251m█[38;2;255;255;254m█[38;2;231;232;247m█[38;2;16;17;32m█[38;2;0;0;123m█[38;2;5;5;130m█[38;2;13;13;13m██[38;2;13;13;16m██
██[38;2;13;15;6m██[38;2;4;5;118m██[38;2;0;0;25m█[38;2;182;181;216m█[38;2;255;255;255m█[38;2;253;253;249m█[38;2;253;253;253m████████████[38;2;253;253;251m█[38;2;255;255;255m█[38;2;229;230;247m█[38;2;13;15;32m█[38;2;0;0;123m█[38;2;5;5;130m█[38;2;13;13;11m██[38;2;13;13;16m██
██[38;2;13;15;6m██[38;2;4;5;120m██[38;2;0;0;26m█[38;2;186;185;219m█[38;2;255;255;255m█[38;2;253;253;249m█[38;2;253;253;253m████████████[38;2;253;253;251m█[38;2;255;255;255m█[38;2;225;226;244m█[38;2;11;12;30m█[38;2;0;0;124m█[38;2;5;5;130m█[38;2;13;13;11m██[38;2;13;13;16m██
██[38;2;13;13;9m██[38;2;4;5;120m█[38;2;3;4;119m█[38;2;0;0;25m█[38;2;190;189;222m█[38;2;255;255;255m█[38;2;253;253;249m█[38;2;253;253;253m████████████[38;2;253;253;251m█[38;2;255;255;255m█[38;2;223;223;244m█[38;2;9;9;30m█[38;2;0;0;124m█[38;2;5;5;130m█[38;2;13;13;11m██[38;2;13;13;16m██
██[38;2;13;13;9m██[38;2;4;5;123m█[38;2;3;4;122m█[38;2;0;0;24m█[38;2;195;195;224m█[38;2;255;255;255m█[38;2;253;253;249m█[38;2;253;253;253m████████████[38;2;253;253;251m█[38;2;255;255;255m█[38;2;221;221;242m█[38;2;8;8;28m█[38;2;0;0;123m█[38;2;5;5;129m█[38;2;13;13;11m██[38;2;13;13;16m██
██[38;2;13;13;9m██[38;2;5;5;123m██[38;2;0;0;24m█[38;2;190;189;222m█[38;2;255;255;255m█[38;2;253;253;249m█[38;2;254;254;254m█[38;2;255;255;255m█[38;2;254;254;254m█[38;2;253;253;253m███[38;2;254;254;254m█[38;2;255;255;255m█[38;2;253;253;253m████[38;2;254;254;252m█[38;2;255;255;255m█[38;2;211;211;235m█[38;2;1;1;24m█[38;2;2;2;125m█[38;2;5;5;129m█[38;2;13;13;9m██[38;2;13;13;16m██
██[38;2;13;15;6m██[38;2;5;5;117m█[38;2;6;6;118m█[38;2;0;0;35m█[38;2;104;105;153m█[38;2;255;255;255m█[38;2;255;255;254m█[38;2;255;255;255m█[38;2;242;242;242m█[38;2;255;255;255m█████[38;2;242;242;242m█[38;2;255;255;255m████[38;2;255;255;252m█[38;2;252;252;247m█[38;2;123;125;165m█[38;2;0;0;28m█[38;2;6;6;122m█[38;2;5;5;120m█[38;2;13;15;6m██[38;2;13;13;16m██
██[38;2;13;15;6m██[38;2;8;6;89m█[38;2;9;8;90m█[38;2;1;2;100m█[38;2;0;0;89m█[38;2;137;136;123m█[38;2;216;215;202m█[38;2;94;95;87m█[38;2;19;20;12m█[38;2;93;93;88m█[38;2;216;216;211m█[38;2;245;245;243m█[38;2;209;209;207m█[38;2;81;82;72m█[38;2;19;20;10m█[38;2;104;104;100m█[38;2;223;223;218m█[38;2;245;245;243m█[38;2;201;201;198m█[38;2;72;72;53m█[38;2;27;27;9m█[38;2;0;0;90m█[38;2;3;2;95m█[38;2;9;8;96m█[38;2;8;6;95m█[38;2;13;15;6m██[38;2;13;13;16m██
██[38;2;13;13;13m██[38;2;11;11;34m██[38;2;4;3;176m█[38;2;0;0;168m█[38;2;0;0;17m█[38;2;0;0;24m█[38;2;0;0;97m█[38;2;0;0;108m█[38;2;0;0;34m█[38;2;2;3;48m█[38;2;27;27;23m█[38;2;3;3;0m█[38;2;0;0;103m█[38;2;0;0;113m█[38;2;0;0;27m█[38;2;8;6;46m█[38;2;27;27;25m█[38;2;1;1;0m█[38;2;0;0;109m█[38;2;0;0;118m█[38;2;0;0;179m█[38;2;2;1;186m█[38;2;11;11;37m██[38;2;13;13;11m██[38;2;13;13;16m██
████[38;2;13;15;6m██[38;2;5;6;107m█[38;2;6;8;108m█[38;2;0;0;221m█[38;2;0;0;217m█[38;2;2;0;196m██[38;2;0;1;202m█[38;2;0;0;197m█[38;2;0;0;187m█[38;2;0;0;192m█[38;2;0;1;196m██[38;2;0;1;202m█[38;2;0;0;196m█[38;2;0;0;189m█[38;2;0;0;195m█[38;2;2;0;202m██[38;2;6;8;108m█[38;2;5;6;107m█[38;2;13;15;6m██[38;2;13;13;16m████
██████[38;2;13;13;13m██[38;2;9;9;70m█[38;2;10;10;72m█[38;2;13;12;27m██[38;2;9;9;66m█[38;2;10;10;67m█[38;2;9;6;103m██[38;2;13;12;22m██[38;2;9;9;70m█[38;2;10;10;72m█[38;2;6;9;101m██[38;2;13;12;22m██[38;2;13;13;9m██[38;2;13;13;16m██████
████████[38;2;13;13;9m██[38;2;13;13;13m██[38;2;13;13;9m██[38;2;13;15;4m██[38;2;13;13;13m██[38;2;13;13;9m██[38;2;13;15;4m██[38;2;13;13;13m██[38;2;13;13;16m████████
████████████████████████████████