[38;2;13;13;16m██████████[38;2;13;13;9m██[38;2;13;13;17m██[38;2;9;10;61m████[38;2;13;13;17m██[38;2;13;13;9m██[38;2;13;13;16m██████████
████████[38;2;13;15;6m██[38;2;11;10;49m██[38;2;2;1;187m██[38;2;0;0;214m█[38;2;0;0;211m██[38;2;0;0;214m█[38;2;2;1;189m██[38;2;10;12;51m█[38;2;9;11;49m█[38;2;13;15;6m██[38;2;13;13;16m████████
██████[38;2;13;13;11m██[38;2;11;11;38m██[38;2;0;1;198m█[38;2;0;0;197m█[38;2;0;0;104m█[38;2;0;0;94m█[38;2;0;0;10m█[38;2;0;1;18m█[38;2;0;1;16m█[38;2;0;0;8m█[38;2;0;0;94m█[38;2;0;0;104m█[38;2;0;0;197m█[38;2;0;1;198m█[38;2;11;11;38m██[38;2;13;13;11m██[38;2;13;13;16m██████
██████[38;2;13;13;9m██[38;2;2;3;157m█[38;2;4;5;159m█[38;2;0;0;91m█[38;2;0;0;79m█[38;2;44;42;27m█[38;2;129;127;112m█[38;2;185;185;180m█[38;2;209;209;204m██[38;2;185;185;180m█[38;2;129;127;112m█[38;2;44;42;27m█[38;2;0;0;79m█[38;2;0;0;91m█[38;2;4;5;159m█[38;2;3;4;158m█[38;2;13;13;9m██[38;2;13;13;16m██████
████[38;2;13;13;9m██[38;2;9;9;66m██[38;2;3;4;155m█[38;2;0;0;136m█[38;2;17;18;8m█[38;2;158;159;148m█[38;2;252;252;252m█[38;2;255;255;255m██████[38;2;252;252;252m█[38;2;158;159;148m█[38;2;17;18;8m█[38;2;0;0;136m█[38;2;3;4;155m█[38;2;10;10;67m█[38;2;9;9;66m█[38;2;13;13;9m██[38;2;13;13;16m████
████[38;2;13;15;6m██[38;2;4;3;136m█[38;2;6;5;138m█[38;2;0;0;48m█[38;2;31;31;88m█[38;2;217;218;208m█[38;2;255;255;255m██[38;2;253;253;253m██████[38;2;255;255;255m██[38;2;217;218;208m█[38;2;31;31;88m█[38;2;0;0;48m█[38;2;6;5;138m█[38;2;4;3;136m█[38;2;13;15;6m██[38;2;13;13;16m████
██[38;2;13;13;13m██[38;2;13;12;27m██[38;2;3;4;150m█[38;2;0;0;138m█[38;2;17;17;19m█[38;2;217;217;219m█[38;2;255;255;255m█[38;2;253;253;253m██████████[38;2;255;255;255m█[38;2;217;217;219m█[38;2;17;17;19m█[38;2;0;0;138m█[38;2;4;5;151m█[38;2;13;12;27m██[38;2;13;13;13m██[38;2;13;13;16m██
██[38;2;13;13;9m██[38;2;9;10;61m██[38;2;5;5;120m█[38;2;0;0;97m█[38;2;157;158;146m█[38;2;255;255;255m█[38;2;253;253;253m████████████[38;2;255;255;255m█[38;2;157;158;146m█[38;2;0;0;97m█[38;2;5;5;120m█[38;2;10;11;62m█[38;2;9;10;61m█[38;2;13;13;9m██[38;2;13;13;16m██
██[38;2;13;15;6m██[38;2;8;6;94m█[38;2;9;8;95m█[38;2;0;0;72m█[38;2;37;37;113m█[38;2;251;252;242m█[38;2;255;255;246m█[38;2;253;253;253m████████████[38;2;255;255;246m█[38;2;251;252;242m█[38;2;37;37;113m█[38;2;0;0;72m█[38;2;9;8;95m█[38;2;8;6;94m█[38;2;13;15;6m██[38;2;13;13;16m██
██[38;2;13;15;6m██[38;2;5;5;112m█[38;2;6;6;113m█[38;2;0;0;37m█[38;2;122;123;173m█[38;2;255;255;255m█[38;2;253;254;246m█[38;2;253;253;253m████████████[38;2;253;254;246m█[38;2;255;255;255m█[38;2;122;123;173m█[38;2;0;0;37m█[38;2;6;6;113m█[38;2;5;5;112m█[38;2;13;15;6m██[38;2;13;13;16m██
██[38;2;13;15;6m██[38;2;5;5;120m██[38;2;0;0;25m█[38;2;181;180;215m█[38;2;255;255;255m█[38;2;254;254;250m█[38;2;255;255;255m████[38;2;254;254;254m█[38;2;253;253;253m██[38;2;255;255;255m█████[38;2;254;254;250m█[38;2;255;255;255m█[38;2;181;180;215m█[38;2;0;0;25m█[38;2;5;5;120m██[38;2;13;15;6m██[38;2;13;13;16m██
██[38;2;13;13;9m██[38;2;4;4;125m█[38;2;2;2;123m█[38;2;0;0;25m█[38;2;204;204;231m█[38;2;255;255;255m█[38;2;254;254;252m█[38;2;243;243;243m██[38;2;244;244;244m█[38;2;243;243;243m█[38;2;251;251;251m█[38;2;255;255;255m██[38;2;247;247;247m█[38;2;242;242;242m█[38;2;243;243;243m███[38;2;254;254;252m█[38;2;255;255;255m█[38;2;204;204;231m█[38;2;0;0;25m█[38;2;2;2;123m█[38;2;5;5;126m█[38;2;13;13;9m██[38;2;13;13;16m██
██[38;2;13;13;9m██[38;2;4;4;125m█[38;2;2;2;123m█[38;2;1;1;26m█[38;2;209;209;235m█[38;2;255;255;255m█[38;2;91;91;89m█[38;2;16;16;16m█[38;2;24;24;24m██[38;2;20;20;20m█[38;2;44;44;44m█[38;2;235;235;235m█[38;2;216;216;216m█[38;2;31;31;31m█[38;2;19;19;19m█[38;2;23;23;23m██[38;2;17;17;17m█[38;2;91;91;89m█[38;2;255;255;255m█[38;2;209;209;235m█[38;2;1;1;26m█[38;2;2;2;123m█[38;2;5;5;126m█[38;2;13;13;9m██[38;2;13;13;16m██
██[38;2;13;13;9m██[38;2;4;4;125m█[38;2;2;2;123m█[38;2;0;0;25m█[38;2;208;208;233m█[38;2;255;255;255m█[38;2;100;100;97m█[38;2;25;25;25m█[38;2;32;32;32m██[38;2;30;30;30m█[38;2;53;53;53m█[38;2;236;236;236m█[38;2;218;218;218m█[38;2;40;40;40m█[38;2;28;28;28m█[38;2;32;32;32m██[38;2;25;25;25m█[38;2;100;100;97m█[38;2;255;255;255m█[38;2;209;209;235m█[38;2;1;1;26m█[38;2;2;2;123m█[38;2;5;5;126m█[38;2;13;13;9m██[38;2;13;13;16m██
██[38;2;13;13;9m██[38;2;4;4;125m█[38;2;2;2;123m█[38;2;0;0;25m█[38;2;208;208;233m█[38;2;255;255;255m█[38;2;255;255;254m█[38;2;249;249;249m███[38;2;247;247;247m█[38;2;254;254;254m█[38;2;255;255;255m██[38;2;252;252;252m█[38;2;246;246;246m█[38;2;247;247;247m██[38;2;249;249;249m█[38;2;255;255;254m█[38;2;255;255;255m█[38;2;208;208;233m█[38;2;1;1;26m█[38;2;2;2;123m█[38;2;5;5;126m█[38;2;13;13;9m██[38;2;13;13;16m██
██[38;2;13;13;9m██[38;2;4;4;125m█[38;2;2;2;123m█[38;2;0;0;25m█[38;2;208;208;233m█[38;2;255;255;255m█[38;2;254;254;252m█[38;2;255;255;255m████[38;2;254;254;254m█[38;2;253;253;253m██[38;2;254;254;254m█[38;2;255;255;255m████[38;2;254;254;252m█[38;2;255;255;255m█[38;2;208;208;233m█[38;2;1;1;26m█[38;2;2;2;123m█[38;2;5;5;126m█[38;2;13;13;9m██[38;2;13;13;16m██
██[38;2;13;13;9m██[38;2;4;4;125m█[38;2;2;2;123m█[38;2;0;0;25m█[38;2;208;208;233m█[38;2;255;255;255m█[38;2;253;253;251m█[38;2;253;253;253m████████████[38;2;253;253;251m█[38;2;255;255;255m█[38;2;208;208;233m█[38;2;1;1;26m█[38;2;2;2;123m█[38;2;5;5;126m█[38;2;13;13;9m██[38;2;13;13;16m██
██[38;2;13;13;9m██[38;2;4;4;125m█[38;2;2;2;123m█[38;2;0;0;25m█[38;2;208;208;233m█[38;2;255;255;255m█[38;2;253;253;251m█[38;2;253;253;253m████████████[38;2;253;253;251m█[38;2;255;255;255m█[38;2;208;208;233m█[38;2;1;1;26m█[38;2;2;2;123m█[38;2;5;5;126m█[38;2;13;13;9m██[38;2;13;13;16m██
██[38;2;13;13;9m██[38;2;4;4;125m█[38;2;2;2;123m█[38;2;0;0;25m█[38;2;208;208;233m█[38;2;255;255;255m█[38;2;253;253;251m█[38;2;253;253;253m████████████[38;2;253;253;251m█[38;2;255;255;255m█[38;2;207;207;232m█[38;2;0;0;25m█[38;2;2;2;123m█[38;2;5;5;126m█[38;2;13;13;9m██[38;2;13;13;16m██
██[38;2;13;13;9m██[38;2;4;4;125m█[38;2;2;2;123m█[38;2;0;0;25m█[38;2;208;208;233m█[38;2;255;255;255m█[38;2;253;253;251m█[38;2;253;253;253m████████████[38;2;253;253;251m█[38;2;255;255;255m█[38;2;207;207;232m█[38;2;0;0;25m█[38;2;2;2;123m█[38;2;5;5;126m█[38;2;13;13;9m██[38;2;13;13;16m██
██[38;2;13;13;9m██[38;2;4;4;125m█[38;2;2;2;123m█[38;2;0;0;25m█[38;2;208;208;233m█[38;2;255;255;255m█[38;2;253;253;251m█[38;2;253;253;253m████████████[38;2;253;253;251m█[38;2;255;255;255m█[38;2;208;208;233m█[38;2;0;0;25m█[38;2;2;2;123m█[38;2;5;5;126m█[38;2;13;13;9m██[38;2;13;13;16m██
██[38;2;13;13;9m██[38;2;4;4;125m█[38;2;2;2;123m█[38;2;1;1;26m█[38;2;208;208;233m█[38;2;255;255;255m█[38;2;253;253;251m█[38;2;253;253;253m████████████[38;2;253;253;251m█[38;2;255;255;255m█[38;2;207;207;232m█[38;2;0;0;25m█[38;2;2;2;123m█[38;2;5;5;126m█[38;2;13;13;9m██[38;2;13;13;16m██
██[38;2;13;13;9m██[38;2;4;4;125m█[38;2;2;2;123m█[38;2;1;1;26m█[38;2;208;208;233m█[38;2;255;255;255m█[38;2;253;253;251m█[38;2;253;253;253m████████████[38;2;253;253;251m█[38;2;255;255;255m█[38;2;208;208;233m█[38;2;1;1;26m█[38;2;2;2;123m█[38;2;5;5;126m█[38;2;13;13;9m██[38;2;13;13;16m██
██[38;2;13;13;9m██[38;2;4;4;125m█[38;2;2;2;123m█[38;2;0;0;24m█[38;2;207;207;232m█[38;2;255;255;255m█[38;2;253;253;251m█[38;2;253;253;253m████████████[38;2;253;253;251m█[38;2;255;255;255m█[38;2;207;207;232m█[38;2;0;0;24m█[38;2;2;2;123m█[38;2;5;5;126m█[38;2;13;13;9m██[38;2;13;13;16m██
██[38;2;13;15;6m██[38;2;4;4;131m██[38;2;0;0;25m█[38;2;152;151;188m█[38;2;255;255;255m█[38;2;253;253;249m█[38;2;254;254;254m█[38;2;255;255;255m████[38;2;253;253;253m█[38;2;254;254;254m█[38;2;255;255;255m███[38;2;254;254;254m█[38;2;253;253;253m█[38;2;255;255;251m█[38;2;255;255;255m█[38;2;153;152;189m█[38;2;0;0;25m█[38;2;4;4;131m██[38;2;13;15;6m██[38;2;13;13;16m██
██[38;2;13;15;4m██[38;2;5;5;123m█[38;2;6;6;124m█[38;2;0;0;74m█[38;2;15;15;91m█[38;2;200;201;189m█[38;2;255;255;254m█[38;2;255;255;255m█[38;2;176;176;174m█[38;2;82;83;75m█[38;2;144;145;137m█[38;2;250;250;250m█[38;2;255;255;255m█[38;2;255;255;254m█[38;2;164;164;161m█[38;2;79;80;72m█[38;2;154;155;147m█[38;2;254;254;254m█[38;2;255;255;255m█[38;2;253;254;243m█[38;2;155;157;145m█[38;2;11;11;87m█[38;2;0;0;73m█[38;2;6;8;125m█[38;2;4;5;123m█[38;2;13;15;4m██[38;2;13;13;16m██
██[38;2;13;15;6m██[38;2;8;8;81m██[38;2;4;4;172m█[38;2;0;0;155m█[38;2;5;6;0m█[38;2;72;73;61m█[38;2;59;59;65m█[38;2;0;0;2m█[38;2;0;0;44m█[38;2;0;0;42m█[38;2;42;41;28m█[38;2;88;87;74m█[38;2;52;51;62m█[38;2;0;0;4m█[38;2;0;0;41m█[38;2;0;0;42m█[38;2;49;48;33m█[38;2;89;88;73m█[38;2;46;46;49m█[38;2;0;0;0m█[38;2;0;0;168m█[38;2;2;2;181m█[38;2;8;8;79m██[38;2;13;15;6m██[38;2;13;13;16m██
██[38;2;13;13;13m██[38;2;13;12;22m██[38;2;0;1;198m█[38;2;1;2;200m█[38;2;0;0;154m█[38;2;0;0;143m█[38;2;0;0;152m█[38;2;0;0;165m█[38;2;0;0;235m█[38;2;0;0;232m█[38;2;0;0;119m█[38;2;0;0;112m█[38;2;0;0;160m█[38;2;0;0;173m█[38;2;0;0;233m█[38;2;0;0;230m█[38;2;0;0;115m█[38;2;0;0;109m█[38;2;0;0;169m█[38;2;0;0;181m█[38;2;1;2;205m█[38;2;0;1;204m█[38;2;13;12;22m██[38;2;13;13;13m██[38;2;13;13;16m██
████[38;2;13;15;6m██[38;2;9;9;73m█[38;2;10;10;74m█[38;2;0;0;228m█[38;2;0;0;229m█[38;2;1;1;211m█[38;2;0;0;210m█[38;2;4;2;148m█[38;2;5;3;150m█[38;2;0;0;239m██[38;2;1;2;205m█[38;2;0;1;204m█[38;2;2;3;151m█[38;2;3;4;152m█[38;2;0;0;242m██[38;2;1;1;210m█[38;2;0;0;209m█[38;2;9;10;60m██[38;2;13;13;9m██[38;2;13;13;16m████
██████[38;2;13;13;9m██[38;2;11;11;40m██[38;2;11;11;37m██[38;2;13;13;9m██[38;2;11;10;51m█[38;2;12;11;52m█[38;2;11;11;32m██[38;2;13;13;9m██[38;2;11;10;53m█[38;2;12;11;54m█[38;2;11;11;32m██[38;2;13;13;9m██[38;2;13;13;16m██████
████████[38;2;13;13;11m████[38;2;13;13;16m██[38;2;13;13;9m██[38;2;13;13;11m██[38;2;13;13;16m██[38;2;13;13;9m██[38;2;13;13;11m██[38;2;13;13;16m████████
████████████████████████████████