[38;2;13;13;16m████████████████████████████████
████████████[38;2;13;15;6m██[38;2;13;13;11m████[38;2;13;15;6m██[38;2;13;13;13m██[38;2;13;13;16m██████████
████████[38;2;13;13;13m██[38;2;13;13;11m██[38;2;8;6;95m█[38;2;9;8;96m█[38;2;2;2;181m██[38;2;2;1;183m██[38;2;9;8;101m█[38;2;8;6;100m█[38;2;13;13;13m████[38;2;13;13;16m████████
████████[38;2;13;13;9m██[38;2;4;3;138m█[38;2;5;4;139m█[38;2;0;0;235m█[38;2;0;0;231m█[38;2;0;0;171m█[38;2;0;0;167m█[38;2;0;0;164m█[38;2;0;0;167m█[38;2;0;0;230m█[38;2;0;0;232m█[38;2;5;3;150m██[38;2;13;13;11m██[38;2;13;13;13m██[38;2;13;13;16m██████
██████[38;2;13;15;4m██[38;2;8;6;97m█[38;2;9;8;98m█[38;2;1;1;214m█[38;2;0;0;207m█[38;2;0;0;39m█[38;2;0;0;41m█[38;2;19;20;10m█[38;2;39;40;30m█[38;2;40;41;31m█[38;2;23;24;13m█[38;2;0;0;34m█[38;2;0;0;28m█[38;2;0;0;197m█[38;2;1;1;208m█[38;2;6;6;113m█[38;2;5;5;112m█[38;2;13;15;4m██[38;2;13;13;16m██████
████[38;2;13;13;13m██[38;2;13;12;27m██[38;2;2;0;196m██[38;2;0;0;45m█[38;2;0;1;54m█[38;2;97;98;84m█[38;2;190;192;178m█[38;2;235;235;235m█[38;2;250;250;250m█[38;2;251;251;251m█[38;2;238;238;238m█[38;2;200;201;189m█[38;2;113;115;103m█[38;2;12;11;52m█[38;2;0;0;30m█[38;2;0;0;197m█[38;2;0;1;200m█[38;2;11;11;37m██[38;2;13;13;11m██[38;2;13;13;16m████
████[38;2;13;15;4m██[38;2;8;5;104m█[38;2;9;6;105m█[38;2;4;3;141m█[38;2;0;0;118m█[38;2;52;51;38m█[38;2;209;208;195m█[38;2;255;255;255m████████[38;2;226;225;212m█[38;2;77;76;63m█[38;2;0;0;103m█[38;2;2;2;125m█[38;2;6;6;122m█[38;2;5;5;120m█[38;2;13;15;4m██[38;2;13;13;16m████
████[38;2;13;13;11m██[38;2;3;3;162m██[38;2;0;0;31m█[38;2;63;62;105m█[38;2;245;246;238m█[38;2;255;255;255m█[38;2;253;253;253m████████[38;2;255;255;255m█[38;2;255;255;254m█[38;2;98;98;125m█[38;2;0;0;13m█[38;2;2;2;167m█[38;2;3;3;168m█[38;2;13;13;17m██[38;2;13;13;16m████
██[38;2;13;13;11m██[38;2;11;11;38m██[38;2;4;5;157m█[38;2;0;0;140m█[38;2;32;32;30m█[38;2;238;238;236m█[38;2;255;255;255m█[38;2;253;253;253m██████████[38;2;255;255;255m█[38;2;255;255;250m█[38;2;66;67;59m█[38;2;0;0;129m█[38;2;6;4;151m█[38;2;9;11;53m██[38;2;13;13;11m██[38;2;13;13;16m██
██[38;2;13;13;9m██[38;2;9;9;74m█[38;2;10;10;75m█[38;2;4;4;119m█[38;2;0;0;101m█[38;2;178;179;167m█[38;2;255;255;255m█[38;2;253;253;253m████████████[38;2;255;255;252m█[38;2;212;214;202m█[38;2;0;0;98m█[38;2;1;2;102m█[38;2;9;8;93m█[38;2;8;6;91m█[38;2;13;15;6m██[38;2;13;13;16m██
██[38;2;13;15;6m██[38;2;5;6;102m█[38;2;6;8;103m█[38;2;0;0;72m█[38;2;38;38;115m█[38;2;230;231;221m█[38;2;255;255;253m█[38;2;255;255;255m█[38;2;253;253;253m███████████[38;2;253;254;246m█[38;2;255;255;255m█[38;2;83;83;145m█[38;2;0;0;51m█[38;2;6;6;116m█[38;2;5;5;115m█[38;2;13;15;4m██[38;2;13;13;16m██
██[38;2;13;15;6m██[38;2;5;5;117m█[38;2;6;6;118m█[38;2;0;0;49m█[38;2;17;18;69m█[38;2;9;10;2m█[38;2;101;102;94m█[38;2;229;229;229m█[38;2;255;255;255m██[38;2;253;253;253m█[38;2;255;255;255m██████[38;2;254;254;254m█[38;2;253;253;253m█[38;2;253;253;249m█[38;2;255;255;255m█[38;2;167;166;203m█[38;2;0;0;25m█[38;2;4;4;127m██[38;2;13;15;6m██[38;2;13;13;16m██
██[38;2;13;15;6m██[38;2;5;5;120m██[38;2;0;0;34m█[38;2;115;113;153m█[38;2;41;41;37m█[38;2;0;0;0m█[38;2;17;17;17m█[38;2;141;141;141m█[38;2;247;247;247m█[38;2;255;255;255m█[38;2;243;243;243m█[38;2;202;202;202m█[38;2;201;201;201m███[38;2;204;204;204m█[38;2;246;246;246m█[38;2;254;254;254m█[38;2;253;253;251m█[38;2;255;255;255m█[38;2;210;210;236m█[38;2;1;1;26m█[38;2;2;2;126m█[38;2;5;5;130m█[38;2;13;13;11m██[38;2;13;13;16m██
██[38;2;13;13;9m██[38;2;5;5;120m██[38;2;0;0;24m█[38;2;197;196;229m█[38;2;255;255;255m█[38;2;100;100;95m█[38;2;0;0;0m██[38;2;119;119;119m█[38;2;255;255;255m█[38;2;120;120;120m█[38;2;0;0;0m█████[38;2;139;139;139m█[38;2;255;255;255m█[38;2;253;253;251m█[38;2;255;255;255m█[38;2;223;223;244m█[38;2;9;9;30m█[38;2;0;0;124m█[38;2;5;5;130m█[38;2;13;13;11m██[38;2;13;13;16m██
██[38;2;13;13;9m██[38;2;5;5;120m█[38;2;4;4;119m█[38;2;0;0;26m█[38;2;180;179;211m█[38;2;146;146;141m█[38;2;19;19;15m█[38;2;0;0;0m█[38;2;40;40;40m█[38;2;196;196;196m█[38;2;255;255;255m█[38;2;193;193;193m█[38;2;93;93;93m█[38;2;95;95;95m███[38;2;94;94;94m█[38;2;203;203;203m█[38;2;255;255;255m█[38;2;253;253;251m█[38;2;255;255;255m█[38;2;224;224;245m█[38;2;10;10;31m█[38;2;0;0;123m█[38;2;5;5;129m█[38;2;13;13;11m██[38;2;13;13;16m██
██[38;2;13;13;9m██[38;2;5;5;120m█[38;2;4;4;119m█[38;2;5;4;37m█[38;2;76;75;108m█[38;2;0;0;0m█[38;2;12;12;8m█[38;2;139;139;139m█[38;2;249;249;249m█[38;2;255;255;255m█[38;2;252;252;252m█[38;2;255;255;255m███████[38;2;253;253;253m█[38;2;253;253;251m█[38;2;255;255;255m█[38;2;223;223;244m█[38;2;10;10;31m█[38;2;0;0;124m█[38;2;5;5;130m█[38;2;13;13;11m██[38;2;13;13;16m██
██[38;2;13;13;9m██[38;2;5;5;123m█[38;2;4;4;122m█[38;2;0;0;30m█[38;2;152;151;183m█[38;2;141;141;137m█[38;2;224;224;219m█[38;2;255;255;255m██[38;2;253;253;253m██████████[38;2;253;253;251m█[38;2;255;255;255m█[38;2;223;223;244m█[38;2;9;9;30m█[38;2;0;0;123m█[38;2;5;5;129m█[38;2;13;13;11m██[38;2;13;13;16m██
██[38;2;13;13;9m██[38;2;5;5;123m█[38;2;4;4;122m█[38;2;0;0;25m█[38;2;195;194;226m█[38;2;255;255;255m█[38;2;255;255;253m█[38;2;253;253;253m████████████[38;2;253;253;251m█[38;2;255;255;255m█[38;2;222;222;243m█[38;2;9;9;30m█[38;2;0;0;123m█[38;2;5;5;129m█[38;2;13;13;11m██[38;2;13;13;16m██
██[38;2;13;13;9m██[38;2;5;5;123m█[38;2;4;4;122m█[38;2;0;0;25m█[38;2;192;190;223m█[38;2;255;255;255m█[38;2;253;253;249m█[38;2;253;253;253m████████████[38;2;253;253;251m█[38;2;255;255;255m█[38;2;222;222;243m█[38;2;8;8;28m█[38;2;0;0;123m█[38;2;5;5;129m█[38;2;13;13;11m██[38;2;13;13;16m██
██[38;2;13;13;9m██[38;2;5;5;123m█[38;2;4;4;122m█[38;2;0;0;26m█[38;2;193;192;224m█[38;2;255;255;255m█[38;2;253;253;249m█[38;2;253;253;253m████████████[38;2;253;253;251m█[38;2;255;255;255m█[38;2;221;221;242m█[38;2;8;8;28m█[38;2;1;1;124m█[38;2;5;5;129m█[38;2;13;13;11m██[38;2;13;13;16m██
██[38;2;13;13;9m██[38;2;5;5;123m█[38;2;4;4;122m█[38;2;0;0;24m█[38;2;195;195;224m█[38;2;255;255;255m█[38;2;253;253;249m█[38;2;253;253;253m████████████[38;2;253;253;251m█[38;2;255;255;255m█[38;2;218;218;239m█[38;2;6;6;27m█[38;2;1;1;124m█[38;2;5;5;129m█[38;2;13;13;11m██[38;2;13;13;16m██
██[38;2;13;13;9m██[38;2;5;5;123m█[38;2;4;4;122m█[38;2;0;0;25m█[38;2;197;197;226m█[38;2;255;255;255m█[38;2;253;253;249m█[38;2;253;253;253m████████████[38;2;253;253;251m█[38;2;255;255;255m█[38;2;217;217;240m█[38;2;5;5;28m█[38;2;1;1;124m█[38;2;5;5;129m█[38;2;13;13;11m██[38;2;13;13;16m██
██[38;2;13;13;9m██[38;2;4;5;123m█[38;2;3;4;122m█[38;2;0;0;26m█[38;2;200;200;229m█[38;2;255;255;255m█[38;2;253;253;249m█[38;2;253;253;253m████████████[38;2;253;253;251m█[38;2;255;255;255m█[38;2;216;216;239m█[38;2;4;4;27m█[38;2;1;1;124m█[38;2;5;5;129m█[38;2;13;13;11m██[38;2;13;13;16m██
██[38;2;13;13;9m██[38;2;4;5;123m█[38;2;3;4;122m█[38;2;0;0;24m█[38;2;197;197;226m█[38;2;255;255;255m█[38;2;254;254;250m█[38;2;253;253;253m█████[38;2;254;254;254m█[38;2;253;253;253m█████[38;2;254;254;254m█[38;2;253;253;251m█[38;2;255;255;255m█[38;2;210;210;236m█[38;2;0;0;25m█[38;2;2;2;125m█[38;2;5;5;129m█[38;2;13;13;9m██[38;2;13;13;16m██
██[38;2;13;15;6m██[38;2;5;5;118m█[38;2;6;6;119m█[38;2;0;0;31m█[38;2;119;122;164m█[38;2;255;255;255m█[38;2;253;254;246m█[38;2;255;255;255m██[38;2;254;254;254m█[38;2;255;255;255m██[38;2;252;252;252m█[38;2;255;255;255m██[38;2;254;254;254m█[38;2;255;255;255m██[38;2;253;253;253m█[38;2;255;255;255m██[38;2;136;134;174m█[38;2;0;0;27m█[38;2;6;6;124m█[38;2;5;5;123m█[38;2;13;15;6m██[38;2;13;13;16m██
██[38;2;13;15;6m██[38;2;8;6;95m█[38;2;9;8;96m█[38;2;2;1;91m█[38;2;4;3;94m█[38;2;93;93;72m█[38;2;42;42;22m█[38;2;109;109;104m█[38;2;229;229;224m█[38;2;254;254;254m█[38;2;229;229;229m█[38;2;108;109;98m█[38;2;35;37;26m█[38;2;120;120;116m█[38;2;236;236;231m█[38;2;255;255;255m█[38;2;222;222;222m█[38;2;96;97;87m█[38;2;38;39;28m█[38;2;141;140;125m█[38;2;167;166;151m█[38;2;2;1;88m█[38;2;1;0;87m█[38;2;9;8;101m█[38;2;8;6;100m█[38;2;13;15;6m██[38;2;13;13;16m██
██[38;2;13;13;11m██[38;2;11;11;40m██[38;2;4;4;167m█[38;2;0;0;157m█[38;2;0;0;86m█[38;2;0;0;95m█[38;2;0;0;23m█[38;2;13;12;47m█[38;2;44;45;33m█[38;2;16;17;5m█[38;2;0;0;82m█[38;2;0;0;91m█[38;2;0;0;18m█[38;2;18;18;47m█[38;2;45;46;35m█[38;2;11;12;2m█[38;2;0;0;82m█[38;2;0;0;91m█[38;2;0;0;30m█[38;2;0;0;31m█[38;2;0;0;155m█[38;2;4;4;167m█[38;2;11;10;42m██[38;2;13;13;11m██[38;2;13;13;16m██
████[38;2;13;15;6m██[38;2;5;5;120m█[38;2;6;6;122m█[38;2;0;0;217m█[38;2;1;0;218m█[38;2;0;1;198m█[38;2;0;0;192m█[38;2;0;0;168m█[38;2;0;0;174m█[38;2;0;0;207m█[38;2;1;1;208m█[38;2;2;0;196m█[38;2;0;0;188m█[38;2;0;0;168m█[38;2;0;0;174m█[38;2;0;0;207m█[38;2;1;1;208m█[38;2;0;0;221m█[38;2;0;0;219m█[38;2;6;6;124m█[38;2;5;5;123m█[38;2;13;15;6m██[38;2;13;13;16m████
████[38;2;13;13;13m██[38;2;13;13;17m██[38;2;13;12;27m██[38;2;9;8;81m█[38;2;10;9;82m█[38;2;6;6;124m██[38;2;11;11;32m██[38;2;8;8;84m█[38;2;9;9;86m█[38;2;6;6;124m██[38;2;11;11;34m██[38;2;9;10;63m█[38;2;10;11;65m█[38;2;13;13;19m██[38;2;13;13;13m██[38;2;13;13;16m████
██████[38;2;13;13;13m████[38;2;13;15;6m██[38;2;13;15;4m██[38;2;13;13;11m██[38;2;13;15;6m██[38;2;13;15;4m██[38;2;13;13;11m██[38;2;13;13;9m██[38;2;13;13;13m██[38;2;13;13;16m██████
████████████████████████████████
████████████████████████████████