[38;2;13;13;16m██████████[38;2;13;15;6m██[38;2;11;11;34m██[38;2;8;8;87m██[38;2;8;8;79m██[38;2;13;12;22m██[38;2;13;13;9m██[38;2;13;13;16m██████████
████████[38;2;13;15;6m██[38;2;8;8;84m██[38;2;0;0;219m██[38;2;0;0;233m█[38;2;0;0;232m█[38;2;0;0;235m█[38;2;0;0;236m█[38;2;1;2;200m█[38;2;0;1;198m█[38;2;10;12;48m█[38;2;9;11;47m█[38;2;13;13;9m██[38;2;13;13;16m████████
██████[38;2;13;15;6m██[38;2;8;9;74m██[38;2;0;0;224m█[38;2;0;0;221m█[38;2;0;0;108m█[38;2;0;0;98m█[38;2;0;0;20m█[38;2;0;0;23m█[38;2;0;0;33m█[38;2;0;0;32m█[38;2;0;0;148m█[38;2;0;0;161m█[38;2;1;2;205m█[38;2;0;1;204m█[38;2;11;12;27m██[38;2;13;13;11m██[38;2;13;13;16m██████
████[38;2;13;13;13m██[38;2;13;12;26m██[38;2;0;1;198m██[38;2;0;0;72m█[38;2;0;0;67m█[38;2;47;46;31m█[38;2;119;118;103m█[38;2;165;166;158m█[38;2;182;183;175m█[38;2;173;174;164m█[38;2;134;136;125m█[38;2;65;66;55m█[38;2;0;1;0m█[38;2;0;0;140m█[38;2;2;2;159m█[38;2;6;5;143m█[38;2;4;3;140m█[38;2;13;15;4m██[38;2;13;13;16m██████
████[38;2;13;15;4m██[38;2;5;5;117m█[38;2;6;6;118m█[38;2;3;2;139m█[38;2;0;0;117m█[38;2;44;42;30m█[38;2;180;179;166m█[38;2;253;253;253m█[38;2;255;255;255m██████[38;2;202;202;197m█[38;2;61;62;77m█[38;2;0;0;3m█[38;2;0;0;185m█[38;2;3;2;190m█[38;2;11;11;40m██[38;2;13;13;11m██[38;2;13;13;16m████
██[38;2;13;13;13m██[38;2;13;13;19m██[38;2;3;2;173m█[38;2;1;0;171m█[38;2;0;0;12m█[38;2;88;88;113m█[38;2;246;246;242m█[38;2;255;255;255m█[38;2;254;254;254m█[38;2;253;253;253m█████[38;2;254;254;254m█[38;2;255;255;255m█[38;2;255;255;244m█[38;2;107;108;94m█[38;2;0;0;96m█[38;2;3;3;118m█[38;2;6;8;109m█[38;2;5;6;108m█[38;2;13;15;4m██[38;2;13;13;16m████
██[38;2;13;13;9m██[38;2;9;9;66m█[38;2;10;10;67m█[38;2;5;4;143m█[38;2;0;0;118m█[38;2;84;86;75m█[38;2;255;255;250m█[38;2;255;255;255m█[38;2;253;253;253m█████████[38;2;255;255;252m█[38;2;255;255;255m█[38;2;84;87;126m█[38;2;0;0;27m█[38;2;3;4;153m█[38;2;2;3;152m█[38;2;13;13;9m██[38;2;13;13;16m████
██[38;2;13;15;4m██[38;2;5;5;112m█[38;2;8;8;115m█[38;2;0;0;75m█[38;2;25;25;104m█[38;2;240;242;231m█[38;2;255;255;250m█[38;2;253;253;253m███████████[38;2;255;255;255m█[38;2;237;237;239m█[38;2;25;25;27m█[38;2;0;0;141m█[38;2;3;4;153m█[38;2;11;12;27m██[38;2;13;13;13m██[38;2;13;13;16m██
██[38;2;13;13;9m██[38;2;4;3;136m██[38;2;0;0;22m█[38;2;153;152;187m█[38;2;255;255;255m█[38;2;253;253;249m█[38;2;253;253;253m████████████[38;2;255;255;255m█[38;2;136;137;126m█[38;2;0;0;108m█[38;2;5;5;132m█[38;2;11;10;53m██[38;2;13;13;11m██[38;2;13;13;16m██
██[38;2;13;13;17m██[38;2;5;4;141m█[38;2;0;0;133m█[38;2;20;19;31m█[38;2;237;236;247m█[38;2;255;255;255m█[38;2;253;253;251m█[38;2;253;253;253m████████████[38;2;255;255;249m█[38;2;218;219;208m█[38;2;0;0;101m█[38;2;2;3;104m█[38;2;10;10;75m█[38;2;9;9;74m█[38;2;13;13;9m██[38;2;13;13;16m██
[38;2;13;13;13m██[38;2;13;12;24m██[38;2;5;4;137m█[38;2;0;0;119m█[38;2;73;73;75m█[38;2;255;255;255m██[38;2;253;253;253m█████████████[38;2;254;255;245m█[38;2;252;253;243m█[38;2;37;35;120m█[38;2;0;0;80m█[38;2;9;9;86m█[38;2;8;8;84m█[38;2;13;15;6m██[38;2;13;13;16m██
[38;2;13;13;13m██[38;2;11;12;27m██[38;2;5;5;132m█[38;2;0;0;119m█[38;2;22;22;19m█[38;2;54;54;52m█[38;2;122;122;122m█[38;2;255;255;255m█[38;2;254;254;254m█[38;2;253;253;253m███████████[38;2;253;254;244m█[38;2;255;255;251m█[38;2;62;62;136m█[38;2;0;0;65m█[38;2;9;8;93m█[38;2;8;6;91m█[38;2;13;15;6m██[38;2;13;13;16m██
[38;2;13;13;13m██[38;2;11;12;30m██[38;2;5;5;130m█[38;2;0;0;119m█[38;2;1;1;0m█[38;2;0;0;0m█[38;2;73;73;73m█[38;2;255;255;255m█[38;2;254;254;254m█[38;2;253;253;253m███████████[38;2;253;254;244m█[38;2;255;255;252m█[38;2;68;68;139m█[38;2;0;0;62m█[38;2;9;8;93m█[38;2;8;6;91m█[38;2;13;15;6m██[38;2;13;13;16m██
[38;2;13;13;13m██[38;2;11;12;30m██[38;2;5;5;130m█[38;2;0;0;109m█[38;2;96;96;94m█[38;2;239;239;237m█[38;2;246;246;246m█[38;2;254;254;254m█[38;2;253;253;253m████████████[38;2;253;254;244m█[38;2;255;255;252m█[38;2;68;68;139m█[38;2;0;0;62m█[38;2;9;8;93m█[38;2;8;6;91m█[38;2;13;15;6m██[38;2;13;13;16m██
[38;2;13;13;13m██[38;2;11;12;30m██[38;2;5;5;130m█[38;2;0;0;108m█[38;2;107;107;104m█[38;2;255;255;255m██[38;2;253;253;253m█████████████[38;2;253;254;244m█[38;2;255;255;253m█[38;2;70;70;141m█[38;2;0;0;61m█[38;2;9;8;93m█[38;2;8;6;91m█[38;2;13;15;6m██[38;2;13;13;16m██
[38;2;13;13;13m██[38;2;11;12;27m██[38;2;5;5;130m█[38;2;0;0;108m█[38;2;101;101;98m█[38;2;255;255;255m█[38;2;253;253;253m██████████████[38;2;253;254;244m█[38;2;255;255;253m█[38;2;74;74;145m█[38;2;0;0;61m█[38;2;9;8;95m█[38;2;8;6;94m█[38;2;13;15;6m██[38;2;13;13;16m██
[38;2;13;13;13m██[38;2;11;12;27m██[38;2;5;5;132m█[38;2;0;0;111m█[38;2;95;95;93m█[38;2;255;255;255m█[38;2;253;253;253m██████████████[38;2;253;254;244m█[38;2;255;255;254m█[38;2;79;80;147m█[38;2;0;0;58m█[38;2;9;8;96m█[38;2;8;6;95m█[38;2;13;15;6m██[38;2;13;13;16m██
[38;2;13;13;13m██[38;2;11;12;26m██[38;2;5;5;132m█[38;2;0;0;112m█[38;2;89;89;89m█[38;2;255;255;255m█[38;2;253;253;253m██████████████[38;2;253;254;246m█[38;2;255;255;255m█[38;2;86;87;152m█[38;2;0;0;54m█[38;2;9;8;98m█[38;2;8;6;97m█[38;2;13;15;6m██[38;2;13;13;16m██
[38;2;13;13;13m██[38;2;13;12;24m██[38;2;5;5;132m█[38;2;0;0;113m█[38;2;80;80;80m█[38;2;255;255;255m█[38;2;253;253;253m██████████████[38;2;253;254;246m█[38;2;255;255;255m█[38;2;96;96;158m█[38;2;0;0;49m█[38;2;9;8;101m█[38;2;8;6;100m█[38;2;13;15;6m██[38;2;13;13;16m██
[38;2;13;13;13m██[38;2;13;12;22m██[38;2;5;5;132m█[38;2;0;0;115m█[38;2;70;70;73m█[38;2;255;255;255m█[38;2;253;253;253m██████████████[38;2;253;254;246m█[38;2;255;255;255m█[38;2;107;107;166m█[38;2;0;0;47m█[38;2;6;8;103m█[38;2;5;6;102m█[38;2;13;15;6m██[38;2;13;13;16m██
██[38;2;13;13;19m██[38;2;5;5;132m█[38;2;0;0;117m█[38;2;59;59;62m█[38;2;255;255;255m█[38;2;254;254;254m█[38;2;253;253;253m█████████████[38;2;253;254;246m█[38;2;255;255;255m█[38;2;119;120;174m█[38;2;0;0;41m█[38;2;6;8;108m█[38;2;5;6;107m█[38;2;13;15;6m██[38;2;13;13;16m██
██[38;2;13;13;17m██[38;2;5;5;132m█[38;2;0;0;118m█[38;2;48;48;54m█[38;2;254;254;255m█[38;2;254;254;252m█[38;2;253;253;251m█[38;2;253;253;253m████████████[38;2;253;254;246m█[38;2;255;255;255m█[38;2;134;136;186m█[38;2;0;0;37m█[38;2;6;8;111m█[38;2;5;6;110m█[38;2;13;15;6m██[38;2;13;13;16m██
████[38;2;5;5;134m█[38;2;0;0;124m█[38;2;31;30;41m█[38;2;246;245;255m█[38;2;255;255;255m█[38;2;254;254;252m█[38;2;253;253;253m████[38;2;254;254;254m██[38;2;253;253;253m████[38;2;255;255;255m█[38;2;254;254;254m█[38;2;253;254;246m█[38;2;255;255;255m█[38;2;140;141;187m█[38;2;0;0;32m█[38;2;6;6;113m█[38;2;5;5;112m█[38;2;13;15;6m██[38;2;13;13;16m██
██[38;2;13;13;9m██[38;2;4;4;133m█[38;2;3;3;132m█[38;2;0;0;19m█[38;2;171;171;197m█[38;2;255;255;255m█[38;2;251;251;246m█[38;2;255;255;255m████[38;2;252;252;252m█[38;2;253;253;253m█[38;2;255;255;255m████[38;2;250;250;250m█[38;2;254;254;254m█[38;2;255;255;255m██[38;2;73;73;132m█[38;2;0;0;49m█[38;2;8;9;112m█[38;2;5;6;110m█[38;2;13;15;6m██[38;2;13;13;16m██
██[38;2;13;15;4m██[38;2;5;5;115m█[38;2;6;6;116m█[38;2;0;0;75m█[38;2;13;13;90m█[38;2;55;55;37m█[38;2;45;45;26m█[38;2;164;164;161m█[38;2;244;244;242m█[38;2;246;246;244m█[38;2;172;172;169m█[38;2;45;46;35m█[38;2;51;52;41m█[38;2;176;176;174m█[38;2;246;246;244m█[38;2;244;244;242m█[38;2;159;159;157m█[38;2;38;39;28m█[38;2;58;59;48m█[38;2;190;189;174m█[38;2;130;129;113m█[38;2;0;0;94m█[38;2;3;3;110m█[38;2;9;9;88m█[38;2;8;8;87m█[38;2;13;15;6m██[38;2;13;13;16m██
██[38;2;13;13;9m██[38;2;9;11;53m██[38;2;3;3;178m█[38;2;0;0;165m█[38;2;0;0;102m█[38;2;0;0;104m█[38;2;0;0;6m█[38;2;24;25;39m█[38;2;30;30;35m█[38;2;0;0;1m█[38;2;0;0;103m██[38;2;0;0;4m█[38;2;28;27;37m█[38;2;26;25;39m█[38;2;0;0;5m█[38;2;0;0;103m█[38;2;0;0;101m█[38;2;0;0;24m█[38;2;0;0;23m█[38;2;0;0;173m█[38;2;2;2;179m█[38;2;11;11;38m██[38;2;13;13;11m██[38;2;13;13;16m██
████[38;2;13;15;6m██[38;2;4;3;140m█[38;2;5;4;141m█[38;2;0;0;226m██[38;2;0;0;196m█[38;2;0;0;189m█[38;2;0;0;186m█[38;2;0;0;194m█[38;2;0;0;219m█[38;2;0;0;221m█[38;2;0;0;196m█[38;2;0;0;189m██[38;2;0;0;196m█[38;2;0;0;218m██[38;2;0;0;225m█[38;2;0;0;226m█[38;2;5;5;126m█[38;2;4;4;125m█[38;2;13;15;6m██[38;2;13;13;16m████
████[38;2;13;13;13m██[38;2;13;13;19m██[38;2;11;11;34m██[38;2;6;6;118m██[38;2;5;5;129m██[38;2;11;11;34m██[38;2;6;6;119m██[38;2;5;6;122m█[38;2;4;5;120m█[38;2;11;11;38m██[38;2;8;6;89m█[38;2;9;8;90m█[38;2;13;13;19m██[38;2;13;13;13m██[38;2;13;13;16m████
██████[38;2;13;13;13m██[38;2;13;13;11m██[38;2;13;15;6m██[38;2;13;15;4m██[38;2;13;13;11m██[38;2;13;15;6m██[38;2;13;15;4m██[38;2;13;13;11m██[38;2;13;15;6m██[38;2;13;13;13m██[38;2;13;13;16m██████
████████████████████████████████
████████████████████████████████
████████████████████████████████