[38;2;13;13;16m████████████[38;2;13;13;13m██[38;2;13;15;6m████[38;2;13;13;13m██[38;2;13;13;16m████████████
██████████[38;2;13;13;9m██[38;2;13;12;22m██[38;2;9;9;74m█[38;2;10;10;75m███[38;2;13;12;22m██[38;2;13;13;9m██[38;2;13;13;16m██████████
████████[38;2;13;15;6m██[38;2;9;10;58m█[38;2;10;11;59m█[38;2;2;0;198m██[38;2;0;0;208m█[38;2;0;0;205m██[38;2;0;0;208m█[38;2;2;0;198m██[38;2;10;11;59m█[38;2;9;10;58m█[38;2;13;15;6m██[38;2;13;13;16m████████
██████[38;2;13;13;9m██[38;2;11;10;45m██[38;2;1;2;201m█[38;2;0;0;197m█[38;2;0;0;89m█[38;2;0;0;81m█[38;2;0;0;5m█[38;2;8;6;16m██[38;2;0;0;5m█[38;2;0;0;81m█[38;2;0;0;89m█[38;2;0;0;197m█[38;2;3;1;201m█[38;2;11;10;45m██[38;2;13;13;9m██[38;2;13;13;16m██████
██████[38;2;13;13;11m██[38;2;3;3;165m██[38;2;0;0;79m█[38;2;0;0;70m█[38;2;56;55;40m█[38;2;145;144;129m█[38;2;198;198;196m█[38;2;221;221;218m██[38;2;198;198;196m█[38;2;145;144;129m█[38;2;56;55;40m█[38;2;0;0;70m█[38;2;0;0;79m█[38;2;3;3;162m██[38;2;13;13;11m██[38;2;13;13;16m██████
████[38;2;13;13;9m██[38;2;9;9;73m█[38;2;10;10;74m█[38;2;5;3;152m█[38;2;0;0;131m█[38;2;25;26;16m█[38;2;173;174;164m█[38;2;255;255;255m████████[38;2;173;174;162m█[38;2;25;26;15m█[38;2;0;0;131m█[38;2;3;4;152m█[38;2;10;10;74m█[38;2;9;9;73m█[38;2;13;13;9m██[38;2;13;13;16m████
████[38;2;13;15;6m██[38;2;4;3;140m█[38;2;6;5;143m█[38;2;0;0;41m█[38;2;40;41;93m█[38;2;228;229;221m█[38;2;255;255;255m█[38;2;254;254;254m█[38;2;253;253;253m██████[38;2;254;254;254m█[38;2;255;255;255m█[38;2;228;229;221m█[38;2;40;41;93m█[38;2;0;0;41m█[38;2;6;5;143m█[38;2;4;3;140m█[38;2;13;15;6m██[38;2;13;13;16m████
██[38;2;13;13;13m██[38;2;11;12;30m██[38;2;5;3;150m█[38;2;0;0;137m█[38;2;23;23;23m█[38;2;226;226;226m█[38;2;255;255;255m█[38;2;253;253;253m██████████[38;2;255;255;255m█[38;2;226;226;226m█[38;2;23;23;23m█[38;2;0;0;137m█[38;2;6;4;151m█[38;2;11;12;30m██[38;2;13;13;13m██[38;2;13;13;16m██
██[38;2;13;13;9m██[38;2;9;9;66m█[38;2;10;10;67m█[38;2;4;4;117m█[38;2;0;0;96m█[38;2;166;167;155m█[38;2;255;255;255m█[38;2;253;253;253m████████████[38;2;255;255;255m█[38;2;166;167;155m█[38;2;0;0;95m█[38;2;4;4;116m█[38;2;10;11;65m█[38;2;9;10;63m█[38;2;13;13;9m██[38;2;13;13;16m██
██[38;2;13;15;6m██[38;2;8;6;95m█[38;2;9;8;96m█[38;2;0;0;69m█[38;2;41;41;117m█[38;2;254;255;245m██[38;2;255;255;255m█████[38;2;253;253;253m██[38;2;255;255;255m█████[38;2;255;255;246m█[38;2;254;255;245m█[38;2;41;41;117m█[38;2;0;0;69m█[38;2;9;8;96m█[38;2;8;6;95m█[38;2;13;15;6m██[38;2;13;13;16m██
██[38;2;13;15;6m██[38;2;5;5;112m█[38;2;6;6;113m█[38;2;0;0;34m█[38;2;126;127;175m█[38;2;255;255;255m█[38;2;255;255;254m█[38;2;190;190;190m█[38;2;89;89;89m█[38;2;72;72;72m█[38;2;110;110;110m█[38;2;230;230;230m█[38;2;255;255;255m██[38;2;243;243;243m█[38;2;126;126;126m█[38;2;74;74;74m█[38;2;81;81;81m█[38;2;171;171;171m█[38;2;255;255;252m█[38;2;255;255;255m█[38;2;126;127;175m█[38;2;0;0;34m█[38;2;6;6;116m█[38;2;5;5;115m█[38;2;13;15;6m██[38;2;13;13;16m██
██[38;2;13;13;9m██[38;2;5;5;123m██[38;2;0;0;25m█[38;2;183;182;217m█[38;2;255;255;255m█[38;2;185;185;180m█[38;2;30;30;30m█[38;2;116;116;116m█[38;2;157;157;157m█[38;2;72;72;72m█[38;2;49;49;49m█[38;2;245;245;245m█[38;2;255;255;255m█[38;2;72;72;72m█[38;2;69;69;69m█[38;2;145;145;145m█[38;2;132;132;132m█[38;2;19;19;19m█[38;2;160;160;155m█[38;2;255;255;255m█[38;2;183;182;215m█[38;2;0;0;23m█[38;2;5;5;123m██[38;2;13;13;9m██[38;2;13;13;16m██
██[38;2;13;13;9m██[38;2;5;4;125m█[38;2;3;2;123m█[38;2;0;0;25m█[38;2;205;205;232m█[38;2;255;255;255m█[38;2;74;74;72m█[38;2;101;101;101m█[38;2;38;38;38m█[38;2;34;34;34m█[38;2;67;67;67m█[38;2;52;52;52m█[38;2;185;185;185m█[38;2;198;198;198m█[38;2;47;47;47m█[38;2;91;91;91m█[38;2;32;32;32m█[38;2;28;28;28m█[38;2;94;94;94m█[38;2;65;65;62m█[38;2;255;255;255m█[38;2;205;205;232m█[38;2;0;0;25m█[38;2;2;2;123m█[38;2;4;4;125m█[38;2;13;13;9m██[38;2;13;13;16m██
██[38;2;13;13;9m██[38;2;4;4;125m█[38;2;2;2;123m█[38;2;0;0;25m█[38;2;209;209;235m█[38;2;255;255;255m█[38;2;61;61;59m█[38;2;101;101;101m█[38;2;23;23;23m█[38;2;87;87;87m█[38;2;32;32;32m█[38;2;51;51;51m█[38;2;187;187;187m█[38;2;174;174;174m█[38;2;67;67;67m█[38;2;44;44;44m█[38;2;89;89;89m█[38;2;17;17;17m█[38;2;76;76;76m█[38;2;68;68;66m█[38;2;255;255;255m█[38;2;208;208;233m█[38;2;0;0;25m█[38;2;2;2;123m█[38;2;4;4;125m█[38;2;13;13;9m██[38;2;13;13;16m██
██[38;2;13;13;9m██[38;2;4;4;125m█[38;2;2;2;123m█[38;2;0;0;25m█[38;2;208;208;233m█[38;2;255;255;255m█[38;2;103;103;101m█[38;2;72;72;72m█[38;2;75;75;75m█[38;2;81;81;81m█[38;2;56;56;56m█[38;2;90;90;90m█[38;2;252;252;252m█[38;2;217;217;217m█[38;2;33;33;33m█[38;2;105;105;105m█[38;2;59;59;59m█[38;2;84;84;84m█[38;2;42;42;42m█[38;2;183;183;181m█[38;2;255;255;255m█[38;2;208;208;233m█[38;2;0;0;25m█[38;2;2;2;123m█[38;2;4;4;125m█[38;2;13;13;9m██[38;2;13;13;16m██
██[38;2;13;13;9m██[38;2;4;4;125m█[38;2;2;2;123m█[38;2;0;0;25m█[38;2;208;208;233m█[38;2;255;255;255m█[38;2;232;232;230m█[38;2;59;59;59m█[38;2;60;60;60m█[38;2;97;97;97m█[38;2;178;178;178m█[38;2;255;255;255m███[38;2;143;143;143m█[38;2;35;35;35m█[38;2;86;86;86m█[38;2;123;123;123m█[38;2;240;240;240m█[38;2;255;255;255m██[38;2;208;208;233m█[38;2;0;0;25m█[38;2;2;2;123m█[38;2;4;4;125m█[38;2;13;13;9m██[38;2;13;13;16m██
██[38;2;13;13;9m██[38;2;4;4;125m█[38;2;2;2;123m█[38;2;0;0;25m█[38;2;208;208;233m█[38;2;255;255;255m██[38;2;249;249;249m█[38;2;180;180;180m█[38;2;147;147;147m█[38;2;211;211;211m█[38;2;255;255;255m█[38;2;253;253;253m██[38;2;255;255;255m█[38;2;214;214;214m█[38;2;154;154;154m█[38;2;167;167;167m█[38;2;250;250;250m█[38;2;254;254;252m█[38;2;255;255;255m█[38;2;208;208;233m█[38;2;0;0;25m█[38;2;2;2;123m█[38;2;4;4;125m█[38;2;13;13;9m██[38;2;13;13;16m██
██[38;2;13;13;9m██[38;2;4;4;125m█[38;2;2;2;123m█[38;2;0;0;25m█[38;2;208;208;233m█[38;2;255;255;255m█[38;2;253;253;251m█[38;2;255;255;255m████[38;2;253;253;253m████[38;2;255;255;255m███[38;2;254;254;254m█[38;2;253;253;251m█[38;2;255;255;255m█[38;2;208;208;233m█[38;2;0;0;25m█[38;2;2;2;123m█[38;2;4;4;125m█[38;2;13;13;9m██[38;2;13;13;16m██
██[38;2;13;13;9m██[38;2;4;4;125m█[38;2;2;2;123m█[38;2;0;0;25m█[38;2;208;208;233m█[38;2;255;255;255m█[38;2;253;253;251m█[38;2;253;253;253m████████████[38;2;253;253;251m█[38;2;255;255;255m█[38;2;208;208;233m█[38;2;0;0;25m█[38;2;2;2;123m█[38;2;4;4;125m█[38;2;13;13;9m██[38;2;13;13;16m██
██[38;2;13;13;9m██[38;2;4;4;125m█[38;2;2;2;123m█[38;2;0;0;25m█[38;2;208;208;233m█[38;2;255;255;255m█[38;2;253;253;251m█[38;2;253;253;253m████████████[38;2;253;253;251m█[38;2;255;255;255m█[38;2;208;208;233m█[38;2;0;0;25m█[38;2;2;2;123m█[38;2;4;4;125m█[38;2;13;13;9m██[38;2;13;13;16m██
██[38;2;13;13;9m██[38;2;4;4;125m█[38;2;2;2;123m█[38;2;0;0;25m█[38;2;208;208;233m█[38;2;255;255;255m█[38;2;253;253;251m█[38;2;253;253;253m████████████[38;2;253;253;251m█[38;2;255;255;255m█[38;2;208;208;233m█[38;2;0;0;25m█[38;2;2;2;123m█[38;2;4;4;125m█[38;2;13;13;9m██[38;2;13;13;16m██
██[38;2;13;13;9m██[38;2;4;4;125m█[38;2;2;2;123m█[38;2;0;0;25m█[38;2;208;208;233m█[38;2;255;255;255m█[38;2;253;253;251m█[38;2;253;253;253m████████████[38;2;253;253;251m█[38;2;255;255;255m█[38;2;208;208;233m█[38;2;0;0;25m█[38;2;2;2;123m█[38;2;4;4;125m█[38;2;13;13;9m██[38;2;13;13;16m██
██[38;2;13;13;9m██[38;2;5;4;125m█[38;2;3;2;123m█[38;2;0;0;25m█[38;2;208;208;233m█[38;2;255;255;255m█[38;2;253;253;251m█[38;2;253;253;253m████████████[38;2;253;253;251m█[38;2;255;255;255m█[38;2;208;208;233m█[38;2;0;0;25m█[38;2;2;2;123m█[38;2;5;5;126m█[38;2;13;13;9m██[38;2;13;13;16m██
██[38;2;13;13;9m██[38;2;6;5;126m█[38;2;3;2;123m█[38;2;1;1;26m█[38;2;209;209;235m█[38;2;255;255;255m█[38;2;253;253;251m█[38;2;253;253;253m████████████[38;2;253;253;251m█[38;2;255;255;255m█[38;2;209;209;235m█[38;2;1;1;26m█[38;2;2;2;123m█[38;2;5;5;126m█[38;2;13;13;9m██[38;2;13;13;16m██
██[38;2;13;13;9m██[38;2;5;4;125m█[38;2;4;3;124m█[38;2;0;0;22m█[38;2;200;200;226m█[38;2;255;255;255m█[38;2;253;253;249m█[38;2;253;253;253m██[38;2;255;255;255m██[38;2;253;253;253m████[38;2;255;255;255m██[38;2;253;253;253m██[38;2;253;253;249m█[38;2;255;255;255m█[38;2;201;201;228m█[38;2;0;0;23m█[38;2;3;3;124m█[38;2;4;4;125m█[38;2;13;13;9m██[38;2;13;13;16m██
██[38;2;13;15;6m██[38;2;5;5;120m█[38;2;6;6;122m█[38;2;0;0;33m█[38;2;105;107;152m█[38;2;255;255;255m█[38;2;255;255;252m█[38;2;255;255;255m██[38;2;245;245;245m█[38;2;243;243;243m█[38;2;255;255;255m████[38;2;243;243;243m█[38;2;244;244;244m█[38;2;255;255;255m██[38;2;255;255;252m█[38;2;255;255;255m█[38;2;109;110;155m█[38;2;0;0;33m█[38;2;6;6;122m█[38;2;5;5;120m█[38;2;13;15;6m██[38;2;13;13;16m██
██[38;2;13;15;6m██[38;2;8;6;94m█[38;2;9;8;95m█[38;2;2;3;103m█[38;2;0;0;90m█[38;2;127;126;113m█[38;2;230;229;216m█[38;2;235;235;232m█[38;2;160;160;158m█[38;2;34;35;27m█[38;2;27;28;20m█[38;2;147;147;145m█[38;2;232;232;230m██[38;2;147;147;145m█[38;2;27;28;20m█[38;2;33;34;26m█[38;2;160;160;158m█[38;2;236;236;233m█[38;2;231;230;217m█[38;2;131;130;117m█[38;2;0;0;89m█[38;2;1;2;100m█[38;2;9;8;95m█[38;2;8;6;94m█[38;2;13;15;6m██[38;2;13;13;16m██
██[38;2;13;13;11m██[38;2;11;11;37m██[38;2;3;3;180m█[38;2;0;0;173m█[38;2;0;0;15m█[38;2;9;9;34m█[38;2;17;16;31m█[38;2;0;0;6m█[38;2;0;0;125m█[38;2;0;0;126m█[38;2;0;0;10m█[38;2;12;12;33m██[38;2;0;0;10m█[38;2;0;0;129m█[38;2;0;0;127m█[38;2;0;0;6m█[38;2;17;16;31m█[38;2;10;10;35m█[38;2;0;0;15m█[38;2;0;0;172m█[38;2;3;3;180m█[38;2;11;11;37m██[38;2;13;13;11m██[38;2;13;13;16m██
████[38;2;13;15;6m██[38;2;5;6;108m█[38;2;6;8;109m█[38;2;0;0;215m█[38;2;0;0;209m█[38;2;0;0;200m█[38;2;0;0;205m█[38;2;3;1;197m█[38;2;2;0;196m█[38;2;0;0;205m█[38;2;0;0;200m██[38;2;0;0;205m█[38;2;2;0;196m██[38;2;0;0;203m█[38;2;0;0;197m█[38;2;0;0;209m█[38;2;0;0;215m█[38;2;6;8;111m█[38;2;5;6;110m█[38;2;13;15;6m██[38;2;13;13;16m████
██████[38;2;13;13;11m██[38;2;9;8;83m█[38;2;10;9;84m█[38;2;9;8;93m█[38;2;8;6;91m█[38;2;13;13;17m██[38;2;8;8;87m█[38;2;9;9;88m██[38;2;8;8;87m█[38;2;13;13;17m██[38;2;8;6;91m█[38;2;9;8;93m█[38;2;9;9;86m█[38;2;8;8;84m█[38;2;13;13;11m██[38;2;13;13;16m██████
████████[38;2;13;15;6m████[38;2;13;13;13m██[38;2;13;15;6m████[38;2;13;13;13m██[38;2;13;15;6m████[38;2;13;13;16m████████
████████████████████████████████