[38;2;13;13;16m██████████[38;2;13;13;13m██[38;2;13;15;6m██[38;2;13;13;16m██[38;2;13;13;11m██[38;2;13;15;6m██[38;2;13;13;16m████████████
████████[38;2;13;13;11m██[38;2;13;12;24m██[38;2;5;4;125m██[38;2;2;1;192m██[38;2;2;2;181m██[38;2;9;8;90m█[38;2;8;6;89m█[38;2;13;13;9m██[38;2;13;13;16m██████████
██████[38;2;13;13;11m██[38;2;13;12;26m██[38;2;2;1;183m██[38;2;0;0;247m█[38;2;0;0;246m█[38;2;0;0;212m█[38;2;0;0;211m█[38;2;0;0;223m█[38;2;0;0;225m█[38;2;0;0;245m██[38;2;6;6;116m█[38;2;5;5;115m█[38;2;13;15;6m██[38;2;13;13;16m████████
██████[38;2;13;13;9m██[38;2;2;3;157m█[38;2;3;4;158m█[38;2;1;0;221m█[38;2;0;0;212m█[38;2;0;0;59m█[38;2;0;0;56m█[38;2;0;0;9m█[38;2;3;2;13m█[38;2;0;0;22m█[38;2;0;0;13m█[38;2;0;0;120m█[38;2;0;0;134m█[38;2;0;0;237m█[38;2;0;0;236m█[38;2;9;9;66m██[38;2;13;15;6m██[38;2;13;13;16m██████
████[38;2;13;15;6m██[38;2;9;9;74m██[38;2;1;0;221m█[38;2;0;0;216m█[38;2;0;0;27m█[38;2;8;6;46m█[38;2;88;87;74m█[38;2;161;160;147m█[38;2;200;200;197m█[38;2;211;211;209m█[38;2;201;202;194m█[38;2;161;162;154m█[38;2;84;86;74m█[38;2;5;6;0m█[38;2;0;0;127m█[38;2;3;1;147m█[38;2;3;3;182m█[38;2;2;2;181m█[38;2;13;13;11m██[38;2;13;13;16m██████
████[38;2;13;13;9m██[38;2;2;1;174m█[38;2;4;3;176m█[38;2;0;0;100m█[38;2;0;0;84m█[38;2;93;91;79m█[38;2;223;222;209m█[38;2;255;255;255m███████[38;2;214;214;209m█[38;2;70;69;83m█[38;2;0;0;2m█[38;2;0;0;197m█[38;2;1;2;203m█[38;2;9;10;60m██[38;2;13;13;9m██[38;2;13;13;16m████
██[38;2;13;13;11m██[38;2;11;10;49m██[38;2;3;2;187m█[38;2;0;0;179m█[38;2;0;0;0m█[38;2;148;148;152m█[38;2;255;255;255m██[38;2;253;253;253m███████[38;2;255;255;255m█[38;2;255;255;245m█[38;2;107;108;94m█[38;2;0;0;101m█[38;2;3;3;124m█[38;2;5;5;129m█[38;2;4;4;127m█[38;2;13;15;4m██[38;2;13;13;16m████
██[38;2;13;15;4m██[38;2;5;6;107m█[38;2;6;8;108m█[38;2;3;3;124m█[38;2;0;0;103m█[38;2;144;145;133m█[38;2;255;255;255m█[38;2;254;254;254m█[38;2;253;253;253m█████████[38;2;255;255;250m█[38;2;255;255;253m█[38;2;75;76;122m█[38;2;0;0;33m█[38;2;3;3;166m██[38;2;13;13;11m██[38;2;13;13;16m████
██[38;2;13;15;6m██[38;2;4;3;141m█[38;2;6;5;144m█[38;2;0;0;46m█[38;2;72;72;129m█[38;2;255;255;255m█[38;2;254;255;247m█[38;2;253;253;253m██████████[38;2;253;253;251m█[38;2;255;255;255m█[38;2;226;226;230m█[38;2;15;15;18m█[38;2;0;0;155m█[38;2;3;3;165m█[38;2;11;12;30m██[38;2;13;13;13m██[38;2;13;13;16m██
████[38;2;3;4;153m█[38;2;0;1;150m█[38;2;0;0;18m█[38;2;201;201;222m█[38;2;255;255;255m█[38;2;253;253;251m█[38;2;253;253;253m████████████[38;2;255;255;255m█[38;2;115;116;108m█[38;2;0;0;118m█[38;2;5;4;143m█[38;2;11;10;53m██[38;2;13;13;11m██[38;2;13;13;16m██
[38;2;13;13;13m██[38;2;13;12;26m██[38;2;5;4;145m█[38;2;0;0;130m█[38;2;60;60;62m█[38;2;255;255;255m█[38;2;254;254;254m█[38;2;253;253;253m██[38;2;255;255;255m█████[38;2;253;253;253m██████[38;2;255;255;251m█[38;2;200;201;189m█[38;2;0;0;102m█[38;2;4;4;116m█[38;2;10;10;72m█[38;2;9;9;70m█[38;2;13;13;9m██[38;2;13;13;16m██
[38;2;13;13;13m██[38;2;11;11;34m██[38;2;5;5;134m█[38;2;0;0;117m█[38;2;46;46;41m█[38;2;215;215;210m█[38;2;255;255;255m█[38;2;253;253;253m█[38;2;255;255;255m█[38;2;246;246;246m█[38;2;245;245;245m███[38;2;249;249;249m█[38;2;255;255;255m█[38;2;253;253;253m█████[38;2;255;255;247m█[38;2;238;239;229m█[38;2;15;17;109m█[38;2;0;1;93m█[38;2;9;9;80m█[38;2;8;8;79m█[38;2;13;15;6m██[38;2;13;13;16m██
[38;2;13;13;13m██[38;2;11;11;37m██[38;2;5;5;126m█[38;2;0;0;115m█[38;2;0;0;0m██[38;2;169;169;169m█[38;2;255;255;255m█[38;2;133;133;133m█[38;2;19;19;19m█[38;2;27;27;27m██[38;2;26;26;26m█[38;2;25;25;25m█[38;2;182;182;182m█[38;2;255;255;255m█[38;2;253;253;253m████[38;2;254;255;245m█[38;2;251;252;242m█[38;2;35;34;119m█[38;2;0;0;80m█[38;2;9;9;82m█[38;2;8;8;81m█[38;2;13;15;6m██[38;2;13;13;16m██
[38;2;13;13;13m██[38;2;11;11;37m██[38;2;5;5;126m█[38;2;0;0;115m█[38;2;0;0;0m██[38;2;171;171;171m█[38;2;255;255;255m█[38;2;136;136;136m█[38;2;22;22;22m█[38;2;30;30;30m██[38;2;28;28;28m█[38;2;27;27;27m█[38;2;183;183;183m█[38;2;255;255;255m█[38;2;253;253;253m████[38;2;254;255;245m█[38;2;253;254;244m█[38;2;40;39;122m█[38;2;0;0;77m█[38;2;9;9;84m█[38;2;8;8;83m█[38;2;13;15;6m██[38;2;13;13;16m██
[38;2;13;13;13m██[38;2;11;11;37m██[38;2;5;5;126m█[38;2;0;0;108m█[38;2;59;59;54m█[38;2;216;216;211m█[38;2;255;255;255m█[38;2;253;253;253m█[38;2;255;255;255m█[38;2;247;247;247m█[38;2;246;246;246m█[38;2;247;247;247m█[38;2;246;246;246m█[38;2;250;250;250m█[38;2;255;255;255m█[38;2;253;253;253m█████[38;2;254;255;245m█[38;2;253;254;244m█[38;2;42;41;124m█[38;2;0;0;76m█[38;2;9;9;84m█[38;2;8;8;83m█[38;2;13;15;6m██[38;2;13;13;16m██
[38;2;13;13;13m██[38;2;11;11;34m██[38;2;5;5;129m█[38;2;0;0;104m█[38;2;139;139;134m█[38;2;255;255;255m█[38;2;253;253;253m███[38;2;255;255;255m█████[38;2;253;253;253m██████[38;2;254;255;245m█[38;2;255;255;246m█[38;2;46;46;125m█[38;2;0;0;74m█[38;2;9;9;84m█[38;2;8;8;83m█[38;2;13;15;6m██[38;2;13;13;16m██
[38;2;13;13;13m██[38;2;11;11;34m██[38;2;5;5;129m█[38;2;0;0;105m█[38;2;126;126;122m█[38;2;255;255;255m█[38;2;253;253;253m██████████████[38;2;254;255;245m█[38;2;255;255;247m█[38;2;51;51;127m█[38;2;0;0;70m█[38;2;9;9;86m█[38;2;8;8;84m█[38;2;13;15;6m██[38;2;13;13;16m██
[38;2;13;13;13m██[38;2;11;11;32m██[38;2;5;5;130m█[38;2;0;0;107m█[38;2;118;118;113m█[38;2;255;255;255m█[38;2;253;253;253m██████████████[38;2;254;255;245m█[38;2;255;255;250m█[38;2;59;59;134m█[38;2;0;0;68m█[38;2;9;8;90m█[38;2;8;6;89m█[38;2;13;15;6m██[38;2;13;13;16m██
[38;2;13;13;13m██[38;2;11;12;30m██[38;2;5;5;130m█[38;2;0;0;108m█[38;2;107;107;104m█[38;2;255;255;255m█[38;2;253;253;253m██████████████[38;2;253;254;244m█[38;2;255;255;252m█[38;2;68;68;139m█[38;2;0;0;61m█[38;2;9;8;93m█[38;2;8;6;91m█[38;2;13;15;6m██[38;2;13;13;16m██
[38;2;13;13;13m██[38;2;11;12;26m██[38;2;5;5;130m█[38;2;0;0;109m█[38;2;94;94;94m█[38;2;255;255;255m█[38;2;253;253;253m██████████████[38;2;253;254;244m█[38;2;255;255;254m█[38;2;81;82;147m█[38;2;0;0;55m█[38;2;9;8;96m█[38;2;8;6;95m█[38;2;13;15;6m██[38;2;13;13;16m██
[38;2;13;13;13m██[38;2;13;12;24m██[38;2;5;5;132m█[38;2;0;0;113m█[38;2;79;79;81m█[38;2;255;255;255m█[38;2;253;253;253m██████████████[38;2;253;254;246m█[38;2;255;255;255m█[38;2;97;97;159m█[38;2;0;0;49m█[38;2;6;9;101m█[38;2;5;8;100m█[38;2;13;15;6m██[38;2;13;13;16m██
██[38;2;13;12;22m██[38;2;5;5;132m█[38;2;0;0;116m█[38;2;63;63;67m█[38;2;255;255;255m█[38;2;254;254;254m█[38;2;253;253;253m█████████████[38;2;253;254;246m█[38;2;255;255;255m█[38;2;116;117;171m█[38;2;0;0;41m█[38;2;6;8;105m█[38;2;5;6;104m█[38;2;13;15;6m██[38;2;13;13;16m██
██[38;2;13;13;17m██[38;2;5;5;132m█[38;2;0;0;119m█[38;2;45;45;51m█[38;2;254;254;255m█[38;2;254;254;252m█[38;2;253;253;251m█[38;2;253;253;253m████████████[38;2;253;254;246m█[38;2;255;255;255m█[38;2;129;130;180m█[38;2;0;0;37m█[38;2;6;8;109m█[38;2;5;6;108m█[38;2;13;15;6m██[38;2;13;13;16m██
██[38;2;13;13;11m██[38;2;5;5;132m█[38;2;1;1;127m█[38;2;0;0;20m█[38;2;198;198;219m█[38;2;255;255;255m█[38;2;254;254;252m█[38;2;254;254;254m█[38;2;255;255;255m████[38;2;253;253;253m█[38;2;255;255;255m█████[38;2;253;253;253m█[38;2;255;255;250m█[38;2;255;255;255m█[38;2;77;77;137m█[38;2;0;0;49m█[38;2;6;8;108m█[38;2;5;6;107m█[38;2;13;15;6m██[38;2;13;13;16m██
██[38;2;13;15;6m██[38;2;5;5;115m█[38;2;6;6;116m█[38;2;0;0;58m█[38;2;33;33;97m█[38;2;208;209;198m█[38;2;255;255;251m█[38;2;255;255;254m█[38;2;172;172;169m█[38;2;62;63;53m█[38;2;107;108;97m█[38;2;229;229;229m█[38;2;255;255;255m█[38;2;253;253;251m█[38;2;160;160;158m█[38;2;60;61;51m█[38;2;119;120;110m█[38;2;236;236;236m█[38;2;255;255;255m█[38;2;251;252;238m█[38;2;139;140;126m█[38;2;0;0;89m█[38;2;2;3;101m█[38;2;9;9;86m█[38;2;8;8;84m█[38;2;13;15;6m██[38;2;13;13;16m██
██[38;2;13;13;9m██[38;2;9;10;60m██[38;2;3;3;160m█[38;2;0;0;144m█[38;2;5;6;0m█[38;2;58;59;51m█[38;2;48;48;54m█[38;2;0;0;2m█[38;2;0;0;70m█[38;2;0;0;66m█[38;2;18;19;9m█[38;2;65;66;55m█[38;2;44;42;54m█[38;2;0;0;4m█[38;2;0;0;68m█[38;2;0;0;63m█[38;2;23;24;12m█[38;2;65;66;54m█[38;2;38;37;46m█[38;2;0;0;0m█[38;2;0;0;165m█[38;2;3;2;173m█[38;2;11;11;38m██[38;2;13;13;11m██[38;2;13;13;16m██
████[38;2;13;13;9m██[38;2;4;3;144m█[38;2;5;4;145m█[38;2;0;0;175m█[38;2;0;0;166m█[38;2;0;0;165m█[38;2;0;0;175m█[38;2;1;0;218m█[38;2;0;0;217m█[38;2;0;0;157m█[38;2;0;0;148m█[38;2;0;0;168m█[38;2;0;0;179m█[38;2;1;0;218m█[38;2;0;0;217m█[38;2;0;0;155m█[38;2;0;0;148m█[38;2;0;0;182m█[38;2;0;0;192m█[38;2;5;5;129m█[38;2;4;4;127m█[38;2;13;15;6m██[38;2;13;13;16m████
████[38;2;13;13;13m██[38;2;13;12;22m██[38;2;5;5;129m██[38;2;6;6;122m██[38;2;11;11;38m██[38;2;5;4;139m██[38;2;6;6;118m██[38;2;11;11;40m██[38;2;5;4;141m██[38;2;6;6;116m██[38;2;13;13;13m████[38;2;13;13;16m████
██████[38;2;13;13;13m██[38;2;13;15;4m██[38;2;13;15;6m██[38;2;13;13;11m██[38;2;13;15;4m██[38;2;13;15;6m██[38;2;13;13;11m██[38;2;13;15;4m██[38;2;13;15;6m██[38;2;13;13;13m██[38;2;13;13;16m██████
████████████████████████████████
████████████████████████████████
████████████████████████████████