[38;2;13;13;16m████████████████████████████████
████████████[38;2;13;13;9m██[38;2;13;15;4m████[38;2;13;13;9m██[38;2;13;13;16m████████████
██████████[38;2;13;15;6m██[38;2;9;10;55m██[38;2;5;5;132m████[38;2;10;11;56m█[38;2;9;10;55m█[38;2;13;15;6m██[38;2;13;13;16m██████████
████████[38;2;13;15;6m██[38;2;5;6;102m█[38;2;6;8;103m█[38;2;0;0;224m█[38;2;0;0;222m█[38;2;0;0;186m█[38;2;0;0;182m██[38;2;0;0;186m█[38;2;0;0;224m█[38;2;0;0;226m█[38;2;6;8;103m█[38;2;5;6;102m█[38;2;13;15;6m██[38;2;13;13;16m████████
██████[38;2;13;15;6m██[38;2;8;9;74m█[38;2;9;10;75m█[38;2;1;1;210m█[38;2;0;0;203m█[38;2;0;0;51m█[38;2;0;0;49m█[38;2;12;13;5m█[38;2;28;30;22m██[38;2;12;13;5m█[38;2;0;0;49m█[38;2;0;0;51m█[38;2;0;0;203m█[38;2;1;1;210m█[38;2;10;10;77m█[38;2;9;9;76m█[38;2;13;15;6m██[38;2;13;13;16m██████
████[38;2;13;13;13m██[38;2;13;13;19m██[38;2;2;1;183m██[38;2;0;0;51m█[38;2;0;0;58m█[38;2;91;90;77m█[38;2;181;180;167m█[38;2;226;226;226m█[38;2;243;243;243m██[38;2;226;226;226m█[38;2;181;180;167m█[38;2;90;89;76m█[38;2;0;0;58m█[38;2;0;0;51m█[38;2;2;1;183m██[38;2;13;13;19m██[38;2;13;13;13m██[38;2;13;13;16m████
████[38;2;13;15;6m██[38;2;8;6;94m█[38;2;9;8;95m█[38;2;4;3;140m█[38;2;0;0;117m█[38;2;52;51;38m█[38;2;207;205;193m█[38;2;255;255;255m████████[38;2;205;207;193m█[38;2;51;52;38m█[38;2;0;0;117m█[38;2;4;3;140m█[38;2;9;8;95m█[38;2;8;6;94m█[38;2;13;15;6m██[38;2;13;13;16m████
████[38;2;13;13;11m██[38;2;2;3;152m█[38;2;3;4;153m█[38;2;0;0;27m█[38;2;66;68;108m█[38;2;246;247;239m█[38;2;255;255;255m█[38;2;253;253;253m████████[38;2;255;255;255m█[38;2;246;247;239m█[38;2;66;68;108m█[38;2;0;0;27m█[38;2;3;4;153m█[38;2;2;3;152m█[38;2;13;13;11m██[38;2;13;13;16m████
██[38;2;13;13;13m██[38;2;11;11;38m██[38;2;4;5;151m█[38;2;0;0;133m█[38;2;40;40;38m█[38;2;243;243;240m█[38;2;255;255;255m█[38;2;253;253;253m██████████[38;2;255;255;255m█[38;2;243;243;240m█[38;2;40;40;38m█[38;2;0;0;133m█[38;2;4;5;151m█[38;2;11;11;38m██[38;2;13;13;13m██[38;2;13;13;16m██
██[38;2;13;13;9m██[38;2;8;9;74m█[38;2;9;10;75m█[38;2;3;3;112m█[38;2;0;0;96m█[38;2;186;187;175m█[38;2;255;255;255m██[38;2;253;253;253m███████████[38;2;255;255;254m█[38;2;186;187;175m█[38;2;0;0;96m█[38;2;3;3;112m█[38;2;9;9;74m██[38;2;13;13;9m██[38;2;13;13;16m██
██[38;2;13;15;6m██[38;2;5;6;102m█[38;2;6;8;103m█[38;2;0;0;63m█[38;2;54;54;125m█[38;2;255;255;250m█[38;2;255;255;246m█[38;2;238;238;238m█[38;2;255;255;255m██[38;2;253;253;253m█████████[38;2;254;255;245m█[38;2;255;255;250m█[38;2;54;54;125m█[38;2;0;0;63m█[38;2;6;8;103m█[38;2;5;6;102m█[38;2;13;15;6m██[38;2;13;13;16m██
██[38;2;13;15;6m██[38;2;5;5;118m█[38;2;6;6;119m█[38;2;0;0;32m█[38;2;137;138;183m█[38;2;255;255;255m█[38;2;180;180;175m█[38;2;8;8;8m█[38;2;103;103;103m█[38;2;230;230;230m█[38;2;255;255;255m██[38;2;253;253;253m█[38;2;254;254;254m█[38;2;255;255;255m█████[38;2;254;254;250m█[38;2;255;255;255m█[38;2;137;138;183m█[38;2;0;0;32m█[38;2;6;6;119m█[38;2;5;5;118m█[38;2;13;15;6m██[38;2;13;13;16m██
██[38;2;13;13;9m██[38;2;5;4;125m██[38;2;0;0;24m█[38;2;189;188;221m█[38;2;255;255;255m█[38;2;207;207;202m█[38;2;28;28;28m█[38;2;0;0;0m█[38;2;18;18;18m█[38;2;144;144;144m█[38;2;247;247;247m█[38;2;255;255;255m█[38;2;250;250;250m█[38;2;217;217;217m█[38;2;212;212;212m█[38;2;214;214;214m█[38;2;212;212;212m█[38;2;214;214;214m█[38;2;247;247;243m█[38;2;255;255;255m█[38;2;189;188;221m█[38;2;0;0;24m█[38;2;4;4;125m██[38;2;13;13;9m██[38;2;13;13;16m██
██[38;2;13;13;9m██[38;2;5;5;126m█[38;2;2;2;123m█[38;2;0;0;25m█[38;2;207;207;232m█[38;2;255;255;255m██[38;2;254;254;254m█[38;2;111;111;111m█[38;2;0;0;0m██[38;2;101;101;101m█[38;2;255;255;255m█[38;2;150;150;150m█[38;2;0;0;0m█████[38;2;119;119;117m█[38;2;255;255;255m█[38;2;207;207;232m█[38;2;0;0;25m█[38;2;2;2;123m█[38;2;4;4;125m█[38;2;13;13;9m██[38;2;13;13;16m██
██[38;2;13;13;9m██[38;2;5;5;126m█[38;2;2;2;123m█[38;2;0;0;25m█[38;2;208;208;233m█[38;2;255;255;255m█[38;2;252;252;250m█[38;2;167;167;167m█[38;2;39;39;39m█[38;2;0;0;0m█[38;2;18;18;18m█[38;2;168;168;168m█[38;2;255;255;255m█[38;2;198;198;198m█[38;2;77;77;77m██[38;2;79;79;79m█[38;2;77;77;77m█[38;2;74;74;74m█[38;2;180;180;178m█[38;2;255;255;255m█[38;2;208;208;233m█[38;2;0;0;25m█[38;2;2;2;123m█[38;2;4;4;125m█[38;2;13;13;9m██[38;2;13;13;16m██
██[38;2;13;13;9m██[38;2;5;5;126m█[38;2;2;2;123m█[38;2;0;0;25m█[38;2;208;208;233m█[38;2;255;255;255m█[38;2;171;171;168m█[38;2;0;0;0m██[38;2;109;109;109m█[38;2;232;232;232m█[38;2;255;255;255m█[38;2;252;252;252m█[38;2;255;255;255m████████[38;2;208;208;233m█[38;2;0;0;25m█[38;2;2;2;123m█[38;2;4;4;125m█[38;2;13;13;9m██[38;2;13;13;16m██
██[38;2;13;13;9m██[38;2;5;5;126m█[38;2;2;2;123m█[38;2;0;0;25m█[38;2;208;208;233m█[38;2;255;255;255m█[38;2;221;221;218m█[38;2;113;113;113m█[38;2;201;201;201m█[38;2;255;255;255m██[38;2;253;253;253m████████[38;2;253;253;251m█[38;2;255;255;255m█[38;2;208;208;233m█[38;2;0;0;25m█[38;2;2;2;123m█[38;2;4;4;125m█[38;2;13;13;9m██[38;2;13;13;16m██
██[38;2;13;13;9m██[38;2;5;5;126m█[38;2;2;2;123m█[38;2;0;0;25m█[38;2;208;208;233m█[38;2;255;255;255m█[38;2;255;255;254m█[38;2;255;255;255m██[38;2;253;253;253m██████████[38;2;253;253;251m█[38;2;255;255;255m█[38;2;208;208;233m█[38;2;0;0;25m█[38;2;2;2;123m█[38;2;4;4;125m█[38;2;13;13;9m██[38;2;13;13;16m██
██[38;2;13;13;9m██[38;2;5;5;126m█[38;2;2;2;123m█[38;2;0;0;25m█[38;2;208;208;233m█[38;2;255;255;255m█[38;2;253;253;251m█[38;2;253;253;253m████████████[38;2;253;253;251m█[38;2;255;255;255m█[38;2;208;208;233m█[38;2;0;0;25m█[38;2;2;2;123m█[38;2;4;4;125m█[38;2;13;13;9m██[38;2;13;13;16m██
██[38;2;13;13;9m██[38;2;5;5;126m█[38;2;2;2;123m█[38;2;0;0;25m█[38;2;208;208;233m█[38;2;255;255;255m█[38;2;253;253;251m█[38;2;253;253;253m████████████[38;2;253;253;251m█[38;2;255;255;255m█[38;2;208;208;233m█[38;2;0;0;25m█[38;2;2;2;123m█[38;2;4;4;125m█[38;2;13;13;9m██[38;2;13;13;16m██
██[38;2;13;13;9m██[38;2;5;5;126m█[38;2;2;2;123m█[38;2;0;0;25m█[38;2;208;208;233m█[38;2;255;255;255m█[38;2;253;253;251m█[38;2;253;253;253m████████████[38;2;253;253;251m█[38;2;255;255;255m█[38;2;208;208;233m█[38;2;0;0;25m█[38;2;2;2;123m█[38;2;5;5;126m█[38;2;13;13;9m██[38;2;13;13;16m██
██[38;2;13;13;9m██[38;2;5;5;126m█[38;2;2;2;123m█[38;2;0;0;25m█[38;2;208;208;233m█[38;2;255;255;255m█[38;2;253;253;251m█[38;2;253;253;253m████████████[38;2;253;253;251m█[38;2;255;255;255m█[38;2;208;208;233m█[38;2;0;0;25m█[38;2;2;2;123m█[38;2;4;4;125m█[38;2;13;13;9m██[38;2;13;13;16m██
██[38;2;13;13;9m██[38;2;5;5;126m█[38;2;2;2;123m█[38;2;0;0;25m█[38;2;208;208;233m█[38;2;255;255;255m█[38;2;253;253;251m█[38;2;253;253;253m████████████[38;2;253;253;251m█[38;2;255;255;255m█[38;2;208;208;233m█[38;2;0;0;25m█[38;2;2;2;123m█[38;2;4;4;125m█[38;2;13;13;9m██[38;2;13;13;16m██
██[38;2;13;13;9m██[38;2;6;5;126m█[38;2;3;2;123m█[38;2;0;0;25m█[38;2;209;209;235m█[38;2;255;255;255m█[38;2;253;253;251m█[38;2;253;253;253m████████████[38;2;253;253;251m█[38;2;255;255;255m█[38;2;209;209;235m█[38;2;0;0;25m█[38;2;2;2;123m█[38;2;4;4;125m█[38;2;13;13;9m██[38;2;13;13;16m██
██[38;2;13;15;6m██[38;2;4;5;123m██[38;2;0;0;22m█[38;2;173;172;204m█[38;2;255;255;255m█[38;2;253;253;249m█[38;2;253;253;253m█[38;2;255;255;255m████[38;2;253;253;253m██[38;2;255;255;255m████[38;2;253;253;253m█[38;2;253;253;249m█[38;2;255;255;255m█[38;2;175;174;207m█[38;2;0;0;22m█[38;2;5;5;123m██[38;2;13;13;9m██[38;2;13;13;16m██
██[38;2;13;15;6m██[38;2;5;6;110m█[38;2;6;8;111m█[38;2;0;0;58m█[38;2;42;42;107m█[38;2;237;238;228m█[38;2;255;255;255m██[38;2;252;252;252m█[38;2;164;164;159m█[38;2;157;157;152m█[38;2;246;246;246m█[38;2;255;255;255m██[38;2;246;246;246m█[38;2;157;157;152m█[38;2;162;162;158m█[38;2;252;252;252m█[38;2;255;255;255m██[38;2;239;240;230m█[38;2;45;45;109m█[38;2;0;0;58m█[38;2;6;8;111m█[38;2;5;6;110m█[38;2;13;15;6m██[38;2;13;13;16m██
██[38;2;13;13;9m██[38;2;9;9;66m█[38;2;10;10;67m█[38;2;5;4;141m█[38;2;0;0;122m█[38;2;34;33;18m█[38;2;129;127;112m█[38;2;138;139;129m█[38;2;56;58;47m█[38;2;0;0;12m█[38;2;0;0;11m█[38;2;47;48;40m█[38;2;134;136;127m██[38;2;47;48;40m█[38;2;0;0;10m█[38;2;0;0;12m█[38;2;56;58;47m█[38;2;139;140;130m█[38;2;130;129;113m█[38;2;37;35;20m█[38;2;0;0;120m█[38;2;5;4;141m█[38;2;10;10;69m█[38;2;9;9;68m█[38;2;13;13;9m██[38;2;13;13;16m██
████[38;2;13;13;13m██[38;2;3;3;168m██[38;2;0;0;109m█[38;2;0;0;97m█[38;2;0;0;79m█[38;2;0;0;87m█[38;2;0;0;214m██[38;2;0;0;94m█[38;2;0;0;84m██[38;2;0;0;94m█[38;2;0;0;214m██[38;2;0;0;87m█[38;2;0;0;79m█[38;2;0;0;95m█[38;2;0;0;107m█[38;2;2;3;171m██[38;2;13;13;16m██████
████[38;2;13;13;9m██[38;2;11;10;42m██[38;2;2;1;187m██[38;2;2;0;194m██[38;2;9;8;96m█[38;2;8;6;95m█[38;2;2;1;187m████[38;2;9;8;96m█[38;2;8;6;95m█[38;2;2;1;192m██[38;2;2;1;189m██[38;2;11;10;45m██[38;2;13;13;9m██[38;2;13;13;16m████
██████[38;2;13;13;11m██[38;2;13;13;16m██[38;2;13;13;17m██[38;2;13;15;4m██[38;2;13;13;17m████[38;2;13;15;4m██[38;2;13;13;17m██[38;2;13;13;16m██[38;2;13;13;11m██[38;2;13;13;16m██████
████████[38;2;13;13;13m████[38;2;13;13;16m██[38;2;13;13;13m████[38;2;13;13;16m██[38;2;13;13;13m████[38;2;13;13;16m████████
████████████████████████████████