[38;2;13;13;16m██████████[38;2;13;15;6m██[38;2;11;11;34m██[38;2;8;6;95m█[38;2;9;8;96m██[38;2;8;6;95m█[38;2;11;11;34m██[38;2;13;15;6m██[38;2;13;13;16m██████████
████████[38;2;13;15;6m██[38;2;9;9;74m█[38;2;10;10;75m█[38;2;0;0;212m██[38;2;0;0;210m█[38;2;0;0;208m██[38;2;0;0;210m█[38;2;0;0;212m██[38;2;10;10;75m█[38;2;9;9;74m█[38;2;13;15;6m██[38;2;13;13;16m████████
██████[38;2;13;13;9m██[38;2;9;10;55m██[38;2;1;1;211m█[38;2;0;0;208m█[38;2;0;0;84m█[38;2;0;0;76m█[38;2;0;0;4m█[38;2;9;9;15m██[38;2;0;0;4m█[38;2;0;0;76m█[38;2;0;0;84m█[38;2;0;0;208m█[38;2;1;1;211m█[38;2;9;10;55m██[38;2;13;13;9m██[38;2;13;13;16m██████
██████[38;2;13;13;13m██[38;2;2;2;175m██[38;2;0;0;76m█[38;2;0;0;69m█[38;2;59;58;42m█[38;2;147;146;131m█[38;2;201;201;198m█[38;2;222;222;219m██[38;2;201;201;198m█[38;2;147;146;131m█[38;2;59;58;42m█[38;2;0;0;69m█[38;2;0;0;76m█[38;2;2;2;175m██[38;2;13;13;13m██[38;2;13;13;16m██████
████[38;2;13;15;6m██[38;2;8;8;81m█[38;2;9;9;82m█[38;2;3;4;153m█[38;2;0;0;132m█[38;2;26;27;16m█[38;2;175;176;165m█[38;2;255;255;255m████████[38;2;175;176;165m█[38;2;26;27;16m█[38;2;0;0;132m█[38;2;3;4;153m█[38;2;9;9;82m█[38;2;8;8;81m█[38;2;13;15;6m██[38;2;13;13;16m████
████[38;2;13;15;6m██[38;2;4;3;146m█[38;2;6;5;148m█[38;2;0;0;41m█[38;2;41;42;94m█[38;2;229;230;222m█[38;2;255;255;255m█[38;2;254;254;254m█[38;2;253;253;253m██████[38;2;254;254;254m█[38;2;255;255;255m█[38;2;229;230;222m█[38;2;41;42;94m█[38;2;0;0;41m█[38;2;5;4;147m█[38;2;4;3;146m█[38;2;13;13;9m██[38;2;13;13;16m████
██[38;2;13;13;13m██[38;2;11;11;32m██[38;2;3;4;153m█[38;2;0;0;140m█[38;2;24;24;24m█[38;2;228;228;228m█[38;2;255;255;255m█[38;2;253;253;253m██████████[38;2;255;255;255m█[38;2;228;228;228m█[38;2;24;24;24m█[38;2;0;0;140m█[38;2;4;5;154m█[38;2;11;11;32m██[38;2;13;13;13m██[38;2;13;13;16m██
██[38;2;13;13;9m██[38;2;9;9;68m█[38;2;10;10;69m█[38;2;4;4;117m█[38;2;0;0;96m█[38;2;168;169;158m█[38;2;255;255;255m█[38;2;254;254;254m█[38;2;253;253;253m███████[38;2;254;254;254m█[38;2;253;253;253m███[38;2;255;255;255m█[38;2;167;168;157m█[38;2;0;0;96m█[38;2;4;4;117m█[38;2;10;10;69m█[38;2;9;9;68m█[38;2;13;13;9m██[38;2;13;13;16m██
██[38;2;13;15;6m██[38;2;5;8;97m█[38;2;6;9;98m█[38;2;0;0;69m█[38;2;42;42;118m█[38;2;254;255;245m█[38;2;255;255;249m█[38;2;254;254;254m█[38;2;255;255;255m██[38;2;253;253;253m████[38;2;255;255;255m███[38;2;253;253;253m██[38;2;254;255;245m██[38;2;42;42;118m█[38;2;0;0;69m█[38;2;6;9;98m█[38;2;5;8;97m█[38;2;13;15;6m██[38;2;13;13;16m██
██[38;2;13;15;6m██[38;2;5;5;117m█[38;2;6;6;118m█[38;2;0;0;34m█[38;2;127;129;176m█[38;2;255;255;255m█[38;2;193;194;186m█[38;2;39;39;39m█[38;2;138;138;138m█[38;2;249;249;249m█[38;2;255;255;255m█[38;2;254;254;254m█[38;2;253;253;253m█[38;2;255;255;255m█[38;2;122;122;122m█[38;2;52;52;52m█[38;2;186;186;186m█[38;2;255;255;255m██[38;2;253;254;246m█[38;2;255;255;255m█[38;2;127;129;176m█[38;2;0;0;34m█[38;2;6;6;118m█[38;2;5;5;117m█[38;2;13;15;6m██[38;2;13;13;16m██
██[38;2;13;13;9m██[38;2;5;5;123m██[38;2;0;0;24m█[38;2;185;183;216m█[38;2;255;255;255m█[38;2;193;193;188m█[38;2;1;1;1m█[38;2;0;0;0m█[38;2;44;44;44m█[38;2;178;178;178m█[38;2;255;255;255m█[38;2;254;254;254m█[38;2;255;255;255m█[38;2;117;117;117m█[38;2;0;0;0m██[38;2;87;87;87m█[38;2;218;218;218m█[38;2;255;255;254m█[38;2;255;255;255m█[38;2;185;183;216m█[38;2;0;0;23m█[38;2;4;5;123m██[38;2;13;13;9m██[38;2;13;13;16m██
██[38;2;13;13;9m██[38;2;4;4;125m█[38;2;2;2;123m█[38;2;0;0;25m█[38;2;205;205;232m█[38;2;255;255;255m██[38;2;232;232;232m█[38;2;90;90;90m█[38;2;0;0;0m██[38;2;120;120;120m█[38;2;255;255;255m█[38;2;254;254;254m█[38;2;255;255;255m█[38;2;194;194;194m█[38;2;38;38;38m█[38;2;0;0;0m█[38;2;3;3;3m█[38;2;196;196;194m█[38;2;255;255;255m█[38;2;205;205;232m█[38;2;0;0;25m█[38;2;2;2;123m█[38;2;4;4;125m█[38;2;13;13;9m██[38;2;13;13;16m██
██[38;2;13;13;9m██[38;2;4;4;125m█[38;2;2;2;123m█[38;2;0;0;25m█[38;2;208;208;233m█[38;2;255;255;255m██[38;2;202;202;202m█[38;2;66;66;66m█[38;2;0;0;0m██[38;2;143;143;143m█[38;2;255;255;255m█[38;2;254;254;254m█[38;2;251;251;251m█[38;2;159;159;159m█[38;2;24;24;24m█[38;2;0;0;0m█[38;2;26;26;26m█[38;2;209;209;207m█[38;2;255;255;255m█[38;2;208;208;233m█[38;2;0;0;25m█[38;2;2;2;123m█[38;2;4;4;125m█[38;2;13;13;9m██[38;2;13;13;16m██
██[38;2;13;13;9m██[38;2;4;4;125m█[38;2;2;2;123m█[38;2;0;0;25m█[38;2;208;208;233m█[38;2;255;255;255m█[38;2;180;180;178m█[38;2;0;0;0m██[38;2;74;74;74m█[38;2;208;208;208m█[38;2;255;255;255m█[38;2;253;253;253m█[38;2;255;255;255m█[38;2;96;96;96m█[38;2;0;0;0m█[38;2;3;3;3m█[38;2;122;122;122m█[38;2;239;239;239m█[38;2;255;255;255m██[38;2;208;208;233m█[38;2;0;0;25m█[38;2;2;2;123m█[38;2;4;4;125m█[38;2;13;13;9m██[38;2;13;13;16m██
██[38;2;13;13;9m██[38;2;4;4;125m█[38;2;2;2;123m█[38;2;0;0;25m█[38;2;208;208;233m█[38;2;255;255;255m█[38;2;207;207;204m█[38;2;74;74;74m█[38;2;171;171;171m█[38;2;255;255;255m██[38;2;253;253;253m██[38;2;255;255;255m█[38;2;147;147;147m█[38;2;88;88;88m█[38;2;214;214;214m█[38;2;255;255;255m██[38;2;253;253;251m█[38;2;255;255;255m█[38;2;208;208;233m█[38;2;0;0;25m█[38;2;2;2;123m█[38;2;4;4;125m█[38;2;13;13;9m██[38;2;13;13;16m██
██[38;2;13;13;9m██[38;2;4;4;125m█[38;2;2;2;123m█[38;2;0;0;25m█[38;2;208;208;233m█[38;2;255;255;255m████[38;2;254;254;254m█[38;2;253;253;253m████[38;2;255;255;255m███[38;2;253;253;253m██[38;2;253;253;251m█[38;2;255;255;255m█[38;2;208;208;233m█[38;2;0;0;25m█[38;2;2;2;123m█[38;2;4;4;125m█[38;2;13;13;9m██[38;2;13;13;16m██
██[38;2;13;13;9m██[38;2;4;4;125m█[38;2;2;2;123m█[38;2;0;0;25m█[38;2;208;208;233m█[38;2;255;255;255m█[38;2;253;253;251m█[38;2;253;253;253m████████████[38;2;253;253;251m█[38;2;255;255;255m█[38;2;208;208;233m█[38;2;0;0;25m█[38;2;2;2;123m█[38;2;4;4;125m█[38;2;13;13;9m██[38;2;13;13;16m██
██[38;2;13;13;9m██[38;2;4;4;125m█[38;2;2;2;123m█[38;2;0;0;25m█[38;2;208;208;233m█[38;2;255;255;255m█[38;2;253;253;251m█[38;2;253;253;253m████████████[38;2;253;253;251m█[38;2;255;255;255m█[38;2;208;208;233m█[38;2;0;0;25m█[38;2;2;2;123m█[38;2;4;4;125m█[38;2;13;13;9m██[38;2;13;13;16m██
██[38;2;13;13;9m██[38;2;4;4;125m█[38;2;2;2;123m█[38;2;0;0;25m█[38;2;208;208;233m█[38;2;255;255;255m█[38;2;253;253;251m█[38;2;253;253;253m████████████[38;2;253;253;251m█[38;2;255;255;255m█[38;2;208;208;233m█[38;2;0;0;25m█[38;2;2;2;123m█[38;2;4;4;125m█[38;2;13;13;9m██[38;2;13;13;16m██
██[38;2;13;13;9m██[38;2;4;4;125m█[38;2;2;2;123m█[38;2;0;0;25m█[38;2;208;208;233m█[38;2;255;255;255m█[38;2;253;253;251m█[38;2;253;253;253m████████████[38;2;253;253;251m█[38;2;255;255;255m█[38;2;208;208;233m█[38;2;0;0;25m█[38;2;2;2;123m█[38;2;4;4;125m█[38;2;13;13;9m██[38;2;13;13;16m██
██[38;2;13;13;9m██[38;2;4;4;125m█[38;2;2;2;123m█[38;2;0;0;25m█[38;2;208;208;233m█[38;2;255;255;255m█[38;2;253;253;251m█[38;2;253;253;253m████████████[38;2;253;253;251m█[38;2;255;255;255m█[38;2;208;208;233m█[38;2;0;0;25m█[38;2;2;2;123m█[38;2;4;4;125m█[38;2;13;13;9m██[38;2;13;13;16m██
██[38;2;13;13;9m██[38;2;4;4;125m█[38;2;2;2;123m█[38;2;1;1;26m█[38;2;208;208;233m█[38;2;255;255;255m█[38;2;253;253;251m█[38;2;253;253;253m████████████[38;2;253;253;251m█[38;2;255;255;255m█[38;2;208;208;233m█[38;2;1;1;26m█[38;2;2;2;123m█[38;2;4;4;125m█[38;2;13;13;9m██[38;2;13;13;16m██
██[38;2;13;13;9m██[38;2;4;4;127m█[38;2;3;3;126m█[38;2;0;0;24m█[38;2;204;204;231m█[38;2;255;255;255m█[38;2;253;253;251m█[38;2;253;253;253m██[38;2;254;254;254m██[38;2;253;253;253m████[38;2;254;254;254m██[38;2;253;253;253m██[38;2;253;253;251m█[38;2;255;255;255m█[38;2;204;204;231m█[38;2;0;0;24m█[38;2;3;3;126m█[38;2;4;4;127m█[38;2;13;13;9m██[38;2;13;13;16m██
██[38;2;13;15;6m██[38;2;4;4;127m█[38;2;5;5;129m█[38;2;0;0;28m█[38;2;127;130;169m█[38;2;255;255;255m█[38;2;255;255;251m█[38;2;254;254;254m█[38;2;255;255;255m████[38;2;254;254;254m█[38;2;255;255;255m█████[38;2;254;254;254m█[38;2;255;255;251m█[38;2;255;255;255m█[38;2;132;131;172m█[38;2;0;0;28m█[38;2;5;5;129m█[38;2;4;4;127m█[38;2;13;15;6m██[38;2;13;13;16m██
██[38;2;13;15;4m██[38;2;5;6;110m█[38;2;6;8;111m█[38;2;1;0;88m█[38;2;0;0;87m█[38;2;162;164;152m█[38;2;251;252;240m█[38;2;253;253;251m█[38;2;187;187;185m█[38;2;61;62;52m██[38;2;188;188;186m█[38;2;253;253;251m█[38;2;251;251;249m█[38;2;175;175;173m█[38;2;53;54;44m█[38;2;68;69;59m█[38;2;198;198;196m█[38;2;254;254;252m█[38;2;250;251;239m█[38;2;161;162;151m█[38;2;1;0;88m██[38;2;6;8;111m█[38;2;5;6;110m█[38;2;13;15;4m██[38;2;13;13;16m██
██[38;2;13;13;9m██[38;2;9;10;58m██[38;2;3;3;182m█[38;2;0;0;171m█[38;2;0;0;0m█[38;2;34;34;38m█[38;2;40;40;42m█[38;2;0;0;1m█[38;2;0;0;87m██[38;2;0;0;2m█[38;2;40;40;44m█[38;2;38;38;44m█[38;2;0;0;2m█[38;2;0;0;88m█[38;2;0;0;86m█[38;2;2;2;2m█[38;2;44;44;44m█[38;2;34;34;38m█[38;2;0;0;0m█[38;2;0;0;171m█[38;2;3;3;182m█[38;2;10;11;61m█[38;2;9;10;60m█[38;2;13;13;9m██[38;2;13;13;16m██
████[38;2;13;13;9m██[38;2;3;3;165m█[38;2;4;4;166m█[38;2;0;0;196m█[38;2;0;0;187m█[38;2;0;0;174m█[38;2;0;0;182m█[38;2;0;0;239m██[38;2;0;0;182m█[38;2;0;0;173m█[38;2;0;0;178m█[38;2;0;0;187m█[38;2;0;0;239m██[38;2;0;0;179m█[38;2;0;0;171m█[38;2;0;0;188m█[38;2;0;0;197m█[38;2;4;4;166m█[38;2;3;3;165m█[38;2;13;13;9m██[38;2;13;13;16m████
████[38;2;13;13;11m██[38;2;11;11;32m██[38;2;3;3;166m██[38;2;3;3;171m██[38;2;9;9;70m██[38;2;3;3;171m█[38;2;4;4;172m█[38;2;4;4;166m█[38;2;3;3;165m█[38;2;9;9;70m██[38;2;2;2;175m█[38;2;3;3;176m█[38;2;3;3;166m██[38;2;11;11;32m██[38;2;13;13;11m██[38;2;13;13;16m████
██████[38;2;13;13;11m██[38;2;13;13;9m██[38;2;13;13;11m██[38;2;13;15;6m██[38;2;13;13;11m████[38;2;13;15;6m██[38;2;13;13;11m██[38;2;13;13;9m██[38;2;13;13;11m██[38;2;13;13;16m██████
████████████████████████████████
████████████████████████████████
████████████████████████████████