[38;2;13;13;16m██████████[38;2;13;13;13m██[38;2;13;15;6m██[38;2;13;13;17m████[38;2;13;15;6m██[38;2;13;13;13m██[38;2;13;13;16m██████████
████████[38;2;13;13;11m██[38;2;13;13;17m██[38;2;5;5;126m██[38;2;0;1;202m████[38;2;5;5;126m██[38;2;13;13;17m██[38;2;13;13;11m██[38;2;13;13;16m████████
██████[38;2;13;13;13m██[38;2;13;13;16m██[38;2;3;3;165m██[38;2;0;0;180m█[38;2;0;0;168m█[38;2;0;0;68m█[38;2;0;0;66m██[38;2;0;0;68m█[38;2;0;0;168m█[38;2;0;0;180m█[38;2;4;4;166m█[38;2;3;3;165m█[38;2;13;13;16m██[38;2;13;13;13m██[38;2;13;13;16m██████
██████[38;2;13;15;4m██[38;2;5;5;123m█[38;2;6;6;124m█[38;2;0;1;152m█[38;2;0;0;134m█[38;2;0;0;0m█[38;2;51;51;46m█[38;2;105;107;95m█[38;2;134;136;124m██[38;2;105;107;95m█[38;2;51;51;46m█[38;2;0;0;0m█[38;2;0;0;134m█[38;2;0;1;152m█[38;2;8;8;125m█[38;2;5;5;123m█[38;2;13;15;4m██[38;2;13;13;16m██████
████[38;2;13;13;11m██[38;2;11;10;42m██[38;2;4;3;176m█[38;2;0;0;166m█[38;2;0;0;0m█[38;2;80;80;86m█[38;2;202;202;197m█[38;2;255;255;251m█[38;2;255;255;255m████[38;2;255;255;251m█[38;2;203;203;198m█[38;2;80;80;86m█[38;2;0;0;0m█[38;2;0;0;166m█[38;2;4;3;176m█[38;2;11;10;42m██[38;2;13;13;11m██[38;2;13;13;16m████
████[38;2;13;15;4m██[38;2;5;5;118m█[38;2;8;8;120m█[38;2;0;0;84m█[38;2;0;0;80m█[38;2;152;153;141m█[38;2;255;255;252m█[38;2;255;255;255m█[38;2;254;254;254m█[38;2;253;253;253m████[38;2;254;254;254m█[38;2;255;255;255m█[38;2;255;255;253m█[38;2;153;154;143m█[38;2;0;0;81m█[38;2;0;0;84m█[38;2;8;8;120m█[38;2;5;5;118m█[38;2;13;15;4m██[38;2;13;13;16m████
████[38;2;13;13;17m██[38;2;5;3;152m█[38;2;1;0;147m█[38;2;0;0;8m█[38;2;160;161;175m█[38;2;255;255;255m█[38;2;254;254;252m█[38;2;253;253;253m████████[38;2;254;254;252m█[38;2;255;255;255m█[38;2;161;162;176m█[38;2;0;0;8m█[38;2;0;0;147m█[38;2;3;4;152m█[38;2;13;13;17m██[38;2;13;13;16m████
██[38;2;13;13;11m██[38;2;9;11;51m██[38;2;5;5;132m█[38;2;0;0;108m█[38;2;108;109;98m█[38;2;255;255;255m█[38;2;254;254;254m█[38;2;253;253;253m██████████[38;2;254;254;254m█[38;2;255;255;255m█[38;2;109;110;100m█[38;2;0;0;108m█[38;2;5;5;132m█[38;2;11;10;51m██[38;2;13;13;11m██[38;2;13;13;16m██
██[38;2;13;15;6m██[38;2;8;8;84m█[38;2;9;9;86m█[38;2;0;0;87m█[38;2;12;11;100m█[38;2;231;232;222m█[38;2;255;255;252m█[38;2;255;255;255m██[38;2;253;253;253m██████████[38;2;255;255;250m█[38;2;233;235;224m█[38;2;13;12;101m█[38;2;0;0;87m█[38;2;9;9;86m█[38;2;8;8;84m█[38;2;13;15;6m██[38;2;13;13;16m██
██[38;2;13;15;6m██[38;2;5;6;108m█[38;2;6;8;109m█[38;2;0;0;45m█[38;2;95;95;152m█[38;2;255;255;255m█[38;2;230;231;223m█[38;2;140;140;140m█[38;2;218;218;218m█[38;2;255;255;255m██[38;2;253;253;253m████████[38;2;253;254;246m█[38;2;255;255;255m█[38;2;96;96;153m█[38;2;0;0;45m█[38;2;6;8;109m█[38;2;5;6;108m█[38;2;13;15;6m██[38;2;13;13;16m██
██[38;2;13;15;6m██[38;2;5;5;118m██[38;2;0;0;27m█[38;2;166;165;204m█[38;2;255;255;255m█[38;2;167;167;162m█[38;2;0;0;0m█[38;2;8;8;8m█[38;2;132;132;132m█[38;2;245;245;245m█[38;2;255;255;255m█[38;2;252;252;252m█[38;2;255;255;255m██████[38;2;255;255;254m█[38;2;255;255;255m█[38;2;168;167;204m█[38;2;0;0;25m█[38;2;5;5;118m██[38;2;13;15;6m██[38;2;13;13;16m██
██[38;2;13;13;9m██[38;2;4;5;123m█[38;2;3;4;122m█[38;2;0;0;23m█[38;2;200;200;226m█[38;2;255;255;255m█[38;2;247;247;243m█[38;2;143;143;143m█[38;2;23;23;23m█[38;2;0;0;0m█[38;2;34;34;34m█[38;2;186;186;186m█[38;2;255;255;255m█[38;2;210;210;210m█[38;2;104;104;104m█[38;2;102;102;102m█[38;2;103;103;103m██[38;2;100;100;100m█[38;2;194;194;189m█[38;2;255;255;255m█[38;2;201;201;228m█[38;2;0;0;24m█[38;2;3;3;124m█[38;2;4;4;125m█[38;2;13;13;9m██[38;2;13;13;16m██
██[38;2;13;13;9m██[38;2;5;4;125m█[38;2;3;2;123m█[38;2;0;0;26m█[38;2;207;207;233m█[38;2;255;255;255m███[38;2;122;122;122m█[38;2;0;0;0m██[38;2;91;91;91m█[38;2;255;255;255m█[38;2;144;144;144m█[38;2;0;0;0m█████[38;2;111;111;109m█[38;2;255;255;255m█[38;2;208;208;233m█[38;2;1;1;26m█[38;2;2;2;123m█[38;2;5;5;126m█[38;2;13;13;9m██[38;2;13;13;16m██
██[38;2;13;13;9m██[38;2;5;4;125m█[38;2;3;2;123m█[38;2;0;0;26m█[38;2;207;207;233m█[38;2;255;255;255m█[38;2;217;217;215m█[38;2;49;49;49m█[38;2;0;0;0m█[38;2;5;5;5m█[38;2;119;119;119m█[38;2;238;238;238m█[38;2;255;255;255m█[38;2;245;245;245m█[38;2;197;197;197m█[38;2;194;194;194m███[38;2;195;195;195m█[38;2;239;239;237m█[38;2;255;255;255m█[38;2;208;208;233m█[38;2;1;1;26m█[38;2;2;2;123m█[38;2;5;5;126m█[38;2;13;13;9m██[38;2;13;13;16m██
██[38;2;13;13;9m██[38;2;5;4;125m█[38;2;3;2;123m█[38;2;0;0;26m█[38;2;207;207;233m█[38;2;255;255;255m█[38;2;174;174;172m█[38;2;0;0;0m█[38;2;80;80;80m█[38;2;214;214;214m█[38;2;255;255;255m██[38;2;252;252;252m█[38;2;254;254;254m█[38;2;255;255;255m█████[38;2;255;255;253m█[38;2;255;255;255m█[38;2;208;208;233m█[38;2;1;1;26m█[38;2;2;2;123m█[38;2;5;5;126m█[38;2;13;13;9m██[38;2;13;13;16m██
██[38;2;13;13;9m██[38;2;5;4;125m█[38;2;3;2;123m█[38;2;0;0;26m█[38;2;207;207;233m█[38;2;255;255;255m█[38;2;252;252;250m█[38;2;224;224;224m█[38;2;255;255;255m██[38;2;253;253;253m█████████[38;2;253;253;251m█[38;2;255;255;255m█[38;2;208;208;233m█[38;2;1;1;26m█[38;2;2;2;123m█[38;2;5;5;126m█[38;2;13;13;9m██[38;2;13;13;16m██
██[38;2;13;13;9m██[38;2;5;4;125m█[38;2;3;2;123m█[38;2;0;0;25m█[38;2;207;207;232m█[38;2;255;255;255m█[38;2;254;254;252m█[38;2;255;255;255m█[38;2;254;254;254m█[38;2;253;253;253m██████████[38;2;253;253;251m█[38;2;255;255;255m█[38;2;208;208;233m█[38;2;1;1;26m█[38;2;2;2;123m█[38;2;5;5;126m█[38;2;13;13;9m██[38;2;13;13;16m██
██[38;2;13;13;9m██[38;2;5;4;125m█[38;2;3;2;123m█[38;2;0;0;26m█[38;2;207;207;233m█[38;2;255;255;255m█[38;2;253;253;251m█[38;2;253;253;253m████████████[38;2;253;253;251m█[38;2;255;255;255m█[38;2;208;208;233m█[38;2;1;1;26m█[38;2;2;2;123m█[38;2;5;5;126m█[38;2;13;13;9m██[38;2;13;13;16m██
██[38;2;13;13;9m██[38;2;5;4;125m█[38;2;3;2;123m█[38;2;0;0;26m█[38;2;207;207;233m█[38;2;255;255;255m█[38;2;253;253;251m█[38;2;253;253;253m████████████[38;2;253;253;251m█[38;2;255;255;255m█[38;2;208;208;233m█[38;2;0;0;25m█[38;2;2;2;123m█[38;2;5;5;126m█[38;2;13;13;9m██[38;2;13;13;16m██
██[38;2;13;13;9m██[38;2;5;4;125m█[38;2;3;2;123m█[38;2;0;0;26m█[38;2;207;207;233m█[38;2;255;255;255m█[38;2;253;253;251m█[38;2;253;253;253m████████████[38;2;253;253;251m█[38;2;255;255;255m█[38;2;207;207;232m█[38;2;0;0;25m█[38;2;2;2;123m█[38;2;5;5;126m█[38;2;13;13;9m██[38;2;13;13;16m██
██[38;2;13;13;9m██[38;2;4;4;125m█[38;2;2;2;123m█[38;2;0;0;25m█[38;2;207;207;232m█[38;2;255;255;255m█[38;2;253;253;251m█[38;2;253;253;253m████████████[38;2;253;253;251m█[38;2;255;255;255m█[38;2;207;207;232m█[38;2;0;0;25m█[38;2;2;2;123m█[38;2;5;5;126m█[38;2;13;13;9m██[38;2;13;13;16m██
██[38;2;13;13;9m██[38;2;4;4;125m█[38;2;2;2;123m█[38;2;0;0;25m█[38;2;208;208;233m█[38;2;255;255;255m█[38;2;253;253;251m█[38;2;253;253;253m████████████[38;2;253;253;251m█[38;2;255;255;255m█[38;2;207;207;232m█[38;2;0;0;25m█[38;2;2;2;123m█[38;2;5;5;126m█[38;2;13;13;9m██[38;2;13;13;16m██
██[38;2;13;13;9m██[38;2;4;4;125m█[38;2;2;2;123m█[38;2;0;0;25m█[38;2;208;208;233m█[38;2;255;255;255m█[38;2;253;253;251m█[38;2;253;253;253m████████████[38;2;253;253;251m█[38;2;255;255;255m█[38;2;208;208;233m█[38;2;0;0;25m█[38;2;2;2;123m█[38;2;5;5;126m█[38;2;13;13;9m██[38;2;13;13;16m██
██[38;2;13;13;9m██[38;2;4;4;125m█[38;2;2;2;123m█[38;2;1;1;26m█[38;2;209;209;235m█[38;2;255;255;255m█[38;2;253;253;251m█[38;2;253;253;253m████████████[38;2;253;253;251m█[38;2;255;255;255m█[38;2;209;209;235m█[38;2;1;1;26m█[38;2;2;2;123m█[38;2;5;5;126m█[38;2;13;13;9m██[38;2;13;13;16m██
██[38;2;13;13;9m██[38;2;4;4;127m█[38;2;3;3;126m█[38;2;0;0;22m█[38;2;187;187;216m█[38;2;255;255;255m█[38;2;253;253;249m█[38;2;253;253;253m█[38;2;255;255;255m███[38;2;253;253;253m███[38;2;255;255;255m███[38;2;253;253;253m██[38;2;253;253;249m█[38;2;255;255;255m█[38;2;189;189;218m█[38;2;0;0;22m█[38;2;3;3;126m█[38;2;4;4;127m█[38;2;13;13;9m██[38;2;13;13;16m██
██[38;2;13;15;6m██[38;2;5;5;123m█[38;2;6;6;124m█[38;2;0;0;45m█[38;2;68;69;123m█[38;2;255;255;251m█[38;2;255;255;255m██[38;2;229;229;229m█[38;2;187;187;185m█[38;2;242;242;239m█[38;2;255;255;255m███[38;2;223;223;223m█[38;2;187;187;185m█[38;2;246;246;244m█[38;2;255;255;255m███[38;2;225;226;216m█[38;2;65;66;119m█[38;2;0;0;46m█[38;2;5;6;124m█[38;2;4;5;123m█[38;2;13;15;6m██[38;2;13;13;16m██
██[38;2;13;15;6m██[38;2;8;6;91m█[38;2;9;8;93m█[38;2;3;3;127m█[38;2;0;0;108m█[38;2;69;69;51m█[38;2;176;176;158m█[38;2;141;141;137m█[38;2;23;23;18m█[38;2;0;0;0m█[38;2;41;41;44m█[38;2;157;158;147m█[38;2;190;192;181m█[38;2;130;130;127m█[38;2;16;16;13m█[38;2;0;0;0m█[38;2;52;52;54m█[38;2;165;166;155m█[38;2;189;190;180m█[38;2;122;120;108m█[38;2;10;9;0m█[38;2;0;0;113m█[38;2;4;4;133m█[38;2;9;8;93m█[38;2;8;6;91m█[38;2;13;15;6m██[38;2;13;13;16m██
██[38;2;13;13;13m██[38;2;11;11;32m██[38;2;2;0;196m█[38;2;1;0;195m█[38;2;0;0;56m█[38;2;0;0;52m█[38;2;0;0;84m█[38;2;0;0;98m█[38;2;2;1;172m█[38;2;0;0;158m█[38;2;0;0;16m█[38;2;0;0;18m█[38;2;0;0;96m█[38;2;0;0;110m█[38;2;2;2;165m█[38;2;0;0;150m█[38;2;0;0;15m█[38;2;0;0;17m█[38;2;0;0;101m█[38;2;0;0;116m█[38;2;0;0;212m██[38;2;11;12;30m██[38;2;13;13;13m██[38;2;13;13;16m██
████[38;2;13;15;6m██[38;2;5;6;102m█[38;2;6;8;103m█[38;2;0;0;239m█[38;2;0;0;237m█[38;2;0;0;217m██[38;2;2;0;194m█[38;2;3;1;195m█[38;2;0;0;236m█[38;2;0;0;235m█[38;2;0;0;212m██[38;2;0;1;196m█[38;2;1;2;197m█[38;2;0;0;236m█[38;2;0;0;235m█[38;2;0;0;222m██[38;2;9;9;88m█[38;2;8;8;87m█[38;2;13;15;6m██[38;2;13;13;16m████
██████[38;2;13;13;11m██[38;2;9;9;70m██[38;2;11;10;53m██[38;2;13;12;22m██[38;2;8;6;91m██[38;2;11;10;49m██[38;2;13;12;26m██[38;2;8;6;94m█[38;2;9;8;95m█[38;2;11;10;47m██[38;2;13;15;6m██[38;2;13;13;16m██████
████████[38;2;13;15;6m██[38;2;13;13;9m██[38;2;13;13;13m██[38;2;13;15;4m██[38;2;13;13;11m██[38;2;13;13;13m██[38;2;13;15;4m██[38;2;13;13;11m██[38;2;13;13;16m████████
████████████████████████████████