[38;2;13;13;16m██████████████[38;2;13;13;13m████[38;2;13;13;16m██████████████
██████████[38;2;13;13;13m██[38;2;13;15;6m██[38;2;13;13;16m██[38;2;13;13;17m██[38;2;13;15;6m██[38;2;13;13;13m██[38;2;13;13;16m██████████
████████[38;2;13;13;13m████[38;2;5;5;115m█[38;2;6;6;116m█[38;2;2;0;198m██[38;2;0;1;200m██[38;2;5;5;129m██[38;2;13;13;19m██[38;2;13;13;11m██[38;2;13;13;16m████████
██████[38;2;13;13;13m██[38;2;13;13;11m██[38;2;5;3;153m██[38;2;0;0;189m█[38;2;0;0;179m█[38;2;0;0;75m█[38;2;0;0;72m█[38;2;0;0;68m█[38;2;0;0;70m█[38;2;0;0;166m█[38;2;0;0;176m█[38;2;3;3;171m██[38;2;13;13;17m██[38;2;13;13;13m██[38;2;13;13;16m██████
██████[38;2;13;15;4m██[38;2;5;6;108m█[38;2;6;8;109m█[38;2;2;2;167m█[38;2;0;0;150m█[38;2;0;0;0m█[38;2;39;39;39m█[38;2;94;95;81m█[38;2;126;127;113m█[38;2;130;131;119m█[38;2;104;105;94m█[38;2;54;55;47m█[38;2;2;3;0m█[38;2;0;0;124m█[38;2;1;0;143m█[38;2;6;6;133m█[38;2;4;4;131m█[38;2;13;15;4m██[38;2;13;13;16m██████
████[38;2;13;13;13m██[38;2;11;11;32m██[38;2;3;3;178m█[38;2;0;0;171m█[38;2;0;0;5m█[38;2;54;55;73m█[38;2;185;186;178m█[38;2;250;251;243m█[38;2;255;255;255m████[38;2;255;255;252m█[38;2;209;209;204m█[38;2;94;94;96m█[38;2;0;0;0m█[38;2;0;0;159m█[38;2;4;4;172m█[38;2;11;10;51m██[38;2;13;13;11m██[38;2;13;13;16m████
████[38;2;13;15;4m██[38;2;5;6;104m█[38;2;6;8;105m█[38;2;1;2;103m█[38;2;0;0;86m█[38;2;120;122;108m█[38;2;255;255;243m█[38;2;255;255;255m██[38;2;253;253;253m████[38;2;254;254;254m█[38;2;255;255;255m██[38;2;174;175;164m█[38;2;5;5;79m█[38;2;0;0;68m█[38;2;6;6;131m█[38;2;4;4;129m█[38;2;13;15;4m██[38;2;13;13;16m████
████[38;2;13;13;13m██[38;2;5;4;147m█[38;2;3;2;145m█[38;2;0;0;13m█[38;2;123;123;150m█[38;2;255;255;255m█[38;2;255;255;252m█[38;2;253;253;253m████████[38;2;253;253;251m█[38;2;255;255;255m█[38;2;192;192;197m█[38;2;5;5;11m█[38;2;0;0;144m█[38;2;3;4;153m█[38;2;13;12;26m██[38;2;13;13;13m██[38;2;13;13;16m██
██[38;2;13;13;13m██[38;2;11;11;38m██[38;2;5;4;141m█[38;2;0;0;122m█[38;2;67;67;62m█[38;2;255;255;254m█[38;2;255;255;255m█[38;2;253;253;253m███████████[38;2;255;255;255m█[38;2;145;146;134m█[38;2;0;0;100m█[38;2;5;5;123m█[38;2;10;11;65m█[38;2;9;10;63m█[38;2;13;13;9m██[38;2;13;13;16m██
██[38;2;13;13;9m██[38;2;9;9;70m██[38;2;3;4;108m█[38;2;0;0;96m█[38;2;200;201;189m█[38;2;255;255;255m███[38;2;253;253;253m██████████[38;2;255;255;246m█[38;2;252;253;243m█[38;2;39;39;115m█[38;2;0;0;70m█[38;2;9;8;98m█[38;2;8;6;97m█[38;2;13;15;6m██[38;2;13;13;16m██
██[38;2;13;15;6m██[38;2;8;6;95m█[38;2;9;8;96m█[38;2;0;0;66m█[38;2;53;53;126m█[38;2;255;255;253m█[38;2;225;226;216m█[38;2;146;146;146m█[38;2;229;229;229m█[38;2;255;255;255m██[38;2;253;253;253m████████[38;2;253;253;249m█[38;2;255;255;255m█[38;2;138;140;182m█[38;2;0;0;30m█[38;2;6;6;119m█[38;2;5;5;118m█[38;2;13;15;6m██[38;2;13;13;16m██
██[38;2;13;15;6m██[38;2;5;6;108m█[38;2;6;8;109m█[38;2;0;0;38m█[38;2;120;122;173m█[38;2;255;255;255m█[38;2;146;147;139m█[38;2;0;0;0m█[38;2;18;18;18m█[38;2;147;147;147m█[38;2;252;252;252m█[38;2;255;255;255m█[38;2;252;252;252m█[38;2;255;255;255m████████[38;2;204;204;230m█[38;2;0;0;24m█[38;2;2;2;125m█[38;2;5;5;129m█[38;2;13;13;9m██[38;2;13;13;16m██
██[38;2;13;15;6m██[38;2;5;5;117m█[38;2;6;6;118m█[38;2;0;0;28m█[38;2;161;160;201m█[38;2;255;255;255m█[38;2;243;243;238m█[38;2;126;126;126m█[38;2;13;13;13m█[38;2;0;0;0m█[38;2;47;47;47m█[38;2;200;200;200m█[38;2;255;255;255m█[38;2;203;203;203m█[38;2;107;107;107m█[38;2;108;108;108m████[38;2;207;207;204m█[38;2;255;255;255m█[38;2;230;231;246m█[38;2;15;16;31m█[38;2;0;0;123m█[38;2;5;5;130m█[38;2;13;13;13m██[38;2;13;13;16m██
██[38;2;13;15;6m██[38;2;5;5;118m██[38;2;0;0;28m█[38;2;171;169;209m█[38;2;255;255;255m███[38;2;108;108;108m█[38;2;0;0;0m██[38;2;110;110;110m█[38;2;255;255;255m█[38;2;123;123;123m█[38;2;0;0;0m█████[38;2;130;130;127m█[38;2;255;255;255m█[38;2;236;237;251m█[38;2;20;22;35m█[38;2;0;0;122m█[38;2;6;5;130m█[38;2;13;13;13m██[38;2;13;13;16m██
██[38;2;13;15;6m██[38;2;5;5;117m██[38;2;0;0;28m█[38;2;171;169;209m█[38;2;255;255;255m█[38;2;209;209;204m█[38;2;44;44;44m█[38;2;0;0;0m█[38;2;9;9;9m█[38;2;125;125;125m█[38;2;242;242;242m█[38;2;255;255;255m█[38;2;240;240;240m█[38;2;192;192;192m█[38;2;189;189;189m█[38;2;190;190;190m█[38;2;189;189;189m█[38;2;192;192;192m█[38;2;242;242;239m█[38;2;255;255;255m█[38;2;236;237;252m█[38;2;20;22;37m█[38;2;0;0;124m█[38;2;6;5;132m█[38;2;13;13;13m██[38;2;13;13;16m██
██[38;2;13;15;6m██[38;2;5;5;117m██[38;2;0;0;28m█[38;2;172;171;210m█[38;2;255;255;255m█[38;2;153;153;148m█[38;2;0;0;0m█[38;2;87;87;87m█[38;2;218;218;218m█[38;2;255;255;255m██[38;2;252;252;252m█[38;2;255;255;255m██████[38;2;255;255;253m█[38;2;255;255;254m█[38;2;235;236;251m█[38;2;19;20;35m█[38;2;0;0;124m█[38;2;5;5;132m█[38;2;13;13;13m██[38;2;13;13;16m██
██[38;2;13;15;6m██[38;2;5;5;118m██[38;2;0;0;26m█[38;2;174;173;210m█[38;2;255;255;255m█[38;2;249;249;244m█[38;2;221;221;221m█[38;2;255;255;255m██[38;2;253;253;253m█████████[38;2;253;253;251m█[38;2;255;255;254m█[38;2;233;235;250m█[38;2;18;19;34m█[38;2;0;0;122m█[38;2;5;5;130m█[38;2;13;13;13m██[38;2;13;13;16m██
██[38;2;13;15;6m██[38;2;5;5;118m██[38;2;0;0;26m█[38;2;175;174;211m█[38;2;255;255;255m█[38;2;254;254;250m█[38;2;255;255;255m█[38;2;254;254;254m█[38;2;253;253;253m██████████[38;2;253;253;251m█[38;2;255;255;254m█[38;2;232;233;249m█[38;2;17;18;33m█[38;2;0;0;123m█[38;2;5;5;130m█[38;2;13;13;13m██[38;2;13;13;16m██
██[38;2;13;15;6m██[38;2;5;5;118m██[38;2;0;0;27m█[38;2;178;176;214m█[38;2;255;255;255m█[38;2;253;253;249m█[38;2;253;253;253m████████████[38;2;253;253;251m█[38;2;255;255;254m█[38;2;231;232;247m█[38;2;16;17;32m█[38;2;0;0;123m█[38;2;5;5;130m█[38;2;13;13;13m██[38;2;13;13;16m██
██[38;2;13;15;6m██[38;2;5;5;118m██[38;2;0;0;25m█[38;2;181;180;215m█[38;2;255;255;255m█[38;2;253;253;249m█[38;2;253;253;253m████████████[38;2;253;253;251m█[38;2;255;255;255m█[38;2;229;230;247m█[38;2;15;16;33m█[38;2;0;0;123m█[38;2;5;5;130m█[38;2;13;13;11m██[38;2;13;13;16m██
██[38;2;13;15;6m██[38;2;5;5;120m██[38;2;0;0;26m█[38;2;185;183;218m█[38;2;255;255;255m█[38;2;253;253;249m█[38;2;253;253;253m████████████[38;2;253;253;251m█[38;2;255;255;255m█[38;2;226;228;245m█[38;2;12;13;31m█[38;2;0;0;124m█[38;2;5;5;130m█[38;2;13;13;11m██[38;2;13;13;16m██
██[38;2;13;13;9m██[38;2;5;5;120m██[38;2;0;0;25m█[38;2;188;187;219m█[38;2;255;255;255m█[38;2;253;253;249m█[38;2;253;253;253m████████████[38;2;253;253;251m█[38;2;255;255;255m█[38;2;224;224;245m█[38;2;10;10;31m█[38;2;0;0;124m█[38;2;5;5;130m█[38;2;13;13;11m██[38;2;13;13;16m██
██[38;2;13;13;9m██[38;2;5;5;120m█[38;2;4;4;119m█[38;2;0;0;25m█[38;2;192;190;223m█[38;2;255;255;255m█[38;2;253;253;249m█[38;2;253;253;253m████████████[38;2;253;253;251m█[38;2;255;255;255m█[38;2;222;222;243m█[38;2;8;8;28m█[38;2;0;0;124m█[38;2;5;5;130m█[38;2;13;13;11m██[38;2;13;13;16m██
██[38;2;13;13;9m██[38;2;4;5;123m█[38;2;3;4;122m█[38;2;0;0;25m█[38;2;196;196;225m█[38;2;255;255;255m█[38;2;253;253;249m█[38;2;253;253;253m████████████[38;2;253;253;251m█[38;2;255;255;255m█[38;2;219;219;240m█[38;2;6;6;27m█[38;2;1;1;124m█[38;2;5;5;129m█[38;2;13;13;11m██[38;2;13;13;16m██
██[38;2;13;13;9m██[38;2;5;5;123m██[38;2;0;0;24m█[38;2;192;190;223m█[38;2;255;255;255m█[38;2;253;253;249m█[38;2;253;253;253m█[38;2;255;255;255m█[38;2;254;254;254m█[38;2;253;253;253m████[38;2;255;255;255m█[38;2;254;254;254m█[38;2;253;253;253m███[38;2;253;253;251m█[38;2;255;255;255m█[38;2;211;211;237m█[38;2;0;0;25m█[38;2;2;2;125m█[38;2;5;5;129m█[38;2;13;13;9m██[38;2;13;13;16m██
██[38;2;13;15;6m██[38;2;5;5;117m█[38;2;6;6;118m█[38;2;0;0;35m█[38;2;107;108;155m█[38;2;255;255;255m█[38;2;255;255;253m█[38;2;255;255;255m█[38;2;245;245;245m█[38;2;255;255;255m█████[38;2;244;244;244m█[38;2;255;255;255m█████[38;2;254;254;250m█[38;2;122;124;164m█[38;2;0;0;28m█[38;2;6;6;122m█[38;2;5;5;120m█[38;2;13;15;6m██[38;2;13;13;16m██
██[38;2;13;15;6m██[38;2;8;6;91m█[38;2;9;8;93m█[38;2;1;2;100m█[38;2;0;0;89m█[38;2;138;137;124m█[38;2;231;230;217m█[38;2;134;136;127m█[38;2;27;28;20m█[38;2;62;62;58m█[38;2;195;195;190m█[38;2;245;245;245m█[38;2;229;229;229m█[38;2;119;120;112m█[38;2;23;24;16m█[38;2;72;72;67m█[38;2;204;204;200m█[38;2;246;246;246m█[38;2;224;224;224m█[38;2;108;108;89m█[38;2;28;28;10m█[38;2;0;0;88m█[38;2;3;2;95m█[38;2;9;8;96m█[38;2;8;6;95m█[38;2;13;15;6m██[38;2;13;13;16m██
██[38;2;13;13;13m██[38;2;11;11;37m██[38;2;4;3;176m█[38;2;0;0;168m█[38;2;0;0;9m█[38;2;5;6;24m█[38;2;0;0;81m█[38;2;0;0;91m█[38;2;0;0;55m█[38;2;0;0;59m█[38;2;27;28;17m█[38;2;13;15;3m█[38;2;0;0;88m█[38;2;0;0;101m█[38;2;0;0;47m█[38;2;0;0;54m█[38;2;30;31;19m█[38;2;11;12;1m█[38;2;0;0;90m█[38;2;0;0;102m█[38;2;0;0;183m█[38;2;2;1;189m█[38;2;11;11;37m██[38;2;13;13;11m██[38;2;13;13;16m██
████[38;2;13;15;6m██[38;2;5;6;108m█[38;2;6;8;109m█[38;2;0;0;216m█[38;2;0;0;211m█[38;2;1;0;197m█[38;2;3;1;200m█[38;2;0;1;202m█[38;2;0;0;198m█[38;2;0;0;185m█[38;2;0;0;188m█[38;2;0;1;200m██[38;2;0;1;202m█[38;2;0;0;197m█[38;2;0;0;185m█[38;2;0;0;188m█[38;2;0;1;204m██[38;2;6;8;105m█[38;2;5;6;104m█[38;2;13;15;6m██[38;2;13;13;16m████
██████[38;2;13;13;13m██[38;2;8;8;79m█[38;2;9;9;80m█[38;2;11;11;37m██[38;2;9;10;55m█[38;2;10;11;56m█[38;2;6;8;109m██[38;2;11;12;30m██[38;2;9;10;60m█[38;2;10;11;61m█[38;2;6;8;109m██[38;2;11;12;30m██[38;2;13;13;9m██[38;2;13;13;16m██████
████████[38;2;13;15;6m██[38;2;13;13;11m██[38;2;13;13;9m██[38;2;13;15;4m██[38;2;13;13;13m██[38;2;13;13;9m██[38;2;13;15;4m██[38;2;13;13;13m██[38;2;13;13;16m████████
████████████████████████████████