[38;2;13;13;16m██████████[38;2;13;13;11m██[38;2;13;13;9m██[38;2;11;11;37m████[38;2;13;13;9m██[38;2;13;13;11m██[38;2;13;13;16m██████████
████████[38;2;13;13;9m██[38;2;11;11;32m██[38;2;3;4;158m██[38;2;0;0;228m█[38;2;0;0;229m██[38;2;0;0;228m█[38;2;3;4;158m██[38;2;11;11;32m██[38;2;13;13;9m██[38;2;13;13;16m████████
██████[38;2;13;13;11m██[38;2;13;12;24m██[38;2;2;1;192m█[38;2;3;2;193m█[38;2;0;0;232m█[38;2;0;0;229m█[38;2;0;0;151m█[38;2;0;0;146m█[38;2;0;0;148m█[38;2;0;0;153m█[38;2;0;0;229m█[38;2;0;0;232m█[38;2;3;2;193m█[38;2;2;1;192m█[38;2;13;12;24m██[38;2;13;13;11m██[38;2;13;13;16m██████
██████[38;2;13;15;6m██[38;2;4;3;144m█[38;2;5;4;145m█[38;2;1;1;208m█[38;2;0;0;197m█[38;2;0;0;24m█[38;2;0;0;33m█[38;2;28;30;18m█[38;2;48;49;38m██[38;2;28;30;18m█[38;2;0;0;33m█[38;2;0;0;24m█[38;2;0;0;197m█[38;2;1;1;208m█[38;2;5;4;145m█[38;2;4;3;144m█[38;2;13;15;6m██[38;2;13;13;16m██████
████[38;2;13;13;9m██[38;2;11;10;51m██[38;2;0;0;212m█[38;2;0;0;211m█[38;2;0;0;28m█[38;2;12;11;51m█[38;2;117;118;107m█[38;2;204;205;194m█[38;2;243;243;243m█[38;2;254;254;254m██[38;2;243;243;243m█[38;2;204;205;194m█[38;2;118;119;108m█[38;2;12;11;51m█[38;2;0;0;28m█[38;2;0;0;211m█[38;2;1;1;214m█[38;2;11;10;51m██[38;2;13;13;9m██[38;2;13;13;16m████
████[38;2;13;15;4m██[38;2;4;3;136m█[38;2;5;4;137m█[38;2;3;3;127m█[38;2;0;0;104m█[38;2;74;73;60m█[38;2;226;225;212m█[38;2;255;255;255m███[38;2;254;254;254m██[38;2;255;255;255m███[38;2;226;225;212m█[38;2;74;73;60m█[38;2;0;0;104m█[38;2;3;3;127m█[38;2;5;4;137m█[38;2;4;3;136m█[38;2;13;15;4m██[38;2;13;13;16m████
██[38;2;13;13;13m██[38;2;13;13;19m██[38;2;2;2;179m█[38;2;1;1;178m█[38;2;0;0;16m█[38;2;90;90;119m█[38;2;255;255;252m█[38;2;255;255;255m█[38;2;253;253;253m████████[38;2;255;255;255m█[38;2;255;255;252m█[38;2;90;90;119m█[38;2;0;0;16m█[38;2;1;1;178m█[38;2;2;2;179m█[38;2;13;13;19m██[38;2;13;13;13m██[38;2;13;13;16m██
██[38;2;13;13;11m██[38;2;9;10;55m██[38;2;4;5;159m█[38;2;0;0;139m█[38;2;55;56;48m█[38;2;252;253;245m█[38;2;255;255;255m█[38;2;253;253;253m██████████[38;2;255;255;255m█[38;2;252;253;245m█[38;2;55;56;48m█[38;2;0;0;139m█[38;2;4;5;159m█[38;2;9;10;55m██[38;2;13;13;11m██[38;2;13;13;16m██
██[38;2;13;15;6m██[38;2;8;6;91m█[38;2;9;8;93m█[38;2;2;2;109m█[38;2;0;0;98m█[38;2;200;201;189m█[38;2;255;255;253m█[38;2;255;255;255m█[38;2;254;254;254m█[38;2;253;253;253m█████[38;2;255;255;255m██[38;2;253;253;253m███[38;2;255;255;253m█[38;2;200;201;189m█[38;2;0;0;98m█[38;2;2;2;109m█[38;2;9;8;93m█[38;2;8;6;91m█[38;2;13;15;6m██[38;2;13;13;16m██
██[38;2;13;15;4m██[38;2;5;5;117m█[38;2;8;8;119m█[38;2;0;0;59m█[38;2;65;66;133m█[38;2;255;255;252m█[38;2;253;254;244m█[38;2;231;231;231m█[38;2;255;255;255m██[38;2;253;253;253m███[38;2;254;254;254m█[38;2;245;245;245m█[38;2;236;236;236m█[38;2;255;255;255m██[38;2;253;253;253m█[38;2;253;254;244m█[38;2;255;255;252m█[38;2;65;66;133m█[38;2;0;0;59m█[38;2;8;8;119m█[38;2;5;5;117m█[38;2;13;15;4m██[38;2;13;13;16m██
██[38;2;13;15;6m██[38;2;4;4;125m█[38;2;5;5;126m█[38;2;0;0;30m█[38;2;145;147;189m█[38;2;255;255;255m█[38;2;176;176;172m█[38;2;0;0;0m█[38;2;90;90;90m█[38;2;222;222;222m█[38;2;255;255;255m██[38;2;253;253;253m█[38;2;255;255;255m█[38;2;93;93;93m█[38;2;10;10;10m█[38;2;140;140;140m█[38;2;249;249;249m█[38;2;255;255;255m█[38;2;253;253;249m█[38;2;255;255;255m█[38;2;145;147;189m█[38;2;0;0;30m█[38;2;5;5;126m█[38;2;4;4;125m█[38;2;13;15;6m██[38;2;13;13;16m██
██[38;2;13;13;9m██[38;2;4;4;127m█[38;2;3;3;126m█[38;2;0;0;23m█[38;2;193;193;222m█[38;2;255;255;255m█[38;2;212;212;208m█[38;2;39;39;39m█[38;2;0;0;0m█[38;2;11;11;11m█[38;2;130;130;130m█[38;2;243;243;243m█[38;2;255;255;255m██[38;2;153;153;153m█[38;2;3;3;3m█[38;2;0;0;0m█[38;2;44;44;44m█[38;2;179;179;179m█[38;2;255;255;251m█[38;2;255;255;255m█[38;2;193;193;222m█[38;2;0;0;23m█[38;2;3;3;126m█[38;2;4;4;127m█[38;2;13;13;9m██[38;2;13;13;16m██
██[38;2;13;13;9m██[38;2;4;4;125m█[38;2;2;2;123m█[38;2;0;0;25m█[38;2;207;207;232m█[38;2;255;255;255m███[38;2;117;117;117m█[38;2;0;0;0m██[38;2;96;96;96m█[38;2;255;255;255m█[38;2;253;253;253m█[38;2;255;255;255m█[38;2;231;231;231m█[38;2;53;53;53m█[38;2;0;0;0m██[38;2;182;182;180m█[38;2;255;255;255m█[38;2;207;207;232m█[38;2;0;0;25m█[38;2;2;2;123m█[38;2;4;4;125m█[38;2;13;13;9m██[38;2;13;13;16m██
██[38;2;13;13;9m██[38;2;4;4;125m█[38;2;2;2;123m█[38;2;0;0;25m█[38;2;208;208;233m█[38;2;255;255;255m█[38;2;250;250;247m█[38;2;153;153;153m█[38;2;30;30;30m█[38;2;0;0;0m█[38;2;26;26;26m█[38;2;178;178;178m█[38;2;255;255;255m██[38;2;229;229;229m█[38;2;107;107;107m█[38;2;3;3;3m█[38;2;0;0;0m█[38;2;68;68;68m█[38;2;228;228;225m█[38;2;255;255;255m█[38;2;208;208;233m█[38;2;0;0;25m█[38;2;2;2;123m█[38;2;4;4;125m█[38;2;13;13;9m██[38;2;13;13;16m██
██[38;2;13;13;9m██[38;2;4;4;125m█[38;2;2;2;123m█[38;2;0;0;25m█[38;2;208;208;233m█[38;2;255;255;255m█[38;2;168;168;166m█[38;2;0;0;0m█[38;2;2;2;2m█[38;2;122;122;122m█[38;2;239;239;239m█[38;2;255;255;255m█[38;2;253;253;253m█[38;2;255;255;255m█[38;2;76;76;76m█[38;2;0;0;0m█[38;2;35;35;35m█[38;2;169;169;169m█[38;2;255;255;255m███[38;2;208;208;233m█[38;2;0;0;25m█[38;2;2;2;123m█[38;2;4;4;125m█[38;2;13;13;9m██[38;2;13;13;16m██
██[38;2;13;13;9m██[38;2;4;4;125m█[38;2;2;2;123m█[38;2;0;0;25m█[38;2;208;208;233m█[38;2;255;255;255m█[38;2;225;225;223m█[38;2;129;129;129m█[38;2;211;211;211m█[38;2;255;255;255m██[38;2;253;253;253m██[38;2;255;255;255m█[38;2;185;185;185m█[38;2;140;140;140m█[38;2;243;243;243m█[38;2;255;255;255m█[38;2;254;254;254m█[38;2;253;253;251m█[38;2;255;255;255m█[38;2;208;208;233m█[38;2;0;0;25m█[38;2;2;2;123m█[38;2;4;4;125m█[38;2;13;13;9m██[38;2;13;13;16m██
██[38;2;13;13;9m██[38;2;4;4;125m█[38;2;2;2;123m█[38;2;0;0;25m█[38;2;208;208;233m█[38;2;255;255;255m█[38;2;255;255;254m█[38;2;255;255;255m██[38;2;253;253;253m█████[38;2;255;255;255m███[38;2;253;253;253m██[38;2;253;253;251m█[38;2;255;255;255m█[38;2;208;208;233m█[38;2;0;0;25m█[38;2;2;2;123m█[38;2;4;4;125m█[38;2;13;13;9m██[38;2;13;13;16m██
██[38;2;13;13;9m██[38;2;4;4;125m█[38;2;2;2;123m█[38;2;0;0;25m█[38;2;208;208;233m█[38;2;255;255;255m█[38;2;253;253;251m█[38;2;253;253;253m████████████[38;2;253;253;251m█[38;2;255;255;255m█[38;2;208;208;233m█[38;2;0;0;25m█[38;2;2;2;123m█[38;2;4;4;125m█[38;2;13;13;9m██[38;2;13;13;16m██
██[38;2;13;13;9m██[38;2;4;4;125m█[38;2;2;2;123m█[38;2;0;0;25m█[38;2;208;208;233m█[38;2;255;255;255m█[38;2;253;253;251m█[38;2;253;253;253m████████████[38;2;253;253;251m█[38;2;255;255;255m█[38;2;208;208;233m█[38;2;0;0;25m█[38;2;2;2;123m█[38;2;4;4;125m█[38;2;13;13;9m██[38;2;13;13;16m██
██[38;2;13;13;9m██[38;2;4;4;125m█[38;2;2;2;123m█[38;2;0;0;25m█[38;2;208;208;233m█[38;2;255;255;255m█[38;2;253;253;251m█[38;2;253;253;253m████████████[38;2;253;253;251m█[38;2;255;255;255m█[38;2;208;208;233m█[38;2;0;0;25m█[38;2;2;2;123m█[38;2;4;4;125m█[38;2;13;13;9m██[38;2;13;13;16m██
██[38;2;13;13;9m██[38;2;4;4;125m█[38;2;2;2;123m█[38;2;0;0;25m█[38;2;208;208;233m█[38;2;255;255;255m█[38;2;253;253;251m█[38;2;253;253;253m████████████[38;2;253;253;251m█[38;2;255;255;255m█[38;2;208;208;233m█[38;2;0;0;25m█[38;2;2;2;123m█[38;2;4;4;125m█[38;2;13;13;9m██[38;2;13;13;16m██
██[38;2;13;13;9m██[38;2;4;4;125m█[38;2;2;2;123m█[38;2;1;1;26m█[38;2;208;208;233m█[38;2;255;255;255m█[38;2;253;253;251m█[38;2;253;253;253m████████████[38;2;253;253;251m█[38;2;255;255;255m█[38;2;208;208;233m█[38;2;1;1;26m█[38;2;2;2;123m█[38;2;4;4;125m█[38;2;13;13;9m██[38;2;13;13;16m██
██[38;2;13;13;9m██[38;2;4;4;125m█[38;2;3;3;124m█[38;2;0;0;23m█[38;2;203;203;230m█[38;2;255;255;255m█[38;2;253;253;251m█[38;2;253;253;253m██[38;2;254;254;254m██[38;2;253;253;253m████[38;2;254;254;254m██[38;2;253;253;253m██[38;2;253;253;251m█[38;2;255;255;255m█[38;2;204;204;231m█[38;2;0;0;24m█[38;2;3;3;124m█[38;2;4;4;125m█[38;2;13;13;9m██[38;2;13;13;16m██
██[38;2;13;15;6m██[38;2;5;5;120m█[38;2;6;6;122m█[38;2;0;0;28m█[38;2;125;127;167m█[38;2;255;255;255m█[38;2;255;255;251m█[38;2;254;254;254m█[38;2;255;255;255m██████████[38;2;254;254;254m█[38;2;255;255;251m█[38;2;255;255;255m█[38;2;127;130;169m█[38;2;0;0;28m█[38;2;6;6;122m█[38;2;5;5;120m█[38;2;13;15;6m██[38;2;13;13;16m██
██[38;2;13;15;6m██[38;2;8;6;95m█[38;2;9;8;96m█[38;2;1;0;88m█[38;2;0;0;86m█[38;2;159;160;148m█[38;2;249;250;238m█[38;2;252;252;250m█[38;2;190;190;188m█[38;2;62;63;53m█[38;2;54;55;45m█[38;2;179;179;176m█[38;2;251;251;249m██[38;2;179;179;176m█[38;2;54;55;45m█[38;2;60;61;51m█[38;2;190;190;188m█[38;2;253;253;251m█[38;2;249;250;238m█[38;2;162;164;152m█[38;2;1;0;88m██[38;2;9;8;98m█[38;2;8;6;97m█[38;2;13;15;6m██[38;2;13;13;16m██
██[38;2;13;13;11m██[38;2;11;11;40m██[38;2;4;4;172m█[38;2;0;0;161m█[38;2;0;0;2m█[38;2;32;31;40m█[38;2;39;39;41m█[38;2;0;0;2m█[38;2;0;0;93m█[38;2;0;0;94m█[38;2;0;0;2m█[38;2;37;37;42m██[38;2;0;0;3m█[38;2;0;0;94m█[38;2;0;0;93m█[38;2;0;0;2m█[38;2;39;39;41m█[38;2;33;33;39m█[38;2;0;0;0m█[38;2;0;0;160m█[38;2;4;4;172m█[38;2;11;10;42m██[38;2;13;13;11m██[38;2;13;13;16m██
████[38;2;13;15;6m██[38;2;4;5;120m█[38;2;5;6;122m█[38;2;0;0;197m█[38;2;0;0;189m█[38;2;0;0;175m█[38;2;0;0;183m█[38;2;0;0;209m█[38;2;1;1;210m█[38;2;0;0;186m█[38;2;0;0;178m██[38;2;0;0;186m█[38;2;1;1;210m██[38;2;0;0;183m█[38;2;0;0;175m█[38;2;0;0;189m█[38;2;0;0;197m█[38;2;5;5;126m█[38;2;4;4;125m█[38;2;13;15;6m██[38;2;13;13;16m████
████[38;2;13;13;13m██[38;2;13;13;16m██[38;2;5;6;102m█[38;2;6;8;103m█[38;2;6;8;111m██[38;2;11;12;26m██[38;2;6;8;108m████[38;2;11;12;26m██[38;2;6;8;111m██[38;2;6;8;105m█[38;2;5;6;104m█[38;2;13;13;16m██[38;2;13;13;13m██[38;2;13;13;16m████
████████[38;2;13;15;6m██[38;2;13;15;4m██[38;2;13;13;13m██[38;2;13;15;6m████[38;2;13;13;13m██[38;2;13;15;4m██[38;2;13;15;6m██[38;2;13;13;16m████████
████████████████████████████████
████████████████████████████████
████████████████████████████████