[38;2;13;13;16m████████████[38;2;13;13;9m██[38;2;13;15;4m████[38;2;13;13;9m██[38;2;13;13;16m████████████
██████████[38;2;13;15;6m██[38;2;11;10;53m██[38;2;4;5;123m██[38;2;5;4;125m██[38;2;11;10;53m██[38;2;13;15;6m██[38;2;13;13;16m██████████
████████[38;2;13;15;6m██[38;2;8;6;95m█[38;2;9;8;96m█[38;2;0;0;232m█[38;2;0;0;233m█[38;2;0;0;247m█[38;2;0;0;246m██[38;2;0;0;247m█[38;2;0;0;233m█[38;2;0;0;232m█[38;2;9;8;96m█[38;2;8;6;95m█[38;2;13;15;6m██[38;2;13;13;16m████████
██████[38;2;13;15;6m██[38;2;9;9;70m█[38;2;10;10;72m█[38;2;0;0;236m█[38;2;0;0;237m█[38;2;0;0;164m█[38;2;0;0;152m█[38;2;0;0;54m█[38;2;0;0;53m█[38;2;0;0;51m█[38;2;0;0;52m█[38;2;0;0;152m█[38;2;0;0;164m█[38;2;0;0;239m█[38;2;0;0;238m█[38;2;10;10;72m█[38;2;9;9;70m█[38;2;13;15;6m██[38;2;13;13;16m██████
████[38;2;13;13;13m██[38;2;13;13;17m██[38;2;2;0;196m█[38;2;3;1;197m█[38;2;0;2;141m█[38;2;0;0;123m█[38;2;2;3;0m█[38;2;58;59;51m█[38;2;113;115;103m█[38;2;143;144;132m██[38;2;113;115;103m█[38;2;58;59;51m█[38;2;2;3;0m█[38;2;0;0;123m█[38;2;2;1;141m█[38;2;3;1;200m█[38;2;2;0;198m█[38;2;13;13;17m██[38;2;13;13;13m██[38;2;13;13;16m████
████[38;2;13;15;6m██[38;2;8;6;89m█[38;2;9;8;90m█[38;2;3;1;195m█[38;2;0;0;183m█[38;2;0;0;0m█[38;2;88;88;90m█[38;2;209;209;204m█[38;2;255;255;253m█[38;2;255;255;255m████[38;2;255;255;253m█[38;2;209;209;204m█[38;2;88;88;90m█[38;2;0;0;0m█[38;2;0;0;183m█[38;2;3;1;195m█[38;2;9;8;90m█[38;2;8;6;89m█[38;2;13;15;6m██[38;2;13;13;16m████
████[38;2;13;13;9m██[38;2;2;2;165m█[38;2;4;4;167m█[38;2;0;0;80m█[38;2;0;0;79m█[38;2;160;161;150m█[38;2;255;255;254m█[38;2;255;255;255m█[38;2;254;254;254m█[38;2;253;253;253m████[38;2;254;254;254m█[38;2;255;255;255m█[38;2;255;255;254m█[38;2;160;161;150m█[38;2;0;0;77m█[38;2;0;0;80m█[38;2;4;4;169m█[38;2;2;2;167m█[38;2;13;13;9m██[38;2;13;13;16m████
██[38;2;13;13;13m██[38;2;11;11;34m██[38;2;2;2;179m█[38;2;0;0;173m█[38;2;0;0;4m█[38;2;169;168;178m█[38;2;255;255;255m█[38;2;254;254;252m█[38;2;253;253;253m████████[38;2;254;254;252m█[38;2;255;255;255m█[38;2;169;168;178m█[38;2;0;0;4m█[38;2;0;0;173m█[38;2;2;2;179m█[38;2;11;11;34m██[38;2;13;13;13m██[38;2;13;13;16m██
██[38;2;13;13;9m██[38;2;9;9;74m█[38;2;10;10;75m█[38;2;5;4;143m█[38;2;0;0;118m█[38;2;113;115;103m█[38;2;255;255;255m█[38;2;253;253;253m████████████[38;2;255;255;255m█[38;2;113;115;103m█[38;2;0;0;118m█[38;2;5;4;143m█[38;2;9;9;74m██[38;2;13;13;9m██[38;2;13;13;16m██
██[38;2;13;15;4m██[38;2;5;6;107m█[38;2;6;8;108m█[38;2;0;0;89m█[38;2;15;13;104m█[38;2;235;236;224m█[38;2;255;255;251m█[38;2;255;255;255m██[38;2;253;253;253m██████████[38;2;255;255;247m█[38;2;235;236;224m█[38;2;15;13;104m█[38;2;0;0;89m█[38;2;6;8;108m█[38;2;5;6;107m█[38;2;13;15;4m██[38;2;13;13;16m██
██[38;2;13;15;6m██[38;2;5;5;123m█[38;2;6;6;124m█[38;2;0;0;45m█[38;2;98;98;155m█[38;2;255;255;255m█[38;2;226;228;219m█[38;2;129;129;129m█[38;2;211;211;211m█[38;2;255;255;255m██[38;2;253;253;253m████████[38;2;253;254;246m█[38;2;255;255;255m█[38;2;98;98;155m█[38;2;0;0;45m█[38;2;6;6;124m█[38;2;5;5;123m█[38;2;13;15;6m██[38;2;13;13;16m██
██[38;2;13;15;6m██[38;2;4;4;127m██[38;2;0;0;25m█[38;2;168;167;204m█[38;2;255;255;255m█[38;2;168;168;164m█[38;2;0;0;0m█[38;2;2;2;2m█[38;2;122;122;122m█[38;2;240;240;240m█[38;2;255;255;255m█[38;2;252;252;252m█[38;2;255;255;255m████████[38;2;168;167;204m█[38;2;0;0;25m█[38;2;4;4;129m██[38;2;13;15;6m██[38;2;13;13;16m██
██[38;2;13;13;9m██[38;2;5;5;129m█[38;2;3;3;126m█[38;2;0;0;24m█[38;2;201;201;228m█[38;2;255;255;255m█[38;2;250;250;245m█[38;2;153;153;153m█[38;2;30;30;30m█[38;2;0;0;0m█[38;2;27;27;27m█[38;2;179;179;179m█[38;2;255;255;255m█[38;2;205;205;205m█[38;2;93;93;93m█[38;2;91;91;91m█[38;2;93;93;93m██[38;2;89;89;89m█[38;2;188;188;183m█[38;2;255;255;255m█[38;2;201;201;228m█[38;2;0;0;24m█[38;2;3;3;126m█[38;2;4;4;127m█[38;2;13;13;9m██[38;2;13;13;16m██
██[38;2;13;13;9m██[38;2;5;5;126m█[38;2;2;2;123m█[38;2;0;0;25m█[38;2;208;208;233m█[38;2;255;255;255m███[38;2;117;117;117m█[38;2;0;0;0m██[38;2;96;96;96m█[38;2;255;255;255m█[38;2;146;146;146m█[38;2;0;0;0m█████[38;2;115;115;112m█[38;2;255;255;255m█[38;2;208;208;233m█[38;2;0;0;25m█[38;2;2;2;123m█[38;2;4;4;125m█[38;2;13;13;9m██[38;2;13;13;16m██
██[38;2;13;13;9m██[38;2;5;5;126m█[38;2;2;2;123m█[38;2;0;0;25m█[38;2;208;208;233m█[38;2;255;255;255m█[38;2;212;212;210m█[38;2;40;40;40m█[38;2;0;0;0m█[38;2;11;11;11m█[38;2;130;130;130m█[38;2;243;243;243m█[38;2;255;255;255m█[38;2;247;247;247m█[38;2;207;207;207m█[38;2;202;202;202m█[38;2;203;203;203m██[38;2;204;204;204m█[38;2;243;243;240m█[38;2;255;255;255m█[38;2;208;208;233m█[38;2;0;0;25m█[38;2;2;2;123m█[38;2;4;4;125m█[38;2;13;13;9m██[38;2;13;13;16m██
██[38;2;13;13;9m██[38;2;5;5;126m█[38;2;2;2;123m█[38;2;0;0;25m█[38;2;208;208;233m█[38;2;255;255;255m█[38;2;176;176;174m█[38;2;0;0;0m█[38;2;90;90;90m█[38;2;222;222;222m█[38;2;255;255;255m██[38;2;253;253;253m█[38;2;254;254;254m█[38;2;255;255;255m█████[38;2;255;255;253m█[38;2;255;255;255m█[38;2;208;208;233m█[38;2;0;0;25m█[38;2;2;2;123m█[38;2;4;4;125m█[38;2;13;13;9m██[38;2;13;13;16m██
██[38;2;13;13;9m██[38;2;5;5;126m█[38;2;2;2;123m█[38;2;0;0;25m█[38;2;208;208;233m█[38;2;255;255;255m█[38;2;253;253;251m█[38;2;231;231;231m█[38;2;255;255;255m██[38;2;253;253;253m█████████[38;2;253;253;251m█[38;2;255;255;255m█[38;2;208;208;233m█[38;2;0;0;25m█[38;2;2;2;123m█[38;2;4;4;125m█[38;2;13;13;9m██[38;2;13;13;16m██
██[38;2;13;13;9m██[38;2;5;5;126m█[38;2;2;2;123m█[38;2;0;0;25m█[38;2;208;208;233m█[38;2;255;255;255m█[38;2;254;254;252m█[38;2;255;255;255m█[38;2;254;254;254m█[38;2;253;253;253m██████████[38;2;253;253;251m█[38;2;255;255;255m█[38;2;208;208;233m█[38;2;0;0;25m█[38;2;2;2;123m█[38;2;4;4;125m█[38;2;13;13;9m██[38;2;13;13;16m██
██[38;2;13;13;9m██[38;2;5;5;126m█[38;2;2;2;123m█[38;2;0;0;25m█[38;2;208;208;233m█[38;2;255;255;255m█[38;2;253;253;251m█[38;2;253;253;253m████████████[38;2;253;253;251m█[38;2;255;255;255m█[38;2;208;208;233m█[38;2;0;0;25m█[38;2;2;2;123m█[38;2;4;4;125m█[38;2;13;13;9m██[38;2;13;13;16m██
██[38;2;13;13;9m██[38;2;5;5;126m█[38;2;2;2;123m█[38;2;0;0;25m█[38;2;208;208;233m█[38;2;255;255;255m█[38;2;253;253;251m█[38;2;253;253;253m████████████[38;2;253;253;251m█[38;2;255;255;255m█[38;2;208;208;233m█[38;2;0;0;25m█[38;2;2;2;123m█[38;2;4;4;125m█[38;2;13;13;9m██[38;2;13;13;16m██
██[38;2;13;13;9m██[38;2;5;5;126m█[38;2;2;2;123m█[38;2;0;0;25m█[38;2;208;208;233m█[38;2;255;255;255m█[38;2;253;253;251m█[38;2;253;253;253m████████████[38;2;253;253;251m█[38;2;255;255;255m█[38;2;208;208;233m█[38;2;0;0;25m█[38;2;2;2;123m█[38;2;4;4;125m█[38;2;13;13;9m██[38;2;13;13;16m██
██[38;2;13;13;9m██[38;2;5;5;126m█[38;2;2;2;123m█[38;2;0;0;25m█[38;2;208;208;233m█[38;2;255;255;255m█[38;2;253;253;251m█[38;2;253;253;253m████████████[38;2;253;253;251m█[38;2;255;255;255m█[38;2;208;208;233m█[38;2;0;0;25m█[38;2;2;2;123m█[38;2;4;4;125m█[38;2;13;13;9m██[38;2;13;13;16m██
██[38;2;13;13;9m██[38;2;5;5;126m█[38;2;2;2;123m█[38;2;0;0;25m█[38;2;208;208;233m█[38;2;255;255;255m█[38;2;253;253;251m█[38;2;253;253;253m████████████[38;2;253;253;251m█[38;2;255;255;255m█[38;2;208;208;233m█[38;2;0;0;24m█[38;2;2;2;123m█[38;2;5;5;126m█[38;2;13;13;9m██[38;2;13;13;16m██
██[38;2;13;15;6m██[38;2;5;5;123m██[38;2;0;0;25m█[38;2;160;159;196m█[38;2;255;255;255m█[38;2;253;253;249m█[38;2;253;253;253m█[38;2;255;255;255m████[38;2;253;253;253m██[38;2;255;255;255m████[38;2;253;253;253m█[38;2;253;253;249m█[38;2;255;255;255m█[38;2;160;159;196m█[38;2;0;0;25m█[38;2;5;5;123m██[38;2;13;15;6m██[38;2;13;13;16m██
██[38;2;13;15;6m██[38;2;5;6;107m█[38;2;6;8;108m█[38;2;0;0;67m█[38;2;23;23;94m█[38;2;214;215;204m█[38;2;255;255;255m██[38;2;236;236;236m█[38;2;125;126;118m█[38;2;117;118;110m█[38;2;228;228;228m█[38;2;255;255;255m██[38;2;228;228;228m█[38;2;117;118;110m█[38;2;124;125;117m█[38;2;235;235;235m█[38;2;255;255;255m██[38;2;215;216;205m█[38;2;24;24;97m█[38;2;0;0;69m█[38;2;6;8;108m█[38;2;5;6;107m█[38;2;13;15;6m██[38;2;13;13;16m██
██[38;2;13;13;9m██[38;2;9;10;58m██[38;2;3;4;153m█[38;2;0;0;136m█[38;2;12;13;2m█[38;2;89;90;79m█[38;2;100;101;90m█[38;2;28;30;19m█[38;2;0;0;34m██[38;2;22;23;15m█[38;2;95;96;88m██[38;2;22;23;15m█[38;2;0;0;34m██[38;2;28;30;19m█[38;2;98;100;89m█[38;2;88;89;77m█[38;2;13;15;3m█[38;2;0;0;136m█[38;2;3;4;153m█[38;2;10;11;59m█[38;2;9;10;58m█[38;2;13;13;9m██[38;2;13;13;16m██
████[38;2;13;13;9m██[38;2;3;4;155m██[38;2;0;0;147m█[38;2;0;0;136m█[38;2;0;0;115m█[38;2;0;0;126m█[38;2;0;0;223m██[38;2;0;0;133m█[38;2;0;0;122m██[38;2;0;0;133m█[38;2;0;0;223m██[38;2;0;0;126m█[38;2;0;0;116m█[38;2;0;0;134m█[38;2;0;0;147m█[38;2;3;4;155m██[38;2;13;13;9m██[38;2;13;13;16m████
████[38;2;13;13;11m██[38;2;13;12;30m██[38;2;3;3;160m██[38;2;4;4;169m█[38;2;3;3;168m█[38;2;9;10;63m██[38;2;3;3;160m████[38;2;9;10;63m██[38;2;3;3;166m██[38;2;3;3;160m██[38;2;11;12;30m██[38;2;13;13;11m██[38;2;13;13;16m████
██████[38;2;13;13;13m██[38;2;13;13;9m████████████████[38;2;13;13;13m██[38;2;13;13;16m██████
████████████████████████████████
████████████████████████████████
████████████████████████████████