[38;2;13;13;16m████████████[38;2;13;15;6m██[38;2;13;12;26m██[38;2;11;11;38m██[38;2;13;13;13m██[38;2;13;13;9m██[38;2;13;13;16m██████████
████████[38;2;13;13;13m██[38;2;13;13;9m██[38;2;5;5;112m█[38;2;6;6;113m█[38;2;0;0;210m██[38;2;0;0;217m██[38;2;2;1;186m██[38;2;10;11;65m█[38;2;9;10;63m█[38;2;13;15;6m██[38;2;13;13;16m████████
████████[38;2;13;15;4m██[38;2;5;5;118m█[38;2;6;6;119m█[38;2;0;1;202m█[38;2;0;0;193m█[38;2;0;0;61m█[38;2;0;0;58m█[38;2;0;0;27m██[38;2;0;0;84m█[38;2;0;0;90m█[38;2;0;0;198m█[38;2;0;1;204m█[38;2;10;10;77m█[38;2;9;9;76m█[38;2;13;15;6m██[38;2;13;13;16m██████
██████[38;2;13;13;9m██[38;2;9;11;53m██[38;2;3;2;193m█[38;2;0;0;185m█[38;2;0;0;8m█[38;2;15;15;35m█[38;2;89;90;76m█[38;2;147;148;134m█[38;2;171;172;164m█[38;2;167;168;160m█[38;2;137;136;120m█[38;2;77;76;61m█[38;2;8;10;52m█[38;2;0;0;30m█[38;2;0;0;181m█[38;2;3;2;188m█[38;2;11;11;40m██[38;2;13;13;11m██[38;2;13;13;16m████
██████[38;2;13;15;6m██[38;2;4;3;144m█[38;2;6;5;146m█[38;2;0;0;76m█[38;2;0;0;68m█[38;2;111;112;101m█[38;2;232;233;222m█[38;2;255;255;255m██████[38;2;225;226;212m█[38;2;117;118;104m█[38;2;0;0;74m█[38;2;0;0;70m█[38;2;6;5;146m█[38;2;4;3;144m█[38;2;13;15;6m██[38;2;13;13;16m████
████[38;2;13;13;13m██[38;2;11;11;32m██[38;2;4;4;161m█[38;2;0;0;151m█[38;2;0;0;2m█[38;2;165;165;167m█[38;2;255;255;255m██[38;2;253;253;253m██████[38;2;255;255;255m██[38;2;200;201;193m█[38;2;30;31;23m█[38;2;0;0;133m█[38;2;4;5;153m█[38;2;11;10;49m██[38;2;13;13;11m██[38;2;13;13;16m██
████[38;2;13;15;6m██[38;2;8;8;79m█[38;2;9;9;80m█[38;2;4;4;116m█[38;2;0;0;94m█[38;2;145;146;134m█[38;2;255;255;255m█[38;2;254;254;254m█[38;2;253;253;253m█████████[38;2;255;255;255m█[38;2;223;224;214m█[38;2;23;23;96m█[38;2;0;0;67m█[38;2;8;8;117m█[38;2;5;5;115m█[38;2;13;15;4m██[38;2;13;13;16m██
████[38;2;13;15;4m██[38;2;5;5;115m█[38;2;8;8;117m█[38;2;0;0;52m█[38;2;60;60;122m█[38;2;255;255;252m█[38;2;255;255;249m█[38;2;253;253;253m██████████[38;2;253;253;251m█[38;2;255;255;255m█[38;2;192;193;208m█[38;2;0;0;15m█[38;2;0;0;137m█[38;2;5;4;143m█[38;2;13;13;16m████
████[38;2;13;13;9m██[38;2;5;5;132m█[38;2;3;3;130m█[38;2;0;0;18m█[38;2;179;179;205m█[38;2;255;255;255m█[38;2;253;253;249m█[38;2;253;253;253m███[38;2;255;255;255m███[38;2;253;253;253m██████[38;2;255;255;255m█[38;2;98;98;94m█[38;2;0;0;111m█[38;2;5;5;134m█[38;2;11;11;38m██[38;2;13;13;13m██
[38;2;13;13;16m████[38;2;13;13;17m██[38;2;5;4;137m█[38;2;0;0;126m█[38;2;31;30;39m█[38;2;245;244;253m█[38;2;255;255;253m█[38;2;253;253;251m█[38;2;253;253;253m██[38;2;255;255;255m█[38;2;146;146;146m█[38;2;127;127;127m█[38;2;240;240;240m█[38;2;255;255;255m█[38;2;254;254;254m█[38;2;253;253;253m████[38;2;255;255;253m█[38;2;202;203;193m█[38;2;0;0;98m█[38;2;3;3;110m█[38;2;10;11;62m█[38;2;9;10;61m█[38;2;13;13;9m██
[38;2;13;13;16m██[38;2;13;13;13m██[38;2;13;12;26m██[38;2;5;5;134m█[38;2;0;0;116m█[38;2;77;77;77m█[38;2;255;255;255m█[38;2;253;253;253m███[38;2;254;254;254m█[38;2;255;255;255m█[38;2;55;55;55m█[38;2;0;0;0m█[38;2;30;30;30m█[38;2;162;162;162m█[38;2;255;255;255m██[38;2;253;253;253m█[38;2;255;255;255m██[38;2;255;255;253m█[38;2;254;255;245m█[38;2;30;28;116m█[38;2;0;0;83m█[38;2;9;9;80m█[38;2;8;8;79m█[38;2;13;15;6m██
[38;2;13;13;16m██[38;2;13;13;13m██[38;2;11;12;30m██[38;2;5;5;130m█[38;2;0;0;108m█[38;2;108;108;105m█[38;2;255;255;255m█[38;2;253;253;253m████[38;2;255;255;255m█[38;2;233;233;233m█[38;2;118;118;118m█[38;2;5;5;5m█[38;2;0;0;0m█[38;2;61;61;61m█[38;2;232;232;232m█[38;2;255;255;255m█[38;2;118;118;118m█[38;2;61;61;61m█[38;2;68;69;59m█[38;2;69;70;60m█[38;2;9;9;84m█[38;2;0;0;75m█[38;2;9;9;88m█[38;2;8;8;87m█[38;2;13;15;6m██
[38;2;13;13;16m██[38;2;13;13;13m██[38;2;11;12;30m██[38;2;5;5;130m█[38;2;0;0;107m█[38;2;115;115;112m█[38;2;255;255;255m█[38;2;253;253;253m████[38;2;254;254;254m█[38;2;255;255;255m█[38;2;201;201;201m█[38;2;32;32;32m█[38;2;0;0;0m█[38;2;1;1;1m█[38;2;211;211;211m█[38;2;255;255;255m█[38;2;51;51;51m█[38;2;0;0;0m███[38;2;0;0;66m█[38;2;2;2;75m█[38;2;9;8;90m█[38;2;8;6;89m█[38;2;13;15;6m██
[38;2;13;13;16m██[38;2;13;13;13m██[38;2;11;11;32m██[38;2;5;5;130m█[38;2;0;0;107m█[38;2;116;116;111m█[38;2;255;255;255m█[38;2;253;253;253m███[38;2;254;254;254m█[38;2;255;255;255m█[38;2;111;111;111m█[38;2;0;0;0m██[38;2;80;80;80m█[38;2;212;212;212m█[38;2;255;255;255m██[38;2;240;240;240m█[38;2;221;221;221m█[38;2;222;223;212m█[38;2;228;229;218m█[38;2;52;52;127m█[38;2;0;0;69m█[38;2;9;8;90m█[38;2;8;6;89m█[38;2;13;15;6m██
[38;2;13;13;16m██[38;2;13;13;13m██[38;2;11;11;32m██[38;2;5;5;129m█[38;2;0;0;105m█[38;2;122;122;117m█[38;2;255;255;255m█[38;2;253;253;253m███[38;2;254;254;254m█[38;2;255;255;255m█[38;2;77;77;77m█[38;2;44;44;44m█[38;2;181;181;181m█[38;2;255;255;255m██[38;2;253;253;253m██[38;2;255;255;255m██[38;2;255;255;250m█[38;2;255;255;254m█[38;2;56;56;132m█[38;2;0;0;68m█[38;2;9;9;88m█[38;2;8;8;87m█[38;2;13;15;6m██
[38;2;13;13;16m██[38;2;13;13;13m██[38;2;11;11;34m██[38;2;6;5;129m█[38;2;0;0;104m█[38;2;131;131;126m█[38;2;255;255;255m█[38;2;253;253;253m████[38;2;254;254;254m█[38;2;250;250;250m█[38;2;251;251;251m█[38;2;255;255;255m█[38;2;254;254;254m█[38;2;253;253;253m█████[38;2;254;255;245m█[38;2;255;255;246m█[38;2;47;47;126m█[38;2;0;0;74m█[38;2;9;9;86m█[38;2;8;8;84m█[38;2;13;15;6m██
[38;2;13;13;16m██[38;2;13;13;13m██[38;2;11;11;38m██[38;2;6;5;126m█[38;2;0;0;102m█[38;2;144;145;137m█[38;2;255;255;255m█[38;2;253;253;253m█████[38;2;254;254;254m█[38;2;255;255;255m█[38;2;253;253;253m███████[38;2;254;255;245m█[38;2;251;252;242m█[38;2;38;37;122m█[38;2;0;0;80m█[38;2;9;9;82m█[38;2;8;8;81m█[38;2;13;15;6m██
[38;2;13;13;16m██[38;2;13;13;11m██[38;2;11;10;42m██[38;2;6;6;124m█[38;2;0;0;100m█[38;2;160;161;153m█[38;2;255;255;255m█[38;2;253;253;253m██████████████[38;2;255;255;246m█[38;2;244;245;235m█[38;2;25;24;112m█[38;2;0;0;86m█[38;2;9;10;75m█[38;2;8;9;74m█[38;2;13;13;9m██
[38;2;13;13;16m██[38;2;13;13;11m██[38;2;11;10;49m██[38;2;5;5;118m█[38;2;0;0;98m█[38;2;181;182;172m█[38;2;255;255;253m█[38;2;253;253;253m██████████████[38;2;255;255;247m█[38;2;232;233;223m█[38;2;10;11;107m█[38;2;0;1;96m█[38;2;10;10;69m█[38;2;9;9;68m█[38;2;13;13;9m██
[38;2;13;13;16m██[38;2;13;13;11m██[38;2;9;10;55m██[38;2;4;4;111m█[38;2;0;0;98m█[38;2;204;205;195m█[38;2;255;255;251m█[38;2;253;253;253m██████████████[38;2;255;255;250m█[38;2;215;216;205m█[38;2;0;0;98m█[38;2;3;4;105m█[38;2;10;11;61m█[38;2;9;10;60m█[38;2;13;13;9m██
[38;2;13;13;16m██[38;2;13;13;9m██[38;2;9;9;66m█[38;2;10;10;67m█[38;2;1;2;100m█[38;2;4;5;103m█[38;2;226;228;217m█[38;2;255;255;249m█[38;2;253;253;253m██████████████[38;2;255;255;253m█[38;2;189;190;180m█[38;2;0;0;98m█[38;2;5;5;117m█[38;2;11;10;51m██[38;2;13;13;11m██
[38;2;13;13;16m██[38;2;13;13;9m██[38;2;9;9;76m█[38;2;10;10;77m█[38;2;0;0;86m█[38;2;27;26;115m█[38;2;245;246;236m█[38;2;255;255;246m█[38;2;253;253;253m██████████████[38;2;255;255;255m█[38;2;158;159;151m█[38;2;0;0;100m█[38;2;5;6;124m█[38;2;11;10;42m██[38;2;13;13;11m██
[38;2;13;13;16m██[38;2;13;15;6m██[38;2;8;8;87m█[38;2;9;9;88m█[38;2;0;0;70m█[38;2;53;53;130m█[38;2;255;255;249m█[38;2;254;255;245m█[38;2;253;253;253m██████████████[38;2;255;255;255m█[38;2;124;124;119m█[38;2;0;0;105m█[38;2;5;5;129m█[38;2;11;11;34m██[38;2;13;13;13m██
[38;2;13;13;16m██[38;2;13;15;6m██[38;2;8;6;95m█[38;2;9;8;96m█[38;2;0;0;54m█[38;2;87;87;152m█[38;2;255;255;255m█[38;2;253;254;246m█[38;2;253;253;253m██████████████[38;2;255;255;255m█[38;2;91;91;91m█[38;2;0;0;111m█[38;2;5;5;132m█[38;2;13;12;26m██[38;2;13;13;13m██
[38;2;13;13;16m██[38;2;13;15;6m██[38;2;8;5;107m█[38;2;9;6;108m█[38;2;0;0;53m█[38;2;81;81;145m█[38;2;255;255;255m█[38;2;253;254;246m█[38;2;255;255;255m███[38;2;253;253;253m███[38;2;255;255;255m███[38;2;253;253;253m███[38;2;255;255;255m██[38;2;250;250;255m█[38;2;35;35;41m█[38;2;0;0;127m█[38;2;5;4;139m█[38;2;13;13;19m██[38;2;13;13;16m██
██[38;2;13;15;6m██[38;2;5;6;102m█[38;2;6;8;103m█[38;2;1;0;88m█[38;2;5;4;93m█[38;2;208;209;197m█[38;2;255;255;255m█[38;2;219;219;217m█[38;2;152;152;150m█[38;2;212;212;212m█[38;2;255;255;255m███[38;2;211;211;207m█[38;2;153;153;148m█[38;2;222;222;222m█[38;2;255;255;255m███[38;2;202;203;193m█[38;2;164;165;154m█[38;2;105;104;141m█[38;2;0;0;27m█[38;2;5;4;143m█[38;2;4;3;141m█[38;2;13;13;9m██[38;2;13;13;16m██
██[38;2;13;13;9m██[38;2;9;9;70m█[38;2;10;10;72m█[38;2;3;4;158m█[38;2;0;0;141m█[38;2;25;24;9m█[38;2;101;100;84m█[38;2;16;17;32m█[38;2;0;0;0m█[38;2;11;11;9m█[38;2;116;116;113m█[38;2;160;161;150m█[38;2;107;108;96m█[38;2;6;8;23m█[38;2;0;0;0m█[38;2;19;19;15m█[38;2;124;124;119m█[38;2;158;159;147m█[38;2;96;97;86m█[38;2;3;2;11m█[38;2;0;0;0m█[38;2;0;0;107m█[38;2;2;2;125m█[38;2;6;8;109m█[38;2;5;6;108m█[38;2;13;15;4m██[38;2;13;13;16m██
██[38;2;13;13;13m██[38;2;13;12;22m██[38;2;2;0;194m██[38;2;0;0;117m█[38;2;0;0;105m█[38;2;0;0;188m█[38;2;1;2;197m█[38;2;0;0;112m█[38;2;0;0;98m█[38;2;0;0;49m█[38;2;0;0;52m█[38;2;0;0;197m█[38;2;0;1;204m█[38;2;0;0;105m█[38;2;0;0;91m█[38;2;0;0;53m█[38;2;0;0;56m█[38;2;0;0;203m█[38;2;0;0;208m█[38;2;0;0;209m█[38;2;0;0;210m█[38;2;11;11;37m██[38;2;13;13;11m██[38;2;13;13;16m██
████[38;2;13;15;6m██[38;2;8;8;84m█[38;2;9;9;86m█[38;2;0;0;237m██[38;2;2;2;179m██[38;2;0;0;224m█[38;2;0;0;223m█[38;2;0;0;240m█[38;2;0;0;242m█[38;2;2;2;176m██[38;2;0;0;226m█[38;2;0;0;225m█[38;2;0;0;238m█[38;2;0;0;239m█[38;2;2;2;181m██[38;2;9;8;98m█[38;2;8;6;97m█[38;2;13;15;6m██[38;2;13;13;16m████
██████[38;2;13;13;11m██[38;2;11;10;49m██[38;2;13;13;17m██[38;2;9;10;55m██[38;2;9;9;74m██[38;2;13;13;13m██[38;2;9;10;58m██[38;2;10;10;74m█[38;2;9;9;73m█[38;2;13;13;13m██[38;2;13;13;9m██[38;2;13;13;16m██████
████████[38;2;13;13;9m██[38;2;13;13;13m██[38;2;13;13;9m██[38;2;13;15;6m██[38;2;13;13;16m██[38;2;13;13;9m██[38;2;13;15;6m██[38;2;13;13;16m██████████
████████████████████████████████