[38;2;13;13;16m██████████[38;2;13;15;6m██[38;2;11;11;37m██[38;2;8;6;97m████[38;2;11;11;37m██[38;2;13;15;6m██[38;2;13;13;16m██████████
████████[38;2;13;15;6m██[38;2;8;9;76m██[38;2;0;0;219m█[38;2;1;0;221m█[38;2;0;0;243m████[38;2;0;0;221m█[38;2;0;0;219m█[38;2;9;10;77m█[38;2;8;9;76m█[38;2;13;15;6m██[38;2;13;13;16m████████
██████[38;2;13;13;9m██[38;2;11;9;55m██[38;2;0;0;228m██[38;2;0;0;146m█[38;2;0;0;134m█[38;2;0;0;37m█[38;2;0;0;38m██[38;2;0;0;37m█[38;2;0;0;134m█[38;2;0;0;146m█[38;2;0;0;228m██[38;2;9;10;55m██[38;2;13;13;9m██[38;2;13;13;16m██████
████[38;2;13;13;13m████[38;2;2;1;183m█[38;2;3;2;185m█[38;2;0;0;126m█[38;2;0;0;108m█[38;2;11;12;1m█[38;2;77;79;67m█[38;2;136;137;126m█[38;2;165;166;155m██[38;2;136;137;126m█[38;2;77;79;67m█[38;2;11;12;1m█[38;2;0;0;108m█[38;2;0;0;126m█[38;2;3;2;185m█[38;2;2;1;183m█[38;2;13;13;13m████[38;2;13;13;16m████
████[38;2;13;15;6m██[38;2;8;8;81m█[38;2;9;9;82m█[38;2;3;2;185m█[38;2;0;0;171m█[38;2;0;0;0m█[38;2;109;109;107m█[38;2;225;225;223m█[38;2;255;255;255m██████[38;2;225;225;223m█[38;2;109;109;107m█[38;2;0;0;0m█[38;2;0;0;171m█[38;2;3;2;185m█[38;2;9;9;82m█[38;2;8;8;81m█[38;2;13;15;6m██[38;2;13;13;16m████
████[38;2;13;15;6m██[38;2;2;3;154m█[38;2;4;5;157m█[38;2;0;0;68m█[38;2;4;4;77m█[38;2;180;181;169m█[38;2;255;255;255m██[38;2;253;253;253m██████[38;2;255;255;255m██[38;2;180;181;169m█[38;2;4;4;80m█[38;2;0;0;70m█[38;2;4;5;157m█[38;2;2;3;154m█[38;2;13;15;6m██[38;2;13;13;16m████
██[38;2;13;13;13m██[38;2;11;11;32m██[38;2;3;3;168m█[38;2;0;0;161m█[38;2;1;1;6m█[38;2;186;186;192m█[38;2;255;255;255m█[38;2;253;253;251m█[38;2;253;253;253m████████[38;2;253;253;251m█[38;2;255;255;255m█[38;2;186;186;192m█[38;2;1;1;6m█[38;2;0;0;161m█[38;2;3;3;168m█[38;2;11;11;32m██[38;2;13;13;13m██[38;2;13;13;16m██
██[38;2;13;13;9m██[38;2;9;9;70m█[38;2;10;10;72m█[38;2;5;5;134m█[38;2;0;0;109m█[38;2;127;129;117m█[38;2;255;255;255m██[38;2;254;254;254m█[38;2;253;253;253m██████████[38;2;255;255;255m█[38;2;127;129;117m█[38;2;0;0;109m█[38;2;5;5;134m█[38;2;9;9;70m██[38;2;13;13;9m██[38;2;13;13;16m██
██[38;2;13;15;6m██[38;2;8;5;102m█[38;2;9;6;103m█[38;2;0;0;84m█[38;2;22;20;108m█[38;2;242;243;232m█[38;2;255;255;246m█[38;2;222;222;222m█[38;2;255;255;255m██[38;2;253;253;253m█████████[38;2;255;255;247m█[38;2;240;242;231m█[38;2;20;19;107m█[38;2;0;0;84m█[38;2;9;6;103m█[38;2;8;5;102m█[38;2;13;15;6m██[38;2;13;13;16m██
██[38;2;13;15;6m██[38;2;5;5;118m█[38;2;8;8;120m█[38;2;0;0;41m█[38;2;105;107;160m█[38;2;255;255;255m█[38;2;173;174;166m█[38;2;0;0;0m█[38;2;77;77;77m█[38;2;212;212;212m█[38;2;255;255;255m██[38;2;252;252;252m█[38;2;255;255;255m██████[38;2;255;255;249m█[38;2;255;255;255m█[38;2;105;107;160m█[38;2;0;0;41m█[38;2;8;8;120m█[38;2;5;5;118m█[38;2;13;15;6m██[38;2;13;13;16m██
██[38;2;13;15;6m██[38;2;4;4;127m██[38;2;0;0;26m█[38;2;173;172;209m█[38;2;255;255;255m█[38;2;218;218;214m█[38;2;52;52;52m█[38;2;0;0;0m█[38;2;4;4;4m█[38;2;116;116;116m█[38;2;237;237;237m█[38;2;255;255;255m█[38;2;244;244;244m█[38;2;195;195;195m█[38;2;192;192;192m███[38;2;193;193;193m█[38;2;239;239;235m█[38;2;255;255;255m█[38;2;173;172;209m█[38;2;0;0;26m█[38;2;4;4;125m██[38;2;13;15;6m██[38;2;13;13;16m██
██[38;2;13;13;9m██[38;2;5;5;129m█[38;2;3;3;126m█[38;2;0;0;24m█[38;2;202;202;229m█[38;2;255;255;255m███[38;2;123;123;123m█[38;2;0;0;0m██[38;2;91;91;91m█[38;2;255;255;255m█[38;2;143;143;143m█[38;2;0;0;0m█████[38;2;111;111;107m█[38;2;255;255;255m█[38;2;202;202;229m█[38;2;0;0;24m█[38;2;3;3;126m█[38;2;4;4;127m█[38;2;13;13;9m██[38;2;13;13;16m██
██[38;2;13;13;9m██[38;2;5;5;126m█[38;2;2;2;123m█[38;2;0;0;25m█[38;2;208;208;233m█[38;2;255;255;255m█[38;2;247;247;245m█[38;2;139;139;139m█[38;2;22;22;22m█[38;2;0;0;0m█[38;2;37;37;37m█[38;2;188;188;188m█[38;2;255;255;255m█[38;2;211;211;211m█[38;2;107;107;107m█[38;2;105;105;105m█[38;2;107;107;107m█[38;2;105;105;105m█[38;2;103;103;103m█[38;2;196;196;194m█[38;2;255;255;255m█[38;2;208;208;233m█[38;2;0;0;25m█[38;2;2;2;123m█[38;2;4;4;125m█[38;2;13;13;9m██[38;2;13;13;16m██
██[38;2;13;13;9m██[38;2;5;5;126m█[38;2;2;2;123m█[38;2;0;0;25m█[38;2;208;208;233m█[38;2;255;255;255m█[38;2;166;166;164m█[38;2;0;0;0m█[38;2;10;10;10m█[38;2;134;134;134m█[38;2;246;246;246m█[38;2;255;255;255m█[38;2;252;252;252m█[38;2;255;255;255m████████[38;2;208;208;233m█[38;2;0;0;25m█[38;2;2;2;123m█[38;2;4;4;125m█[38;2;13;13;9m██[38;2;13;13;16m██
██[38;2;13;13;9m██[38;2;5;5;126m█[38;2;2;2;123m█[38;2;0;0;25m█[38;2;208;208;233m█[38;2;255;255;255m█[38;2;230;230;228m█[38;2;143;143;143m█[38;2;219;219;219m█[38;2;255;255;255m██[38;2;253;253;253m████████[38;2;253;253;251m█[38;2;255;255;255m█[38;2;208;208;233m█[38;2;0;0;25m█[38;2;2;2;123m█[38;2;4;4;125m█[38;2;13;13;9m██[38;2;13;13;16m██
██[38;2;13;13;9m██[38;2;5;5;126m█[38;2;2;2;123m█[38;2;0;0;25m█[38;2;208;208;233m█[38;2;255;255;255m█[38;2;255;255;254m█[38;2;255;255;255m██[38;2;253;253;253m██████████[38;2;253;253;251m█[38;2;255;255;255m█[38;2;208;208;233m█[38;2;0;0;25m█[38;2;2;2;123m█[38;2;4;4;125m█[38;2;13;13;9m██[38;2;13;13;16m██
██[38;2;13;13;9m██[38;2;5;5;126m█[38;2;2;2;123m█[38;2;0;0;25m█[38;2;208;208;233m█[38;2;255;255;255m█[38;2;253;253;251m█[38;2;253;253;253m████████████[38;2;253;253;251m█[38;2;255;255;255m█[38;2;208;208;233m█[38;2;0;0;25m█[38;2;2;2;123m█[38;2;4;4;125m█[38;2;13;13;9m██[38;2;13;13;16m██
██[38;2;13;13;9m██[38;2;5;5;126m█[38;2;2;2;123m█[38;2;0;0;25m█[38;2;208;208;233m█[38;2;255;255;255m█[38;2;253;253;251m█[38;2;253;253;253m████████████[38;2;253;253;251m█[38;2;255;255;255m█[38;2;208;208;233m█[38;2;0;0;25m█[38;2;2;2;123m█[38;2;4;4;125m█[38;2;13;13;9m██[38;2;13;13;16m██
██[38;2;13;13;9m██[38;2;5;5;126m█[38;2;2;2;123m█[38;2;0;0;25m█[38;2;208;208;233m█[38;2;255;255;255m█[38;2;253;253;251m█[38;2;253;253;253m████████████[38;2;253;253;251m█[38;2;255;255;255m█[38;2;208;208;233m█[38;2;0;0;25m█[38;2;2;2;123m█[38;2;4;4;125m█[38;2;13;13;9m██[38;2;13;13;16m██
██[38;2;13;13;9m██[38;2;5;5;126m█[38;2;2;2;123m█[38;2;0;0;25m█[38;2;208;208;233m█[38;2;255;255;255m█[38;2;253;253;251m█[38;2;253;253;253m████████████[38;2;253;253;251m█[38;2;255;255;255m█[38;2;208;208;233m█[38;2;0;0;25m█[38;2;2;2;123m█[38;2;4;4;125m█[38;2;13;13;9m██[38;2;13;13;16m██
██[38;2;13;13;9m██[38;2;5;5;126m█[38;2;2;2;123m█[38;2;0;0;25m█[38;2;208;208;233m█[38;2;255;255;255m█[38;2;253;253;251m█[38;2;253;253;253m████████████[38;2;253;253;251m█[38;2;255;255;255m█[38;2;207;207;232m█[38;2;0;0;25m█[38;2;2;2;123m█[38;2;4;4;125m█[38;2;13;13;9m██[38;2;13;13;16m██
██[38;2;13;13;9m██[38;2;5;5;126m█[38;2;2;2;123m█[38;2;1;1;26m█[38;2;208;208;233m█[38;2;255;255;255m█[38;2;253;253;251m█[38;2;253;253;253m████████████[38;2;253;253;251m█[38;2;255;255;255m█[38;2;208;208;233m█[38;2;1;1;26m█[38;2;2;2;123m█[38;2;4;4;125m█[38;2;13;13;9m██[38;2;13;13;16m██
██[38;2;13;13;9m██[38;2;4;4;125m█[38;2;3;3;124m█[38;2;0;0;23m█[38;2;203;203;230m█[38;2;255;255;255m█[38;2;253;253;251m█[38;2;253;253;253m██[38;2;254;254;254m██[38;2;253;253;253m████[38;2;254;254;254m██[38;2;253;253;253m██[38;2;253;253;251m█[38;2;255;255;255m█[38;2;202;202;229m█[38;2;0;0;23m█[38;2;3;3;124m█[38;2;4;4;125m█[38;2;13;13;9m██[38;2;13;13;16m██
██[38;2;13;15;6m██[38;2;5;5;120m█[38;2;6;6;122m█[38;2;0;0;31m█[38;2;120;123;165m█[38;2;255;255;255m█[38;2;255;255;252m█[38;2;255;255;255m██[38;2;254;254;254m█[38;2;252;252;252m█[38;2;255;255;255m████[38;2;252;252;252m█[38;2;253;253;253m█[38;2;255;255;255m██[38;2;255;255;252m█[38;2;255;255;255m█[38;2;120;123;165m█[38;2;0;0;31m█[38;2;6;6;122m█[38;2;5;5;120m█[38;2;13;15;6m██[38;2;13;13;16m██
██[38;2;13;15;6m██[38;2;5;8;97m█[38;2;6;9;98m█[38;2;0;2;94m█[38;2;0;0;89m█[38;2;150;151;137m█[38;2;243;244;230m█[38;2;247;247;245m█[38;2;181;181;179m█[38;2;52;53;42m█[38;2;45;46;35m█[38;2;168;168;166m█[38;2;245;245;243m██[38;2;168;168;166m█[38;2;44;45;34m█[38;2;51;52;41m█[38;2;180;180;178m█[38;2;247;247;245m█[38;2;243;244;230m█[38;2;150;151;137m█[38;2;0;0;87m█[38;2;0;2;91m█[38;2;6;9;98m█[38;2;5;8;97m█[38;2;13;15;6m██[38;2;13;13;16m██
██[38;2;13;13;11m██[38;2;11;11;40m██[38;2;3;3;176m█[38;2;0;0;167m█[38;2;0;0;3m█[38;2;25;24;35m█[38;2;31;31;34m█[38;2;0;0;1m█[38;2;0;0;102m█[38;2;0;0;103m█[38;2;0;0;5m█[38;2;28;27;39m██[38;2;0;0;5m█[38;2;0;0;103m█[38;2;0;0;102m█[38;2;0;0;2m█[38;2;31;31;37m█[38;2;24;23;34m█[38;2;0;0;3m█[38;2;0;0;167m█[38;2;3;3;176m█[38;2;11;11;40m██[38;2;13;13;11m██[38;2;13;13;16m██
████[38;2;13;15;6m██[38;2;4;5;120m█[38;2;5;6;122m█[38;2;0;0;205m█[38;2;0;0;197m█[38;2;0;0;183m█[38;2;0;0;192m█[38;2;0;0;209m█[38;2;1;1;210m█[38;2;0;0;194m█[38;2;0;0;187m██[38;2;0;0;194m█[38;2;1;1;210m██[38;2;0;0;192m█[38;2;0;0;183m█[38;2;0;0;197m█[38;2;0;0;205m█[38;2;6;8;125m█[38;2;4;5;123m█[38;2;13;15;6m██[38;2;13;13;16m████
████[38;2;13;13;13m████[38;2;5;8;100m█[38;2;6;9;101m█[38;2;6;8;109m██[38;2;13;12;26m██[38;2;6;8;105m████[38;2;13;12;26m██[38;2;6;8;109m██[38;2;6;9;101m██[38;2;13;13;13m████[38;2;13;13;16m████
████████[38;2;13;15;6m██[38;2;13;15;4m██[38;2;13;13;13m██[38;2;13;15;6m████[38;2;13;13;13m██[38;2;13;15;4m██[38;2;13;15;6m██[38;2;13;13;16m████████
████████████████████████████████
████████████████████████████████
████████████████████████████████