[38;2;13;13;16m██████████[38;2;13;15;6m██[38;2;11;11;34m██[38;2;9;8;98m██[38;2;6;9;98m██[38;2;11;11;34m██[38;2;13;15;6m██[38;2;13;13;16m██████████
████████[38;2;13;15;6m██[38;2;9;9;76m█[38;2;10;10;77m█[38;2;0;0;209m█[38;2;0;0;208m█[38;2;0;0;194m█[38;2;0;0;190m██[38;2;0;0;194m█[38;2;0;0;208m█[38;2;0;0;209m█[38;2;9;10;77m█[38;2;8;9;76m█[38;2;13;15;6m██[38;2;13;13;16m████████
██████[38;2;13;13;9m██[38;2;9;10;58m█[38;2;10;11;59m█[38;2;1;2;203m█[38;2;0;0;197m█[38;2;0;0;61m█[38;2;0;0;59m█[38;2;8;8;5m█[38;2;23;23;20m██[38;2;8;8;5m█[38;2;0;0;59m█[38;2;0;0;61m█[38;2;0;0;197m█[38;2;1;2;203m█[38;2;10;11;59m█[38;2;9;10;58m█[38;2;13;13;9m██[38;2;13;13;16m██████
████████[38;2;2;3;171m██[38;2;0;0;58m█[38;2;0;0;60m█[38;2;82;81;68m█[38;2;173;172;159m█[38;2;221;221;218m█[38;2;238;238;236m██[38;2;221;221;218m█[38;2;173;172;157m█[38;2;82;81;66m█[38;2;0;0;60m█[38;2;0;0;58m█[38;2;2;3;171m██[38;2;13;13;16m████████
████[38;2;13;15;6m██[38;2;8;8;81m█[38;2;9;9;82m█[38;2;4;3;140m█[38;2;0;0;118m█[38;2;44;45;33m█[38;2;198;200;188m█[38;2;255;255;255m████████[38;2;197;198;187m█[38;2;44;45;33m█[38;2;0;0;118m█[38;2;4;3;140m█[38;2;9;9;82m█[38;2;8;8;81m█[38;2;13;15;6m██[38;2;13;13;16m████
████[38;2;13;13;9m██[38;2;4;3;144m█[38;2;5;4;145m█[38;2;0;0;31m█[38;2;60;62;104m█[38;2;243;244;236m█[38;2;255;255;255m█[38;2;253;253;253m████████[38;2;255;255;255m█[38;2;243;244;236m█[38;2;60;62;104m█[38;2;0;0;31m█[38;2;5;4;145m█[38;2;4;3;144m█[38;2;13;13;9m██[38;2;13;13;16m████
██[38;2;13;13;13m██[38;2;11;11;32m██[38;2;4;6;148m█[38;2;0;0;132m█[38;2;35;35;33m█[38;2;239;239;237m█[38;2;255;255;255m█[38;2;253;253;253m██████████[38;2;255;255;255m█[38;2;239;239;237m█[38;2;35;35;33m█[38;2;0;0;132m█[38;2;4;6;148m█[38;2;11;11;32m██[38;2;13;13;13m██[38;2;13;13;16m██
██[38;2;13;13;9m██[38;2;9;9;68m█[38;2;10;10;69m█[38;2;4;4;113m█[38;2;0;0;96m█[38;2;181;182;171m█[38;2;255;255;255m██[38;2;253;253;253m███████████[38;2;255;255;255m█[38;2;181;182;171m█[38;2;0;0;96m█[38;2;4;4;113m█[38;2;10;10;69m█[38;2;9;9;68m█[38;2;13;13;9m██[38;2;13;13;16m██
██[38;2;13;15;6m██[38;2;8;6;97m█[38;2;9;8;98m█[38;2;0;0;66m█[38;2;51;51;124m█[38;2;255;255;249m█[38;2;255;255;247m█[38;2;243;243;243m█[38;2;255;255;255m██[38;2;253;253;253m█████████[38;2;254;255;245m█[38;2;255;255;249m█[38;2;51;51;124m█[38;2;0;0;66m█[38;2;6;9;98m█[38;2;5;8;97m█[38;2;13;15;6m██[38;2;13;13;16m██
██[38;2;13;15;6m██[38;2;5;5;115m█[38;2;6;6;116m█[38;2;0;0;32m█[38;2;134;136;181m█[38;2;255;255;255m█[38;2;182;183;175m█[38;2;15;15;15m█[38;2;111;111;111m█[38;2;236;236;236m█[38;2;255;255;255m██[38;2;253;253;253m█[38;2;254;254;254m█[38;2;255;255;255m█████[38;2;254;255;247m█[38;2;255;255;255m█[38;2;134;136;181m█[38;2;0;0;32m█[38;2;6;6;116m█[38;2;5;5;115m█[38;2;13;15;6m██[38;2;13;13;16m██
██[38;2;13;13;9m██[38;2;4;5;123m██[38;2;0;0;24m█[38;2;188;187;219m█[38;2;255;255;255m█[38;2;203;203;198m█[38;2;22;22;22m█[38;2;0;0;0m█[38;2;24;24;24m█[38;2;152;152;152m█[38;2;250;250;250m█[38;2;255;255;255m█[38;2;252;252;252m█[38;2;223;223;223m█[38;2;219;219;219m███[38;2;221;221;221m█[38;2;250;250;245m█[38;2;255;255;255m█[38;2;188;187;219m█[38;2;0;0;24m█[38;2;4;5;123m██[38;2;13;13;9m██[38;2;13;13;16m██
██[38;2;13;13;9m██[38;2;4;4;125m█[38;2;2;2;123m█[38;2;0;0;25m█[38;2;207;207;232m█[38;2;255;255;255m██[38;2;251;251;251m█[38;2;107;107;107m█[38;2;0;0;0m██[38;2;105;105;105m█[38;2;255;255;255m█[38;2;152;152;152m█[38;2;0;0;0m█████[38;2;123;123;120m█[38;2;255;255;255m█[38;2;207;207;232m█[38;2;0;0;25m█[38;2;2;2;123m█[38;2;4;4;125m█[38;2;13;13;9m██[38;2;13;13;16m██
██[38;2;13;13;9m██[38;2;5;5;126m█[38;2;2;2;123m█[38;2;0;0;25m█[38;2;208;208;233m█[38;2;255;255;255m█[38;2;254;254;252m█[38;2;175;175;175m█[38;2;46;46;46m█[38;2;0;0;0m█[38;2;12;12;12m█[38;2;162;162;162m█[38;2;255;255;255m█[38;2;194;194;194m█[38;2;68;68;68m█[38;2;69;69;69m█[38;2;70;70;70m█[38;2;69;69;69m█[38;2;65;65;65m█[38;2;174;174;172m█[38;2;255;255;255m█[38;2;208;208;233m█[38;2;0;0;25m█[38;2;2;2;123m█[38;2;4;4;125m█[38;2;13;13;9m██[38;2;13;13;16m██
██[38;2;13;13;9m██[38;2;5;5;126m█[38;2;2;2;123m█[38;2;0;0;25m█[38;2;208;208;233m█[38;2;255;255;255m█[38;2;172;172;169m█[38;2;0;0;0m██[38;2;100;100;100m█[38;2;228;228;228m█[38;2;255;255;255m█[38;2;252;252;252m█[38;2;255;255;255m████████[38;2;208;208;233m█[38;2;0;0;25m█[38;2;2;2;123m█[38;2;4;4;125m█[38;2;13;13;9m██[38;2;13;13;16m██
██[38;2;13;13;9m██[38;2;5;5;126m█[38;2;2;2;123m█[38;2;0;0;25m█[38;2;208;208;233m█[38;2;255;255;255m█[38;2;218;218;216m█[38;2;104;104;104m█[38;2;195;195;195m█[38;2;255;255;255m██[38;2;253;253;253m████████[38;2;253;253;251m█[38;2;255;255;255m█[38;2;208;208;233m█[38;2;0;0;25m█[38;2;2;2;123m█[38;2;4;4;125m█[38;2;13;13;9m██[38;2;13;13;16m██
██[38;2;13;13;9m██[38;2;5;5;126m█[38;2;2;2;123m█[38;2;0;0;25m█[38;2;208;208;233m█[38;2;255;255;255m█[38;2;255;255;254m█[38;2;255;255;255m██[38;2;253;253;253m██████████[38;2;253;253;251m█[38;2;255;255;255m█[38;2;208;208;233m█[38;2;0;0;25m█[38;2;2;2;123m█[38;2;4;4;125m█[38;2;13;13;9m██[38;2;13;13;16m██
██[38;2;13;13;9m██[38;2;5;5;126m█[38;2;2;2;123m█[38;2;0;0;25m█[38;2;208;208;233m█[38;2;255;255;255m█[38;2;253;253;251m█[38;2;253;253;253m████████████[38;2;253;253;251m█[38;2;255;255;255m█[38;2;208;208;233m█[38;2;0;0;25m█[38;2;2;2;123m█[38;2;4;4;125m█[38;2;13;13;9m██[38;2;13;13;16m██
██[38;2;13;13;9m██[38;2;5;5;126m█[38;2;2;2;123m█[38;2;0;0;25m█[38;2;208;208;233m█[38;2;255;255;255m█[38;2;253;253;251m█[38;2;253;253;253m████████████[38;2;253;253;251m█[38;2;255;255;255m█[38;2;208;208;233m█[38;2;0;0;25m█[38;2;2;2;123m█[38;2;4;4;125m█[38;2;13;13;9m██[38;2;13;13;16m██
██[38;2;13;13;9m██[38;2;5;5;126m█[38;2;2;2;123m█[38;2;0;0;25m█[38;2;208;208;233m█[38;2;255;255;255m█[38;2;253;253;251m█[38;2;253;253;253m████████████[38;2;253;253;251m█[38;2;255;255;255m█[38;2;208;208;233m█[38;2;0;0;25m█[38;2;2;2;123m█[38;2;4;4;125m█[38;2;13;13;9m██[38;2;13;13;16m██
██[38;2;13;13;9m██[38;2;5;5;126m█[38;2;2;2;123m█[38;2;0;0;25m█[38;2;208;208;233m█[38;2;255;255;255m█[38;2;253;253;251m█[38;2;253;253;253m████████████[38;2;253;253;251m█[38;2;255;255;255m█[38;2;208;208;233m█[38;2;0;0;25m█[38;2;2;2;123m█[38;2;4;4;125m█[38;2;13;13;9m██[38;2;13;13;16m██
██[38;2;13;13;9m██[38;2;5;5;126m█[38;2;2;2;123m█[38;2;0;0;25m█[38;2;208;208;233m█[38;2;255;255;255m█[38;2;253;253;251m█[38;2;253;253;253m████████████[38;2;253;253;251m█[38;2;255;255;255m█[38;2;208;208;233m█[38;2;0;0;25m█[38;2;2;2;123m█[38;2;4;4;125m█[38;2;13;13;9m██[38;2;13;13;16m██
██[38;2;13;13;9m██[38;2;5;5;126m█[38;2;2;2;123m█[38;2;0;0;25m█[38;2;208;208;233m█[38;2;255;255;255m█[38;2;253;253;251m█[38;2;253;253;253m████████████[38;2;253;253;251m█[38;2;255;255;255m█[38;2;208;208;233m█[38;2;0;0;25m█[38;2;2;2;123m█[38;2;4;4;125m█[38;2;13;13;9m██[38;2;13;13;16m██
██[38;2;13;13;9m██[38;2;5;5;126m█[38;2;2;2;123m█[38;2;0;0;24m█[38;2;208;208;233m█[38;2;255;255;255m█[38;2;253;253;251m█[38;2;253;253;253m████████████[38;2;253;253;251m█[38;2;255;255;255m█[38;2;209;209;235m█[38;2;0;0;25m█[38;2;2;2;123m█[38;2;4;4;125m█[38;2;13;13;9m██[38;2;13;13;16m██
██[38;2;13;13;9m██[38;2;4;4;131m██[38;2;0;0;23m█[38;2;162;161;196m█[38;2;255;255;255m█[38;2;253;253;249m█[38;2;253;253;253m█[38;2;255;255;255m████[38;2;253;253;253m██[38;2;255;255;255m████[38;2;253;253;253m█[38;2;253;253;249m█[38;2;255;255;255m█[38;2;166;165;200m█[38;2;0;0;23m█[38;2;4;4;131m██[38;2;13;13;9m██[38;2;13;13;16m██
██[38;2;13;15;4m██[38;2;4;4;127m█[38;2;6;6;130m█[38;2;0;0;66m█[38;2;27;27;98m█[38;2;221;222;211m█[38;2;255;255;255m██[38;2;240;240;240m█[38;2;136;137;129m█[38;2;129;130;122m█[38;2;232;232;232m█[38;2;255;255;255m██[38;2;233;233;233m█[38;2;127;129;120m█[38;2;134;136;127m█[38;2;240;240;240m█[38;2;255;255;255m██[38;2;223;224;214m█[38;2;30;31;98m█[38;2;0;0;63m█[38;2;6;6;130m█[38;2;4;4;127m█[38;2;13;15;4m██[38;2;13;13;16m██
██[38;2;13;15;6m██[38;2;8;6;91m█[38;2;9;8;93m█[38;2;3;3;160m█[38;2;0;0;143m█[38;2;18;17;4m█[38;2;100;98;86m█[38;2;109;110;100m█[38;2;35;37;26m█[38;2;0;0;25m█[38;2;0;0;24m█[38;2;27;28;20m█[38;2;105;107;98m█[38;2;104;105;97m█[38;2;27;28;20m█[38;2;0;0;24m█[38;2;0;0;25m█[38;2;35;37;26m█[38;2;109;110;100m█[38;2;101;100;84m█[38;2;20;19;4m█[38;2;0;0;139m█[38;2;3;4;158m█[38;2;9;8;93m█[38;2;8;6;91m█[38;2;13;15;6m██[38;2;13;13;16m██
██[38;2;13;13;13m██[38;2;11;12;30m██[38;2;0;0;209m██[38;2;0;0;125m█[38;2;0;0;112m█[38;2;0;0;96m█[38;2;0;0;107m█[38;2;0;0;228m██[38;2;0;0;116m█[38;2;0;0;104m██[38;2;0;0;116m█[38;2;0;0;228m██[38;2;0;0;109m█[38;2;0;0;98m█[38;2;0;0;112m█[38;2;0;0;125m█[38;2;0;0;210m██[38;2;11;12;30m██[38;2;13;13;13m██[38;2;13;13;16m██
████[38;2;13;15;6m██[38;2;8;6;97m█[38;2;9;8;98m█[38;2;0;0;244m█[38;2;0;0;245m█[38;2;0;0;244m██[38;2;2;2;181m██[38;2;0;0;239m████[38;2;2;2;181m██[38;2;0;0;242m██[38;2;0;0;245m██[38;2;9;8;101m█[38;2;8;6;100m█[38;2;13;15;6m██[38;2;13;13;16m████
██████[38;2;13;13;11m██[38;2;9;9;70m██[38;2;8;8;79m██[38;2;13;13;16m██[38;2;9;9;74m████[38;2;13;13;16m██[38;2;8;8;79m██[38;2;9;9;73m██[38;2;13;13;11m██[38;2;13;13;16m██████
████████[38;2;13;15;6m████[38;2;13;13;13m██[38;2;13;15;6m████[38;2;13;13;13m██[38;2;13;15;6m████[38;2;13;13;16m████████
████████████████████████████████
████████████████████████████████