[38;2;13;13;16m██████████[38;2;13;15;6m██[38;2;11;12;30m██[38;2;8;6;89m█[38;2;9;8;90m███[38;2;11;12;30m██[38;2;13;15;6m██[38;2;13;13;16m██████████
████████[38;2;13;15;6m██[38;2;9;9;70m█[38;2;10;10;72m█[38;2;0;0;207m██[38;2;0;0;198m█[38;2;0;0;195m██[38;2;0;0;198m█[38;2;0;0;207m██[38;2;10;10;72m█[38;2;9;9;70m█[38;2;13;15;6m██[38;2;13;13;16m████████
██████[38;2;13;13;9m██[38;2;11;10;53m██[38;2;0;1;202m█[38;2;0;0;198m█[38;2;0;0;69m█[38;2;0;0;65m█[38;2;4;4;4m█[38;2;17;17;17m██[38;2;4;4;4m█[38;2;0;0;65m█[38;2;0;0;69m█[38;2;0;0;198m█[38;2;1;2;203m█[38;2;11;10;53m██[38;2;13;13;9m██[38;2;13;13;16m██████
██████[38;2;13;13;13m██[38;2;3;3;168m██[38;2;0;0;66m█[38;2;0;0;65m█[38;2;74;73;58m█[38;2;164;162;147m█[38;2;214;214;211m█[38;2;232;232;230m██[38;2;214;214;211m█[38;2;164;162;147m█[38;2;74;73;58m█[38;2;0;0;65m█[38;2;0;0;66m█[38;2;3;3;168m██[38;2;13;13;13m██[38;2;13;13;16m██████
████[38;2;13;15;6m██[38;2;9;9;76m█[38;2;10;10;77m█[38;2;5;4;145m█[38;2;0;0;122m█[38;2;37;38;26m█[38;2;190;192;180m█[38;2;255;255;255m████████[38;2;189;190;179m█[38;2;37;38;26m█[38;2;0;0;122m█[38;2;5;4;145m█[38;2;9;9;80m█[38;2;8;8;79m█[38;2;13;15;6m██[38;2;13;13;16m████
████[38;2;13;15;6m██[38;2;4;3;141m█[38;2;5;4;143m█[38;2;0;0;37m█[38;2;53;54;102m█[38;2;238;239;231m█[38;2;255;255;255m█[38;2;254;254;254m█[38;2;253;253;253m██████[38;2;254;254;254m█[38;2;255;255;255m█[38;2;238;239;231m█[38;2;53;54;102m█[38;2;0;0;37m█[38;2;5;4;143m█[38;2;4;3;141m█[38;2;13;13;9m██[38;2;13;13;16m████
██[38;2;13;13;13m██[38;2;11;11;32m██[38;2;5;4;147m█[38;2;0;0;133m█[38;2;31;31;31m█[38;2;235;235;235m█[38;2;255;255;255m█[38;2;253;253;253m██████████[38;2;255;255;255m█[38;2;235;235;235m█[38;2;31;31;31m█[38;2;0;0;133m█[38;2;6;5;148m█[38;2;11;11;32m██[38;2;13;13;13m██[38;2;13;13;16m██
██[38;2;13;13;9m██[38;2;9;9;68m█[38;2;10;10;69m█[38;2;4;4;113m█[38;2;0;0;95m█[38;2;176;178;166m█[38;2;255;255;255m█[38;2;253;253;253m████████████[38;2;255;255;255m█[38;2;176;178;166m█[38;2;0;0;95m█[38;2;4;4;113m█[38;2;10;10;69m█[38;2;9;9;68m█[38;2;13;13;9m██[38;2;13;13;16m██
██[38;2;13;15;6m██[38;2;8;6;97m█[38;2;9;8;98m█[38;2;0;0;67m█[38;2;48;48;122m█[38;2;255;255;247m█[38;2;255;255;250m█[38;2;255;255;255m██[38;2;253;253;253m██████████[38;2;254;255;245m█[38;2;255;255;247m█[38;2;48;48;122m█[38;2;0;0;67m█[38;2;9;8;98m█[38;2;8;6;97m█[38;2;13;15;6m██[38;2;13;13;16m██
██[38;2;13;15;6m██[38;2;5;5;115m█[38;2;6;6;116m█[38;2;0;0;34m█[38;2;132;133;181m█[38;2;255;255;255m█[38;2;218;219;211m█[38;2;119;119;119m█[38;2;207;207;207m█[38;2;255;255;255m██[38;2;253;253;253m████████[38;2;253;254;246m█[38;2;255;255;255m█[38;2;132;133;181m█[38;2;0;0;34m█[38;2;6;6;116m█[38;2;5;5;115m█[38;2;13;15;6m██[38;2;13;13;16m██
██[38;2;13;13;9m██[38;2;5;5;123m██[38;2;0;0;24m█[38;2;187;186;218m█[38;2;255;255;255m█[38;2;159;159;154m█[38;2;0;0;0m██[38;2;105;105;105m█[38;2;226;226;226m█[38;2;255;255;255m█[38;2;252;252;252m█[38;2;255;255;255m████████[38;2;187;186;218m█[38;2;0;0;24m█[38;2;5;5;123m██[38;2;13;13;9m██[38;2;13;13;16m██
██[38;2;13;13;9m██[38;2;4;4;125m█[38;2;2;2;123m█[38;2;0;0;26m█[38;2;207;207;233m█[38;2;255;255;255m█[38;2;250;250;247m█[38;2;162;162;162m█[38;2;39;39;39m█[38;2;0;0;0m█[38;2;10;10;10m█[38;2;153;153;153m█[38;2;255;255;255m█[38;2;193;193;193m█[38;2;66;66;66m█[38;2;67;67;67m███[38;2;62;62;62m█[38;2;173;173;171m█[38;2;255;255;255m█[38;2;205;205;232m█[38;2;0;0;26m█[38;2;2;2;123m█[38;2;4;4;125m█[38;2;13;13;9m██[38;2;13;13;16m██
██[38;2;13;13;9m██[38;2;4;4;125m█[38;2;2;2;123m█[38;2;0;0;25m█[38;2;208;208;233m█[38;2;255;255;255m██[38;2;239;239;239m█[38;2;91;91;91m█[38;2;0;0;0m██[38;2;97;97;97m█[38;2;255;255;255m█[38;2;154;154;154m█[38;2;0;0;0m█████[38;2;124;124;122m█[38;2;255;255;255m█[38;2;208;208;233m█[38;2;0;0;25m█[38;2;2;2;123m█[38;2;5;5;126m█[38;2;13;13;9m██[38;2;13;13;16m██
██[38;2;13;13;9m██[38;2;4;4;125m█[38;2;2;2;123m█[38;2;0;0;25m█[38;2;208;208;233m█[38;2;255;255;255m█[38;2;188;188;186m█[38;2;4;4;4m█[38;2;0;0;0m█[38;2;32;32;32m█[38;2;155;155;155m█[38;2;250;250;250m█[38;2;255;255;255m█[38;2;252;252;252m█[38;2;225;225;225m█[38;2;222;222;222m███[38;2;223;223;223m█[38;2;250;250;247m█[38;2;255;255;255m█[38;2;208;208;233m█[38;2;0;0;25m█[38;2;2;2;123m█[38;2;4;4;125m█[38;2;13;13;9m██[38;2;13;13;16m██
██[38;2;13;13;9m██[38;2;4;4;125m█[38;2;2;2;123m█[38;2;0;0;25m█[38;2;208;208;233m█[38;2;255;255;255m█[38;2;182;182;180m█[38;2;31;31;31m█[38;2;131;131;131m█[38;2;243;243;243m█[38;2;255;255;255m██[38;2;253;253;253m█[38;2;254;254;254m█[38;2;255;255;255m█████[38;2;254;254;252m█[38;2;255;255;255m█[38;2;208;208;233m█[38;2;0;0;25m█[38;2;2;2;123m█[38;2;4;4;125m█[38;2;13;13;9m██[38;2;13;13;16m██
██[38;2;13;13;9m██[38;2;4;4;125m█[38;2;2;2;123m█[38;2;0;0;25m█[38;2;208;208;233m█[38;2;255;255;255m█[38;2;255;255;254m█[38;2;252;252;252m█[38;2;255;255;255m██[38;2;253;253;253m█████████[38;2;253;253;251m█[38;2;255;255;255m█[38;2;208;208;233m█[38;2;0;0;25m█[38;2;2;2;123m█[38;2;4;4;125m█[38;2;13;13;9m██[38;2;13;13;16m██
██[38;2;13;13;9m██[38;2;4;4;125m█[38;2;2;2;123m█[38;2;0;0;25m█[38;2;208;208;233m█[38;2;255;255;255m█[38;2;253;253;251m█[38;2;254;254;254m█[38;2;253;253;253m███████████[38;2;253;253;251m█[38;2;255;255;255m█[38;2;208;208;233m█[38;2;0;0;25m█[38;2;2;2;123m█[38;2;4;4;125m█[38;2;13;13;9m██[38;2;13;13;16m██
██[38;2;13;13;9m██[38;2;4;4;125m█[38;2;2;2;123m█[38;2;0;0;25m█[38;2;208;208;233m█[38;2;255;255;255m█[38;2;253;253;251m█[38;2;253;253;253m████████████[38;2;253;253;251m█[38;2;255;255;255m█[38;2;208;208;233m█[38;2;0;0;25m█[38;2;2;2;123m█[38;2;4;4;125m█[38;2;13;13;9m██[38;2;13;13;16m██
██[38;2;13;13;9m██[38;2;4;4;125m█[38;2;2;2;123m█[38;2;0;0;25m█[38;2;208;208;233m█[38;2;255;255;255m█[38;2;253;253;251m█[38;2;253;253;253m████████████[38;2;253;253;251m█[38;2;255;255;255m█[38;2;208;208;233m█[38;2;0;0;25m█[38;2;2;2;123m█[38;2;4;4;125m█[38;2;13;13;9m██[38;2;13;13;16m██
██[38;2;13;13;9m██[38;2;4;4;125m█[38;2;2;2;123m█[38;2;0;0;25m█[38;2;208;208;233m█[38;2;255;255;255m█[38;2;253;253;251m█[38;2;253;253;253m████████████[38;2;253;253;251m█[38;2;255;255;255m█[38;2;208;208;233m█[38;2;0;0;25m█[38;2;2;2;123m█[38;2;4;4;125m█[38;2;13;13;9m██[38;2;13;13;16m██
██[38;2;13;13;9m██[38;2;4;4;125m█[38;2;2;2;123m█[38;2;0;0;25m█[38;2;208;208;233m█[38;2;255;255;255m█[38;2;253;253;251m█[38;2;253;253;253m████████████[38;2;253;253;251m█[38;2;255;255;255m█[38;2;208;208;233m█[38;2;0;0;25m█[38;2;2;2;123m█[38;2;4;4;125m█[38;2;13;13;9m██[38;2;13;13;16m██
██[38;2;13;13;9m██[38;2;5;4;125m█[38;2;3;2;123m█[38;2;0;0;25m█[38;2;208;208;233m█[38;2;255;255;255m█[38;2;253;253;251m█[38;2;253;253;253m████████████[38;2;253;253;251m█[38;2;255;255;255m█[38;2;208;208;233m█[38;2;0;0;25m█[38;2;2;2;123m█[38;2;4;4;125m█[38;2;13;13;9m██[38;2;13;13;16m██
██[38;2;13;13;9m██[38;2;5;5;126m█[38;2;2;2;123m█[38;2;1;1;26m█[38;2;209;209;235m█[38;2;255;255;255m█[38;2;253;253;251m█[38;2;253;253;253m████████████[38;2;253;253;251m█[38;2;255;255;255m█[38;2;209;209;235m█[38;2;1;1;26m█[38;2;2;2;123m█[38;2;5;5;126m█[38;2;13;13;9m██[38;2;13;13;16m██
██[38;2;13;13;9m██[38;2;4;4;129m█[38;2;3;3;127m█[38;2;0;0;23m█[38;2;194;194;223m█[38;2;255;255;255m█[38;2;253;253;249m█[38;2;253;253;253m██[38;2;255;255;255m██[38;2;253;253;253m████[38;2;255;255;255m██[38;2;253;253;253m██[38;2;253;253;249m█[38;2;255;255;255m█[38;2;195;195;222m█[38;2;0;0;20m█[38;2;3;3;126m█[38;2;5;5;129m█[38;2;13;13;9m██[38;2;13;13;16m██
██[38;2;13;15;6m██[38;2;4;4;133m█[38;2;5;5;134m█[38;2;0;0;39m█[38;2;88;89;139m█[38;2;255;255;255m████[38;2;229;229;229m█[38;2;225;225;225m█[38;2;255;255;255m████[38;2;224;224;224m█[38;2;228;228;228m█[38;2;255;255;255m████[38;2;90;91;141m█[38;2;0;0;39m█[38;2;5;5;134m█[38;2;4;4;133m█[38;2;13;15;6m██[38;2;13;13;16m██
██[38;2;13;15;4m██[38;2;5;5;115m█[38;2;6;6;116m█[38;2;3;3;116m█[38;2;0;0;98m█[38;2;97;96;81m█[38;2;207;205;190m█[38;2;214;214;209m█[38;2;130;130;125m█[38;2;15;15;10m█[38;2;9;9;4m█[38;2;117;117;112m█[38;2;210;210;205m██[38;2;117;117;112m█[38;2;9;9;6m█[38;2;13;13;11m█[38;2;130;130;125m█[38;2;214;214;209m█[38;2;207;205;190m█[38;2;102;101;86m█[38;2;0;0;97m█[38;2;3;3;115m█[38;2;6;6;116m█[38;2;5;5;115m█[38;2;13;15;4m██[38;2;13;13;16m██
██[38;2;13;13;9m██[38;2;9;10;58m██[38;2;1;1;208m█[38;2;0;0;203m█[38;2;0;0;30m█[38;2;0;0;35m█[38;2;0;0;31m█[38;2;0;0;20m█[38;2;0;0;151m█[38;2;0;0;153m█[38;2;0;0;25m█[38;2;0;0;34m█[38;2;0;0;37m█[38;2;0;0;27m█[38;2;0;0;153m█[38;2;0;0;151m█[38;2;0;0;20m█[38;2;0;0;31m█[38;2;0;0;35m█[38;2;0;0;28m█[38;2;0;0;203m█[38;2;1;1;208m█[38;2;9;10;60m██[38;2;13;13;9m██[38;2;13;13;16m██
████[38;2;13;13;11m██[38;2;3;3;168m██[38;2;0;0;233m█[38;2;0;0;230m█[38;2;0;0;218m█[38;2;0;0;222m█[38;2;0;0;242m██[38;2;0;0;223m█[38;2;0;0;219m██[38;2;0;0;223m█[38;2;0;0;242m██[38;2;0;0;222m█[38;2;0;0;218m█[38;2;0;0;229m█[38;2;0;0;232m█[38;2;3;3;171m██[38;2;13;13;11m██[38;2;13;13;16m████
████[38;2;13;13;11m██[38;2;11;11;37m██[38;2;3;2;173m██[38;2;2;2;179m██[38;2;9;8;81m██[38;2;3;2;173m████[38;2;9;8;79m██[38;2;2;2;179m██[38;2;2;2;175m██[38;2;11;11;38m██[38;2;13;13;11m██[38;2;13;13;16m████
██████[38;2;13;13;11m██[38;2;13;13;13m████[38;2;13;15;6m██[38;2;13;13;13m████[38;2;13;15;6m██[38;2;13;13;13m████[38;2;13;13;11m██[38;2;13;13;16m██████
████████████████████████████████
████████████████████████████████