[38;2;13;13;16m██████████[38;2;13;15;6m██[38;2;11;11;32m██[38;2;8;6;94m██[38;2;9;8;95m█[38;2;8;6;94m█[38;2;11;11;32m██[38;2;13;15;6m██[38;2;13;13;16m██████████
████████[38;2;13;15;6m██[38;2;9;9;73m█[38;2;10;10;74m█[38;2;0;0;215m██[38;2;0;0;218m█[38;2;0;0;216m██[38;2;0;0;218m█[38;2;0;0;212m██[38;2;10;10;74m█[38;2;9;9;73m█[38;2;13;15;6m██[38;2;13;13;16m████████
██████[38;2;13;13;9m██[38;2;9;10;55m██[38;2;1;1;216m█[38;2;0;0;212m█[38;2;0;0;94m█[38;2;0;0;84m█[38;2;0;0;8m█[38;2;4;3;17m██[38;2;0;0;8m█[38;2;0;0;84m█[38;2;0;0;94m█[38;2;0;0;210m█[38;2;1;1;214m█[38;2;9;10;55m██[38;2;13;13;9m██[38;2;13;13;16m██████
██████[38;2;13;13;13m██[38;2;2;2;176m█[38;2;3;3;178m█[38;2;0;0;83m█[38;2;0;0;73m█[38;2;49;48;33m█[38;2;136;134;119m█[38;2;190;190;186m█[38;2;214;214;209m██[38;2;190;190;186m█[38;2;136;134;119m█[38;2;49;48;33m█[38;2;0;0;73m█[38;2;0;0;83m█[38;2;3;3;178m█[38;2;2;2;176m█[38;2;13;13;13m██[38;2;13;13;16m██████
████[38;2;13;15;6m██[38;2;8;8;79m█[38;2;9;9;80m█[38;2;3;4;158m█[38;2;0;0;138m█[38;2;20;22;11m█[38;2;165;166;155m█[38;2;254;254;254m█[38;2;255;255;255m██████[38;2;254;254;254m█[38;2;164;165;154m█[38;2;20;22;11m█[38;2;0;0;138m█[38;2;3;4;158m█[38;2;9;9;82m█[38;2;8;8;81m█[38;2;13;15;6m██[38;2;13;13;16m████
████[38;2;13;15;6m██[38;2;4;2;148m█[38;2;6;4;151m█[38;2;0;0;45m█[38;2;34;35;89m█[38;2;222;223;215m█[38;2;255;255;255m██[38;2;253;253;253m██████[38;2;255;255;255m██[38;2;222;223;215m█[38;2;34;35;89m█[38;2;0;0;45m█[38;2;6;4;151m█[38;2;4;2;148m█[38;2;13;15;6m██[38;2;13;13;16m████
██[38;2;13;13;13m██[38;2;11;11;32m██[38;2;4;5;157m█[38;2;0;0;144m█[38;2;19;19;22m█[38;2;221;221;223m█[38;2;255;255;255m█[38;2;253;253;253m██████████[38;2;255;255;255m█[38;2;222;222;224m█[38;2;19;19;22m█[38;2;0;0;144m█[38;2;4;5;157m█[38;2;11;11;32m██[38;2;13;13;13m██[38;2;13;13;16m██
██[38;2;13;13;9m██[38;2;9;9;68m█[38;2;10;10;69m█[38;2;5;5;120m█[38;2;0;0;98m█[38;2;161;162;151m█[38;2;255;255;255m█[38;2;253;253;253m████████████[38;2;255;255;255m█[38;2;161;162;151m█[38;2;0;0;98m█[38;2;5;5;120m█[38;2;10;10;69m█[38;2;9;9;68m█[38;2;13;13;9m██[38;2;13;13;16m██
██[38;2;13;15;6m██[38;2;8;6;100m█[38;2;9;8;101m█[38;2;0;0;72m█[38;2;39;39;116m█[38;2;252;253;243m█[38;2;255;255;250m█[38;2;255;255;255m███[38;2;253;253;253m█████████[38;2;255;255;246m█[38;2;252;253;243m█[38;2;39;39;116m█[38;2;0;0;72m█[38;2;9;8;101m█[38;2;8;6;100m█[38;2;13;15;6m██[38;2;13;13;16m██
██[38;2;13;15;6m██[38;2;5;5;117m█[38;2;6;6;118m█[38;2;0;0;37m█[38;2;124;125;175m█[38;2;255;255;255m█[38;2;196;197;189m█[38;2;48;48;48m█[38;2;147;147;147m█[38;2;252;252;252m█[38;2;255;255;255m█[38;2;253;253;253m███[38;2;255;255;255m█████[38;2;253;254;246m█[38;2;255;255;255m█[38;2;124;125;175m█[38;2;0;0;37m█[38;2;6;6;118m█[38;2;5;5;117m█[38;2;13;15;6m██[38;2;13;13;16m██
██[38;2;13;13;9m██[38;2;4;5;123m██[38;2;0;0;25m█[38;2;182;181;216m█[38;2;255;255;255m█[38;2;188;188;183m█[38;2;0;0;0m██[38;2;51;51;51m█[38;2;187;187;187m█[38;2;255;255;255m█[38;2;253;253;253m█[38;2;255;255;255m█[38;2;245;245;245m█[38;2;242;242;242m█[38;2;243;243;243m██[38;2;244;244;244m█[38;2;255;255;251m█[38;2;255;255;255m█[38;2;182;181;216m█[38;2;0;0;25m█[38;2;4;5;123m██[38;2;13;13;9m██[38;2;13;13;16m██
██[38;2;13;13;9m██[38;2;4;4;125m█[38;2;2;2;123m█[38;2;0;0;25m█[38;2;205;205;232m█[38;2;255;255;255m██[38;2;224;224;224m█[38;2;83;83;83m█[38;2;0;0;0m██[38;2;125;125;125m█[38;2;255;255;255m█[38;2;168;168;168m█[38;2;17;17;17m█[38;2;22;22;22m███[38;2;13;13;13m█[38;2;141;141;139m█[38;2;255;255;255m█[38;2;205;205;232m█[38;2;0;0;25m█[38;2;2;2;123m█[38;2;5;5;126m█[38;2;13;13;9m██[38;2;13;13;16m██
██[38;2;13;13;9m██[38;2;4;4;125m█[38;2;2;2;123m█[38;2;0;0;25m█[38;2;208;208;233m█[38;2;255;255;255m██[38;2;210;210;210m█[38;2;73;73;73m█[38;2;0;0;0m██[38;2;137;137;137m█[38;2;255;255;255m█[38;2;175;175;175m█[38;2;31;31;31m█[38;2;35;35;35m███[38;2;28;28;28m█[38;2;151;151;148m█[38;2;255;255;255m█[38;2;208;208;233m█[38;2;0;0;25m█[38;2;2;2;123m█[38;2;5;5;126m█[38;2;13;13;9m██[38;2;13;13;16m██
██[38;2;13;13;9m██[38;2;4;4;125m█[38;2;2;2;123m█[38;2;0;0;25m█[38;2;208;208;233m█[38;2;255;255;255m█[38;2;182;182;180m█[38;2;0;0;0m██[38;2;65;65;65m█[38;2;201;201;201m█[38;2;255;255;255m█[38;2;253;253;253m█[38;2;255;255;255m█[38;2;252;252;252m█[38;2;250;250;250m███[38;2;251;251;251m█[38;2;255;255;255m██[38;2;208;208;233m█[38;2;0;0;25m█[38;2;2;2;123m█[38;2;4;4;125m█[38;2;13;13;9m██[38;2;13;13;16m██
██[38;2;13;13;9m██[38;2;4;4;125m█[38;2;2;2;123m█[38;2;0;0;25m█[38;2;208;208;233m█[38;2;255;255;255m█[38;2;203;203;201m█[38;2;65;65;65m█[38;2;162;162;162m█[38;2;255;255;255m██[38;2;253;253;253m███[38;2;254;254;254m█[38;2;255;255;255m███[38;2;254;254;254m█[38;2;253;253;251m█[38;2;255;255;255m█[38;2;208;208;233m█[38;2;0;0;25m█[38;2;2;2;123m█[38;2;4;4;125m█[38;2;13;13;9m██[38;2;13;13;16m██
██[38;2;13;13;9m██[38;2;4;4;125m█[38;2;2;2;123m█[38;2;0;0;25m█[38;2;208;208;233m█[38;2;255;255;255m████[38;2;254;254;254m█[38;2;253;253;253m█████████[38;2;253;253;251m█[38;2;255;255;255m█[38;2;208;208;233m█[38;2;0;0;25m█[38;2;2;2;123m█[38;2;4;4;125m█[38;2;13;13;9m██[38;2;13;13;16m██
██[38;2;13;13;9m██[38;2;4;4;125m█[38;2;2;2;123m█[38;2;0;0;25m█[38;2;208;208;233m█[38;2;255;255;255m█[38;2;253;253;251m█[38;2;253;253;253m████████████[38;2;253;253;251m█[38;2;255;255;255m█[38;2;208;208;233m█[38;2;0;0;25m█[38;2;2;2;123m█[38;2;4;4;125m█[38;2;13;13;9m██[38;2;13;13;16m██
██[38;2;13;13;9m██[38;2;4;4;125m█[38;2;2;2;123m█[38;2;0;0;25m█[38;2;208;208;233m█[38;2;255;255;255m█[38;2;253;253;251m█[38;2;253;253;253m████████████[38;2;253;253;251m█[38;2;255;255;255m█[38;2;208;208;233m█[38;2;0;0;25m█[38;2;2;2;123m█[38;2;4;4;125m█[38;2;13;13;9m██[38;2;13;13;16m██
██[38;2;13;13;9m██[38;2;4;4;125m█[38;2;2;2;123m█[38;2;0;0;25m█[38;2;208;208;233m█[38;2;255;255;255m█[38;2;253;253;251m█[38;2;253;253;253m████████████[38;2;253;253;251m█[38;2;255;255;255m█[38;2;208;208;233m█[38;2;0;0;25m█[38;2;2;2;123m█[38;2;4;4;125m█[38;2;13;13;9m██[38;2;13;13;16m██
██[38;2;13;13;9m██[38;2;4;4;125m█[38;2;2;2;123m█[38;2;0;0;25m█[38;2;208;208;233m█[38;2;255;255;255m█[38;2;253;253;251m█[38;2;253;253;253m████████████[38;2;253;253;251m█[38;2;255;255;255m█[38;2;208;208;233m█[38;2;0;0;25m█[38;2;2;2;123m█[38;2;4;4;125m█[38;2;13;13;9m██[38;2;13;13;16m██
██[38;2;13;13;9m██[38;2;4;4;125m█[38;2;2;2;123m█[38;2;0;0;25m█[38;2;208;208;233m█[38;2;255;255;255m█[38;2;253;253;251m█[38;2;253;253;253m████████████[38;2;253;253;251m█[38;2;255;255;255m█[38;2;208;208;233m█[38;2;0;0;25m█[38;2;2;2;123m█[38;2;4;4;125m█[38;2;13;13;9m██[38;2;13;13;16m██
██[38;2;13;13;9m██[38;2;5;4;125m█[38;2;3;2;123m█[38;2;1;1;26m█[38;2;209;209;235m█[38;2;255;255;255m█[38;2;253;253;251m█[38;2;253;253;253m████████████[38;2;253;253;251m█[38;2;255;255;255m█[38;2;208;208;233m█[38;2;1;1;26m█[38;2;2;2;123m█[38;2;4;4;125m█[38;2;13;13;9m██[38;2;13;13;16m██
██[38;2;13;13;9m██[38;2;4;4;127m█[38;2;3;3;126m█[38;2;0;0;23m█[38;2;203;203;230m█[38;2;255;255;255m█[38;2;253;253;251m█[38;2;253;253;253m██[38;2;254;254;254m██[38;2;253;253;253m████[38;2;254;254;254m██[38;2;253;253;253m██[38;2;253;253;251m█[38;2;255;255;255m█[38;2;204;204;231m█[38;2;0;0;24m█[38;2;3;3;126m█[38;2;4;4;127m█[38;2;13;13;9m██[38;2;13;13;16m██
██[38;2;13;15;6m██[38;2;5;4;125m█[38;2;6;5;126m█[38;2;0;0;31m█[38;2;123;125;167m█[38;2;255;255;255m█[38;2;255;255;252m█[38;2;255;255;255m████████[38;2;254;254;254m█[38;2;255;255;255m███[38;2;255;255;252m█[38;2;255;255;255m█[38;2;126;129;168m█[38;2;0;0;28m█[38;2;5;5;129m█[38;2;4;4;127m█[38;2;13;15;6m██[38;2;13;13;16m██
██[38;2;13;15;4m██[38;2;5;6;107m█[38;2;6;8;108m█[38;2;2;1;91m█[38;2;0;0;88m█[38;2;155;157;143m█[38;2;246;247;233m█[38;2;251;251;249m█[38;2;188;188;186m█[38;2;59;60;49m█[38;2;52;53;42m█[38;2;176;176;174m█[38;2;250;250;247m██[38;2;176;176;174m█[38;2;51;52;41m█[38;2;58;59;48m█[38;2;188;188;186m█[38;2;251;251;249m█[38;2;247;249;235m█[38;2;159;160;146m█[38;2;0;0;87m█[38;2;1;0;88m█[38;2;6;8;109m█[38;2;5;6;108m█[38;2;13;15;4m██[38;2;13;13;16m██
██[38;2;13;13;11m██[38;2;9;11;53m██[38;2;3;3;182m█[38;2;0;0;172m█[38;2;0;0;0m█[38;2;30;30;35m█[38;2;37;37;39m█[38;2;0;0;1m█[38;2;0;0;93m█[38;2;0;0;94m█[38;2;0;0;4m█[38;2;34;33;42m█[38;2;34;34;40m█[38;2;0;0;2m█[38;2;0;0;94m█[38;2;0;0;93m█[38;2;0;0;1m█[38;2;37;37;39m█[38;2;31;31;37m█[38;2;0;0;0m█[38;2;0;0;172m█[38;2;3;3;182m█[38;2;9;10;55m██[38;2;13;13;9m██[38;2;13;13;16m██
████[38;2;13;13;9m██[38;2;2;3;152m█[38;2;4;5;154m█[38;2;0;0;202m█[38;2;0;0;194m█[38;2;0;0;178m█[38;2;0;0;186m█[38;2;0;0;233m██[38;2;0;0;189m█[38;2;0;0;181m██[38;2;0;0;189m█[38;2;0;0;235m██[38;2;0;0;186m█[38;2;0;0;178m█[38;2;0;0;192m█[38;2;0;0;200m█[38;2;4;5;157m█[38;2;2;3;154m█[38;2;13;13;9m██[38;2;13;13;16m████
████[38;2;13;13;11m██[38;2;13;12;26m██[38;2;5;3;150m██[38;2;3;4;158m██[38;2;9;10;55m██[38;2;3;4;152m████[38;2;9;10;55m██[38;2;3;4;158m██[38;2;3;4;150m██[38;2;13;12;26m██[38;2;13;13;11m██[38;2;13;13;16m████
██████[38;2;13;13;13m██[38;2;13;15;6m████[38;2;13;13;9m██[38;2;13;15;6m████[38;2;13;13;9m██[38;2;13;15;6m████[38;2;13;13;13m██[38;2;13;13;16m██████
████████████████████████████████
████████████████████████████████
████████████████████████████████