[38;2;13;13;16m██████████████[38;2;13;13;9m████[38;2;13;13;16m██████████████
██████████[38;2;13;13;11m██[38;2;13;13;13m██[38;2;11;10;51m████[38;2;13;13;13m██[38;2;13;13;11m██[38;2;13;13;16m██████████
████████[38;2;13;13;9m██[38;2;11;11;40m██[38;2;2;2;179m██[38;2;0;0;216m█[38;2;0;0;215m██[38;2;0;0;217m█[38;2;2;2;179m██[38;2;11;11;40m██[38;2;13;13;9m██[38;2;13;13;16m████████
██████[38;2;13;13;11m██[38;2;11;11;32m██[38;2;2;0;194m█[38;2;1;0;193m█[38;2;0;0;120m█[38;2;0;0;109m█[38;2;0;0;16m█[38;2;0;0;22m██[38;2;0;0;16m█[38;2;0;0;109m█[38;2;0;0;120m█[38;2;1;0;193m█[38;2;2;0;194m█[38;2;11;11;32m██[38;2;13;13;11m██[38;2;13;13;16m██████
██████[38;2;13;15;6m██[38;2;2;3;152m█[38;2;4;5;154m█[38;2;0;0;104m█[38;2;0;0;89m█[38;2;32;31;16m█[38;2;112;111;96m█[38;2;171;171;166m█[38;2;196;196;192m██[38;2;171;171;166m█[38;2;112;111;96m█[38;2;32;31;16m█[38;2;0;0;89m█[38;2;0;0;104m█[38;2;4;5;154m█[38;2;2;3;152m█[38;2;13;15;6m██[38;2;13;13;16m██████
████[38;2;13;13;9m██[38;2;9;10;61m██[38;2;4;4;161m█[38;2;0;0;143m█[38;2;9;10;2m█[38;2;143;144;136m█[38;2;245;245;243m█[38;2;255;255;255m██████[38;2;245;245;243m█[38;2;143;144;136m█[38;2;9;10;2m█[38;2;0;0;143m█[38;2;4;4;161m█[38;2;9;10;61m██[38;2;13;13;9m██[38;2;13;13;16m████
████[38;2;13;15;6m██[38;2;4;4;133m█[38;2;6;6;136m█[38;2;0;0;56m█[38;2;22;22;86m█[38;2;207;208;197m█[38;2;255;255;255m██[38;2;253;253;253m██████[38;2;255;255;255m██[38;2;207;208;197m█[38;2;22;22;86m█[38;2;0;0;56m█[38;2;6;6;136m█[38;2;4;4;133m█[38;2;13;15;6m██[38;2;13;13;16m████
██[38;2;13;13;13m██[38;2;13;12;26m██[38;2;3;4;152m█[38;2;0;0;141m█[38;2;11;11;15m█[38;2;208;208;211m█[38;2;255;255;255m█[38;2;253;253;251m█[38;2;253;253;253m████████[38;2;253;253;251m█[38;2;255;255;255m█[38;2;208;208;211m█[38;2;11;11;15m█[38;2;0;0;141m█[38;2;3;4;152m█[38;2;13;12;26m██[38;2;13;13;13m██[38;2;13;13;16m██
██[38;2;13;13;9m██[38;2;9;10;60m██[38;2;5;5;123m█[38;2;0;0;100m█[38;2;148;150;139m█[38;2;255;255;255m█[38;2;253;253;253m████████████[38;2;255;255;255m█[38;2;147;148;138m█[38;2;0;0;100m█[38;2;5;5;123m█[38;2;10;11;61m█[38;2;9;10;60m█[38;2;13;13;9m██[38;2;13;13;16m██
██[38;2;13;15;6m██[38;2;8;6;91m█[38;2;9;8;93m█[38;2;0;0;75m█[38;2;32;32;111m█[38;2;249;250;239m█[38;2;255;255;251m█[38;2;255;255;255m██[38;2;254;254;254m█[38;2;253;253;253m█████████[38;2;255;255;246m█[38;2;249;250;239m█[38;2;31;31;110m█[38;2;0;0;75m█[38;2;9;8;93m█[38;2;8;6;91m█[38;2;13;15;6m██[38;2;13;13;16m██
██[38;2;13;15;6m██[38;2;5;5;112m█[38;2;6;6;113m█[38;2;0;0;38m█[38;2;117;118;168m█[38;2;255;255;255m█[38;2;205;207;198m█[38;2;70;70;70m█[38;2;168;168;168m█[38;2;255;255;255m██[38;2;253;253;253m███[38;2;254;254;254m█████[38;2;253;254;246m█[38;2;255;255;255m█[38;2;117;118;169m█[38;2;0;0;38m█[38;2;6;6;113m█[38;2;5;5;112m█[38;2;13;15;6m██[38;2;13;13;16m██
██[38;2;13;15;6m██[38;2;5;5;120m██[38;2;0;0;25m█[38;2;179;178;212m█[38;2;255;255;255m█[38;2;181;181;176m█[38;2;0;0;0m██[38;2;70;70;70m█[38;2;205;205;205m█[38;2;255;255;255m█[38;2;253;253;253m█[38;2;255;255;255m█[38;2;254;254;254m█[38;2;252;252;252m███[38;2;253;253;253m█[38;2;255;255;253m█[38;2;255;255;255m█[38;2;179;178;212m█[38;2;0;0;25m█[38;2;5;5;120m██[38;2;13;15;6m██[38;2;13;13;16m██
██[38;2;13;13;9m██[38;2;4;4;125m█[38;2;2;2;123m█[38;2;0;0;25m█[38;2;204;204;231m█[38;2;255;255;255m██[38;2;205;205;205m█[38;2;68;68;68m█[38;2;0;0;0m██[38;2;140;140;140m█[38;2;255;255;255m█[38;2;179;179;179m█[38;2;37;37;37m█[38;2;40;40;40m███[38;2;33;33;33m█[38;2;155;155;153m█[38;2;255;255;255m█[38;2;204;204;231m█[38;2;0;0;25m█[38;2;2;2;123m█[38;2;5;5;126m█[38;2;13;13;9m██[38;2;13;13;16m██
██[38;2;13;13;9m██[38;2;4;4;125m█[38;2;2;2;123m█[38;2;1;1;26m█[38;2;208;208;233m█[38;2;255;255;255m██[38;2;229;229;229m█[38;2;88;88;88m█[38;2;0;0;0m██[38;2;122;122;122m█[38;2;255;255;255m█[38;2;165;165;165m█[38;2;11;11;11m█[38;2;17;17;17m███[38;2;9;9;9m█[38;2;139;139;137m█[38;2;255;255;255m█[38;2;208;208;233m█[38;2;0;0;25m█[38;2;2;2;123m█[38;2;4;4;125m█[38;2;13;13;9m██[38;2;13;13;16m██
██[38;2;13;13;9m██[38;2;4;4;125m█[38;2;2;2;123m█[38;2;0;0;25m█[38;2;208;208;233m█[38;2;255;255;255m█[38;2;192;192;189m█[38;2;0;0;0m██[38;2;46;46;46m█[38;2;181;181;181m█[38;2;255;255;255m█[38;2;254;254;254m█[38;2;255;255;255m█[38;2;242;242;242m█[38;2;239;239;239m███[38;2;240;240;240m█[38;2;255;255;253m█[38;2;255;255;255m█[38;2;208;208;233m█[38;2;0;0;25m█[38;2;2;2;123m█[38;2;4;4;125m█[38;2;13;13;9m██[38;2;13;13;16m██
██[38;2;13;13;9m██[38;2;4;4;125m█[38;2;2;2;123m█[38;2;0;0;25m█[38;2;208;208;233m█[38;2;255;255;255m█[38;2;195;195;193m█[38;2;42;42;42m█[38;2;141;141;141m█[38;2;250;250;250m█[38;2;255;255;255m█[38;2;254;254;254m█[38;2;253;253;253m██[38;2;255;255;255m█████[38;2;254;254;252m█[38;2;255;255;255m█[38;2;208;208;233m█[38;2;0;0;25m█[38;2;2;2;123m█[38;2;4;4;125m█[38;2;13;13;9m██[38;2;13;13;16m██
██[38;2;13;13;9m██[38;2;4;4;125m█[38;2;2;2;123m█[38;2;0;0;25m█[38;2;208;208;233m█[38;2;255;255;255m█[38;2;255;255;254m█[38;2;255;255;255m███[38;2;253;253;253m█████████[38;2;253;253;251m█[38;2;255;255;255m█[38;2;208;208;233m█[38;2;0;0;25m█[38;2;2;2;123m█[38;2;4;4;125m█[38;2;13;13;9m██[38;2;13;13;16m██
██[38;2;13;13;9m██[38;2;4;4;125m█[38;2;2;2;123m█[38;2;0;0;25m█[38;2;208;208;233m█[38;2;255;255;255m█[38;2;253;253;251m█[38;2;254;254;254m█[38;2;253;253;253m███████████[38;2;253;253;251m█[38;2;255;255;255m█[38;2;208;208;233m█[38;2;0;0;25m█[38;2;2;2;123m█[38;2;4;4;125m█[38;2;13;13;9m██[38;2;13;13;16m██
██[38;2;13;13;9m██[38;2;4;4;125m█[38;2;2;2;123m█[38;2;0;0;25m█[38;2;208;208;233m█[38;2;255;255;255m█[38;2;253;253;251m█[38;2;253;253;253m████████████[38;2;253;253;251m█[38;2;255;255;255m█[38;2;208;208;233m█[38;2;0;0;25m█[38;2;2;2;123m█[38;2;4;4;125m█[38;2;13;13;9m██[38;2;13;13;16m██
██[38;2;13;13;9m██[38;2;4;4;125m█[38;2;2;2;123m█[38;2;0;0;25m█[38;2;208;208;233m█[38;2;255;255;255m█[38;2;253;253;251m█[38;2;253;253;253m████████████[38;2;253;253;251m█[38;2;255;255;255m█[38;2;208;208;233m█[38;2;0;0;25m█[38;2;2;2;123m█[38;2;4;4;125m█[38;2;13;13;9m██[38;2;13;13;16m██
██[38;2;13;13;9m██[38;2;4;4;125m█[38;2;2;2;123m█[38;2;0;0;25m█[38;2;208;208;233m█[38;2;255;255;255m█[38;2;253;253;251m█[38;2;253;253;253m████████████[38;2;253;253;251m█[38;2;255;255;255m█[38;2;208;208;233m█[38;2;0;0;25m█[38;2;2;2;123m█[38;2;4;4;125m█[38;2;13;13;9m██[38;2;13;13;16m██
██[38;2;13;13;9m██[38;2;4;4;125m█[38;2;2;2;123m█[38;2;0;0;25m█[38;2;208;208;233m█[38;2;255;255;255m█[38;2;253;253;251m█[38;2;253;253;253m████████████[38;2;253;253;251m█[38;2;255;255;255m█[38;2;208;208;233m█[38;2;0;0;25m█[38;2;2;2;123m█[38;2;4;4;125m█[38;2;13;13;9m██[38;2;13;13;16m██
██[38;2;13;13;9m██[38;2;4;4;125m█[38;2;2;2;123m█[38;2;0;0;25m█[38;2;208;208;233m█[38;2;255;255;255m█[38;2;253;253;251m█[38;2;253;253;253m████████████[38;2;253;253;251m█[38;2;255;255;255m█[38;2;208;208;233m█[38;2;0;0;25m█[38;2;2;2;123m█[38;2;4;4;125m█[38;2;13;13;9m██[38;2;13;13;16m██
██[38;2;13;13;9m██[38;2;5;4;125m█[38;2;3;2;123m█[38;2;1;1;26m█[38;2;209;209;235m█[38;2;255;255;255m█[38;2;253;253;251m█[38;2;253;253;253m████████████[38;2;253;253;251m█[38;2;255;255;255m█[38;2;209;209;235m█[38;2;1;1;26m█[38;2;2;2;123m█[38;2;4;4;125m█[38;2;13;13;9m██[38;2;13;13;16m██
██[38;2;13;13;9m██[38;2;4;4;125m█[38;2;3;3;124m█[38;2;0;0;23m█[38;2;200;200;226m█[38;2;255;255;255m█[38;2;253;253;249m█[38;2;253;253;253m██[38;2;255;255;255m██[38;2;253;253;253m████[38;2;255;255;255m██[38;2;253;253;253m██[38;2;253;253;251m█[38;2;255;255;255m█[38;2;202;202;229m█[38;2;0;0;23m█[38;2;3;3;124m█[38;2;4;4;125m█[38;2;13;13;9m██[38;2;13;13;16m██
██[38;2;13;15;6m██[38;2;5;5;118m█[38;2;6;6;119m█[38;2;0;0;33m█[38;2;109;110;155m█[38;2;255;255;255m█[38;2;255;255;252m█[38;2;255;255;255m██[38;2;247;247;247m█[38;2;246;246;246m█[38;2;255;255;255m████[38;2;245;245;245m█[38;2;247;247;247m█[38;2;255;255;255m██[38;2;255;255;251m█[38;2;255;255;255m█[38;2;113;116;158m█[38;2;0;0;31m█[38;2;6;6;119m█[38;2;5;5;118m█[38;2;13;15;6m██[38;2;13;13;16m██
██[38;2;13;15;6m██[38;2;8;6;94m█[38;2;9;8;95m█[38;2;1;2;100m█[38;2;0;0;89m█[38;2;133;132;119m█[38;2;233;232;219m█[38;2;239;239;237m█[38;2;166;166;164m█[38;2;39;40;30m█[38;2;32;33;23m█[38;2;153;153;151m█[38;2;237;237;235m██[38;2;153;153;151m█[38;2;32;33;23m█[38;2;38;39;28m█[38;2;166;166;164m█[38;2;239;239;237m█[38;2;235;233;221m█[38;2;137;136;123m█[38;2;0;0;88m█[38;2;1;2;97m█[38;2;9;8;95m█[38;2;8;6;94m█[38;2;13;15;6m██[38;2;13;13;16m██
██[38;2;13;13;11m██[38;2;11;11;37m██[38;2;2;2;176m█[38;2;0;0;169m█[38;2;0;0;12m█[38;2;12;12;35m█[38;2;20;19;31m█[38;2;0;0;4m█[38;2;0;0;119m█[38;2;0;0;122m█[38;2;0;0;9m█[38;2;16;17;34m██[38;2;0;0;9m█[38;2;0;0;122m█[38;2;0;0;119m█[38;2;0;0;6m█[38;2;20;19;33m█[38;2;13;13;34m█[38;2;0;0;10m█[38;2;0;0;169m█[38;2;3;3;178m█[38;2;11;11;37m██[38;2;13;13;11m██[38;2;13;13;16m██
████[38;2;13;15;6m██[38;2;5;6;108m█[38;2;6;8;109m█[38;2;0;0;211m█[38;2;0;0;205m█[38;2;0;0;194m█[38;2;0;0;200m█[38;2;0;1;196m██[38;2;0;0;201m█[38;2;0;0;195m██[38;2;0;0;201m█[38;2;2;0;196m██[38;2;0;0;201m█[38;2;0;0;194m█[38;2;0;0;203m█[38;2;0;0;209m█[38;2;6;8;111m█[38;2;5;6;110m█[38;2;13;15;6m██[38;2;13;13;16m████
██████[38;2;13;13;11m██[38;2;8;8;83m█[38;2;9;9;84m█[38;2;9;8;90m█[38;2;8;6;89m█[38;2;13;13;17m██[38;2;8;8;84m█[38;2;9;9;86m██[38;2;8;8;84m█[38;2;13;13;17m██[38;2;8;6;89m█[38;2;9;8;90m█[38;2;9;9;84m█[38;2;8;8;83m█[38;2;13;13;11m██[38;2;13;13;16m██████
████████[38;2;13;15;6m████[38;2;13;13;13m██[38;2;13;15;6m████[38;2;13;13;13m██[38;2;13;15;6m████[38;2;13;13;16m████████
████████████████████████████████