[38;2;13;13;16m██████████[38;2;13;15;6m██[38;2;11;11;34m██[38;2;8;6;97m█[38;2;9;8;98m██[38;2;8;6;97m█[38;2;11;11;34m██[38;2;13;15;6m██[38;2;13;13;16m██████████
████████[38;2;13;15;6m██[38;2;9;9;76m█[38;2;10;10;77m█[38;2;0;0;209m█[38;2;0;0;208m█[38;2;0;0;194m█[38;2;0;0;190m██[38;2;0;0;194m█[38;2;0;0;208m█[38;2;0;0;209m█[38;2;10;10;75m█[38;2;9;9;74m█[38;2;13;15;6m██[38;2;13;13;16m████████
██████[38;2;13;13;9m██[38;2;9;10;58m██[38;2;1;2;203m█[38;2;0;0;197m█[38;2;0;0;62m█[38;2;0;0;59m█[38;2;8;8;5m█[38;2;22;22;19m██[38;2;8;8;5m█[38;2;0;0;59m█[38;2;0;0;62m█[38;2;0;0;197m█[38;2;1;2;203m█[38;2;9;10;58m██[38;2;13;13;9m██[38;2;13;13;16m██████
██████[38;2;13;13;13m██[38;2;3;3;171m██[38;2;0;0;60m█[38;2;0;0;62m█[38;2;81;80;65m█[38;2;172;171;155m█[38;2;219;219;217m█[38;2;237;237;235m██[38;2;219;219;217m█[38;2;172;171;155m█[38;2;81;80;65m█[38;2;0;0;62m█[38;2;0;0;60m█[38;2;3;3;171m██[38;2;13;13;13m██[38;2;13;13;16m██████
████[38;2;13;15;6m██[38;2;8;8;81m█[38;2;9;9;82m█[38;2;4;3;141m█[38;2;0;0;119m█[38;2;42;44;32m█[38;2;196;197;186m█[38;2;255;255;255m████████[38;2;196;197;186m█[38;2;42;44;32m█[38;2;0;0;119m█[38;2;4;3;141m█[38;2;9;9;82m█[38;2;8;8;81m█[38;2;13;15;6m██[38;2;13;13;16m████
████[38;2;13;13;9m██[38;2;4;3;144m█[38;2;5;4;145m█[38;2;0;0;33m█[38;2;59;60;105m█[38;2;242;243;235m█[38;2;255;255;255m█[38;2;253;253;253m████████[38;2;255;255;255m█[38;2;242;243;235m█[38;2;59;61;103m█[38;2;0;0;31m█[38;2;5;4;143m█[38;2;4;3;141m█[38;2;13;13;9m██[38;2;13;13;16m████
██[38;2;13;13;13m██[38;2;11;11;32m██[38;2;6;5;148m█[38;2;0;0;132m█[38;2;34;34;32m█[38;2;238;238;236m█[38;2;255;255;255m█[38;2;253;253;253m██████████[38;2;255;255;255m█[38;2;238;238;236m█[38;2;34;34;32m█[38;2;0;0;132m█[38;2;4;6;148m█[38;2;11;11;32m██[38;2;13;13;13m██[38;2;13;13;16m██
██[38;2;13;13;9m██[38;2;9;9;68m█[38;2;10;10;69m█[38;2;4;4;113m█[38;2;0;0;95m█[38;2;181;182;171m█[38;2;255;255;255m█[38;2;254;254;254m█[38;2;253;253;253m██████[38;2;254;254;254m██[38;2;253;253;253m███[38;2;255;255;255m█[38;2;181;182;171m█[38;2;0;0;95m█[38;2;4;4;113m█[38;2;10;10;69m█[38;2;9;9;68m█[38;2;13;13;9m██[38;2;13;13;16m██
██[38;2;13;15;6m██[38;2;8;6;97m█[38;2;9;8;98m█[38;2;0;0;66m█[38;2;51;51;124m█[38;2;255;255;249m██[38;2;252;252;252m█[38;2;255;255;255m██[38;2;253;253;253m████[38;2;255;255;255m█[38;2;254;254;254m█[38;2;255;255;255m█[38;2;254;254;254m█[38;2;253;253;253m█[38;2;254;255;245m█[38;2;255;255;249m█[38;2;51;51;124m█[38;2;0;0;66m█[38;2;6;9;98m█[38;2;5;8;97m█[38;2;13;15;6m██[38;2;13;13;16m██
██[38;2;13;15;6m██[38;2;5;5;115m█[38;2;6;6;116m█[38;2;0;0;32m█[38;2;134;136;181m█[38;2;255;255;255m█[38;2;190;192;183m█[38;2;31;31;31m█[38;2;130;130;130m█[38;2;245;245;245m█[38;2;255;255;255m█[38;2;254;254;254m█[38;2;253;253;253m█[38;2;255;255;255m█[38;2;117;117;117m█[38;2;44;44;44m█[38;2;179;179;179m█[38;2;255;255;255m██[38;2;253;254;246m█[38;2;255;255;255m█[38;2;134;136;181m█[38;2;0;0;32m█[38;2;6;6;116m█[38;2;5;5;115m█[38;2;13;15;6m██[38;2;13;13;16m██
██[38;2;13;13;9m██[38;2;5;5;123m██[38;2;0;0;24m█[38;2;188;187;219m█[38;2;255;255;255m█[38;2;195;195;190m█[38;2;6;6;6m█[38;2;0;0;0m█[38;2;37;37;37m█[38;2;171;171;171m█[38;2;255;255;255m█[38;2;254;254;254m█[38;2;255;255;255m█[38;2;123;123;123m█[38;2;0;0;0m██[38;2;79;79;79m█[38;2;212;212;212m█[38;2;255;255;254m█[38;2;255;255;255m█[38;2;187;186;218m█[38;2;0;0;24m█[38;2;4;5;123m██[38;2;13;13;9m██[38;2;13;13;16m██
██[38;2;13;13;9m██[38;2;4;4;125m█[38;2;2;2;123m█[38;2;0;0;26m█[38;2;207;207;233m█[38;2;255;255;255m██[38;2;238;238;238m█[38;2;95;95;95m█[38;2;0;0;0m██[38;2;115;115;115m█[38;2;255;255;255m█[38;2;253;253;253m█[38;2;255;255;255m█[38;2;202;202;202m█[38;2;41;41;41m█[38;2;0;0;0m██[38;2;194;194;192m█[38;2;255;255;255m█[38;2;207;207;233m█[38;2;0;0;26m█[38;2;2;2;123m█[38;2;4;4;125m█[38;2;13;13;9m██[38;2;13;13;16m██
██[38;2;13;13;9m██[38;2;4;4;125m█[38;2;2;2;123m█[38;2;0;0;25m█[38;2;208;208;233m█[38;2;255;255;255m█[38;2;255;255;254m█[38;2;194;194;194m█[38;2;59;59;59m█[38;2;0;0;0m█[38;2;1;1;1m█[38;2;148;148;148m█[38;2;255;255;255m██[38;2;247;247;247m█[38;2;151;151;151m█[38;2;20;20;20m█[38;2;0;0;0m█[38;2;33;33;33m█[38;2;212;212;210m█[38;2;255;255;255m█[38;2;208;208;233m█[38;2;0;0;25m█[38;2;2;2;123m█[38;2;4;4;125m█[38;2;13;13;9m██[38;2;13;13;16m██
██[38;2;13;13;9m██[38;2;4;4;125m█[38;2;2;2;123m█[38;2;0;0;25m█[38;2;208;208;233m█[38;2;255;255;255m█[38;2;178;178;175m█[38;2;0;0;0m██[38;2;81;81;81m█[38;2;215;215;215m█[38;2;255;255;255m█[38;2;253;253;253m█[38;2;255;255;255m█[38;2;91;91;91m█[38;2;0;0;0m█[38;2;8;8;8m█[38;2;130;130;130m█[38;2;244;244;244m█[38;2;255;255;255m██[38;2;208;208;233m█[38;2;0;0;25m█[38;2;2;2;123m█[38;2;4;4;125m█[38;2;13;13;9m██[38;2;13;13;16m██
██[38;2;13;13;9m██[38;2;4;4;125m█[38;2;2;2;123m█[38;2;0;0;25m█[38;2;208;208;233m█[38;2;255;255;255m█[38;2;210;210;208m█[38;2;83;83;83m█[38;2;179;179;179m█[38;2;255;255;255m██[38;2;253;253;253m██[38;2;255;255;255m█[38;2;154;154;154m█[38;2;97;97;97m█[38;2;221;221;221m█[38;2;255;255;255m██[38;2;253;253;251m█[38;2;255;255;255m█[38;2;208;208;233m█[38;2;0;0;25m█[38;2;2;2;123m█[38;2;4;4;125m█[38;2;13;13;9m██[38;2;13;13;16m██
██[38;2;13;13;9m██[38;2;4;4;125m█[38;2;2;2;123m█[38;2;0;0;25m█[38;2;208;208;233m█[38;2;255;255;255m█[38;2;255;255;254m█[38;2;255;255;255m██[38;2;254;254;254m█[38;2;253;253;253m████[38;2;255;255;255m███[38;2;253;253;253m██[38;2;253;253;251m█[38;2;255;255;255m█[38;2;208;208;233m█[38;2;0;0;25m█[38;2;2;2;123m█[38;2;4;4;125m█[38;2;13;13;9m██[38;2;13;13;16m██
██[38;2;13;13;9m██[38;2;4;4;125m█[38;2;2;2;123m█[38;2;0;0;25m█[38;2;208;208;233m█[38;2;255;255;255m█[38;2;253;253;251m█[38;2;253;253;253m████████████[38;2;253;253;251m█[38;2;255;255;255m█[38;2;208;208;233m█[38;2;0;0;25m█[38;2;2;2;123m█[38;2;4;4;125m█[38;2;13;13;9m██[38;2;13;13;16m██
██[38;2;13;13;9m██[38;2;4;4;125m█[38;2;2;2;123m█[38;2;0;0;25m█[38;2;208;208;233m█[38;2;255;255;255m█[38;2;253;253;251m█[38;2;253;253;253m████████████[38;2;253;253;251m█[38;2;255;255;255m█[38;2;208;208;233m█[38;2;0;0;25m█[38;2;2;2;123m█[38;2;4;4;125m█[38;2;13;13;9m██[38;2;13;13;16m██
██[38;2;13;13;9m██[38;2;4;4;125m█[38;2;2;2;123m█[38;2;0;0;25m█[38;2;208;208;233m█[38;2;255;255;255m█[38;2;253;253;251m█[38;2;253;253;253m████████████[38;2;253;253;251m█[38;2;255;255;255m█[38;2;208;208;233m█[38;2;0;0;25m█[38;2;2;2;123m█[38;2;4;4;125m█[38;2;13;13;9m██[38;2;13;13;16m██
██[38;2;13;13;9m██[38;2;4;4;125m█[38;2;2;2;123m█[38;2;0;0;25m█[38;2;208;208;233m█[38;2;255;255;255m█[38;2;253;253;251m█[38;2;253;253;253m████████████[38;2;253;253;251m█[38;2;255;255;255m█[38;2;208;208;233m█[38;2;0;0;25m█[38;2;2;2;123m█[38;2;4;4;125m█[38;2;13;13;9m██[38;2;13;13;16m██
██[38;2;13;13;9m██[38;2;4;4;125m█[38;2;2;2;123m█[38;2;0;0;25m█[38;2;208;208;233m█[38;2;255;255;255m█[38;2;253;253;251m█[38;2;253;253;253m████████████[38;2;253;253;251m█[38;2;255;255;255m█[38;2;208;208;233m█[38;2;0;0;25m█[38;2;2;2;123m█[38;2;4;4;125m█[38;2;13;13;9m██[38;2;13;13;16m██
██[38;2;13;13;9m██[38;2;4;4;125m█[38;2;2;2;123m█[38;2;1;1;26m█[38;2;208;208;233m█[38;2;255;255;255m█[38;2;253;253;251m█[38;2;253;253;253m████████████[38;2;253;253;251m█[38;2;255;255;255m█[38;2;208;208;233m█[38;2;0;0;25m█[38;2;2;2;123m█[38;2;4;4;125m█[38;2;13;13;9m██[38;2;13;13;16m██
██[38;2;13;13;9m██[38;2;4;4;125m█[38;2;2;2;123m█[38;2;0;0;24m█[38;2;208;208;233m█[38;2;255;255;255m█[38;2;253;253;251m█[38;2;253;253;253m████████████[38;2;253;253;251m█[38;2;255;255;255m█[38;2;208;208;233m█[38;2;0;0;24m█[38;2;2;2;123m█[38;2;4;4;125m█[38;2;13;13;9m██[38;2;13;13;16m██
██[38;2;13;15;6m██[38;2;4;4;131m██[38;2;0;0;25m█[38;2;155;154;192m█[38;2;255;255;255m█[38;2;253;253;249m█[38;2;253;253;253m█[38;2;255;255;255m████[38;2;253;253;253m██[38;2;255;255;255m████[38;2;253;253;253m█[38;2;253;253;249m█[38;2;255;255;255m█[38;2;157;155;193m█[38;2;0;0;25m█[38;2;4;4;131m██[38;2;13;15;6m██[38;2;13;13;16m██
██[38;2;13;15;4m██[38;2;5;4;125m█[38;2;8;6;127m█[38;2;0;0;72m█[38;2;19;19;95m█[38;2;207;208;197m█[38;2;255;255;255m██[38;2;218;218;218m█[38;2;105;107;98m█[38;2;118;119;111m█[38;2;232;232;232m█[38;2;255;255;255m██[38;2;208;208;208m█[38;2;98;100;91m█[38;2;126;127;119m█[38;2;240;240;240m█[38;2;255;255;255m█[38;2;255;255;254m█[38;2;198;200;188m█[38;2;19;19;93m█[38;2;0;0;69m█[38;2;6;6;127m█[38;2;4;4;125m█[38;2;13;15;4m██[38;2;13;13;16m██
██[38;2;13;15;6m██[38;2;8;8;83m█[38;2;9;9;84m█[38;2;4;4;167m█[38;2;0;0;150m█[38;2;9;10;0m█[38;2;80;81;69m█[38;2;83;83;79m█[38;2;15;15;10m█[38;2;0;0;39m██[38;2;25;26;16m█[38;2;89;90;80m█[38;2;79;79;76m█[38;2;9;9;6m█[38;2;0;0;39m██[38;2;32;33;22m█[38;2;93;94;82m█[38;2;74;75;65m█[38;2;3;4;0m█[38;2;0;0;155m█[38;2;3;3;171m█[38;2;9;9;86m█[38;2;8;8;84m█[38;2;13;15;6m██[38;2;13;13;16m██
██[38;2;13;13;13m██[38;2;13;12;24m██[38;2;0;1;202m█[38;2;1;2;203m█[38;2;0;0;146m█[38;2;0;0;134m█[38;2;0;0;123m█[38;2;0;0;134m█[38;2;0;0;237m█[38;2;0;0;236m█[38;2;0;0;126m█[38;2;0;0;116m█[38;2;0;0;131m█[38;2;0;0;143m█[38;2;0;0;235m█[38;2;0;0;233m█[38;2;0;0;118m█[38;2;0;0;109m█[38;2;0;0;139m█[38;2;0;0;152m█[38;2;1;1;208m█[38;2;0;0;207m█[38;2;13;12;24m██[38;2;13;13;13m██[38;2;13;13;16m██
████[38;2;13;15;6m██[38;2;8;8;81m█[38;2;9;9;82m█[38;2;0;0;233m█[38;2;0;0;235m█[38;2;0;0;231m█[38;2;0;0;230m█[38;2;3;4;158m██[38;2;0;0;235m██[38;2;0;0;226m█[38;2;0;0;225m█[38;2;3;4;158m██[38;2;0;0;239m██[38;2;0;0;231m█[38;2;0;0;230m█[38;2;9;9;80m█[38;2;8;8;79m█[38;2;13;15;6m██[38;2;13;13;16m████
██████[38;2;13;13;9m██[38;2;11;10;51m████[38;2;13;13;9m██[38;2;9;10;55m██[38;2;11;10;49m██[38;2;13;13;9m██[38;2;9;10;60m██[38;2;11;10;47m██[38;2;13;13;9m██[38;2;13;13;16m██████
████████[38;2;13;13;9m████[38;2;13;13;16m██[38;2;13;13;9m████[38;2;13;13;16m██[38;2;13;13;9m██[38;2;13;13;11m██[38;2;13;13;16m████████
████████████████████████████████
████████████████████████████████