[38;2;13;13;16m████████████████████████████████
████████████[38;2;13;13;9m██[38;2;13;15;4m████[38;2;13;13;9m██[38;2;13;13;16m████████████
██████████[38;2;13;15;6m██[38;2;9;11;53m██[38;2;5;5;132m██[38;2;5;5;130m██[38;2;12;11;54m█[38;2;11;10;53m█[38;2;13;15;6m██[38;2;13;13;16m██████████
████████[38;2;13;15;6m██[38;2;5;8;100m█[38;2;6;9;101m█[38;2;0;0;215m█[38;2;0;0;211m█[38;2;0;0;164m█[38;2;0;0;160m██[38;2;0;0;164m█[38;2;0;0;211m█[38;2;0;0;215m█[38;2;9;8;101m█[38;2;8;6;100m█[38;2;13;15;6m██[38;2;13;13;16m████████
██████[38;2;13;15;6m██[38;2;9;9;74m█[38;2;10;10;75m█[38;2;2;0;198m█[38;2;0;0;190m█[38;2;0;0;30m█[38;2;0;0;39m█[38;2;26;27;16m█[38;2;47;48;37m██[38;2;26;27;16m█[38;2;0;0;38m█[38;2;0;0;30m█[38;2;0;0;188m█[38;2;3;1;197m█[38;2;10;10;75m█[38;2;9;9;74m█[38;2;13;15;6m██[38;2;13;13;16m██████
████[38;2;13;13;13m██[38;2;13;13;19m██[38;2;2;2;176m█[38;2;1;1;175m█[38;2;0;0;34m█[38;2;9;10;55m█[38;2;115;116;104m█[38;2;202;203;192m█[38;2;242;242;242m█[38;2;253;253;253m██[38;2;242;242;242m█[38;2;202;203;192m█[38;2;115;116;104m█[38;2;9;10;55m█[38;2;0;0;34m█[38;2;1;1;175m█[38;2;2;2;176m█[38;2;13;13;19m██[38;2;13;13;13m██[38;2;13;13;16m████
████[38;2;13;15;6m██[38;2;8;6;91m█[38;2;9;8;93m█[38;2;3;3;126m█[38;2;0;0;103m█[38;2;70;72;58m█[38;2;224;225;211m█[38;2;255;255;255m███[38;2;254;254;254m██[38;2;255;255;255m███[38;2;224;225;211m█[38;2;70;72;58m█[38;2;0;0;103m█[38;2;3;3;126m█[38;2;9;8;93m█[38;2;8;6;91m█[38;2;13;15;6m██[38;2;13;13;16m████
████[38;2;13;13;11m██[38;2;4;3;146m██[38;2;0;0;20m█[38;2;88;87;122m█[38;2;255;255;251m█[38;2;255;255;255m█[38;2;253;253;253m████████[38;2;255;255;255m█[38;2;255;255;251m█[38;2;88;87;122m█[38;2;0;0;20m█[38;2;4;3;146m█[38;2;5;4;147m█[38;2;13;13;11m██[38;2;13;13;16m████
██[38;2;13;13;13m██[38;2;11;11;38m██[38;2;6;5;144m█[38;2;0;0;124m█[38;2;54;54;49m█[38;2;251;251;246m█[38;2;255;255;255m█[38;2;253;253;253m██████████[38;2;255;255;255m█[38;2;251;251;246m█[38;2;53;53;48m█[38;2;0;0;124m█[38;2;6;5;144m█[38;2;11;11;38m██[38;2;13;13;13m██[38;2;13;13;16m██
██[38;2;13;13;9m██[38;2;9;9;74m█[38;2;10;10;75m█[38;2;2;3;104m█[38;2;0;0;93m█[38;2;198;200;188m█[38;2;255;255;253m█[38;2;253;253;253m█[38;2;255;255;255m███[38;2;253;253;253m████[38;2;254;254;254m█[38;2;255;255;255m██[38;2;253;253;253m█[38;2;255;255;253m█[38;2;198;200;188m█[38;2;0;0;94m█[38;2;2;3;104m█[38;2;10;10;75m█[38;2;9;9;74m█[38;2;13;13;9m██[38;2;13;13;16m██
██[38;2;13;15;6m██[38;2;5;6;102m█[38;2;6;8;103m█[38;2;0;0;59m█[38;2;65;65;132m█[38;2;255;255;252m█[38;2;255;255;246m█[38;2;255;255;255m█[38;2;238;238;238m█[38;2;222;222;222m█[38;2;249;249;249m█[38;2;255;255;255m█[38;2;253;253;253m██[38;2;255;255;255m█[38;2;254;254;254m█[38;2;224;224;224m█[38;2;232;232;232m█[38;2;255;255;255m█[38;2;255;255;247m█[38;2;255;255;252m█[38;2;65;65;132m█[38;2;0;0;59m█[38;2;10;8;104m█[38;2;8;5;102m█[38;2;13;15;6m██[38;2;13;13;16m██
██[38;2;13;15;6m██[38;2;5;5;117m█[38;2;6;6;118m█[38;2;0;0;30m█[38;2;144;146;188m█[38;2;255;255;255m█[38;2;254;254;250m█[38;2;123;123;123m█[38;2;54;54;54m█[38;2;65;65;65m█[38;2;56;56;56m█[38;2;179;179;179m█[38;2;255;255;255m██[38;2;202;202;202m█[38;2;63;63;63m██[38;2;56;56;56m█[38;2;101;101;101m█[38;2;245;245;240m█[38;2;255;255;255m█[38;2;144;146;188m█[38;2;0;0;30m█[38;2;6;6;118m█[38;2;5;5;117m█[38;2;13;15;6m██[38;2;13;13;16m██
██[38;2;13;13;9m██[38;2;5;5;123m█[38;2;4;4;122m█[38;2;0;0;25m█[38;2;193;192;224m█[38;2;255;255;255m█[38;2;141;141;137m█[38;2;44;44;44m█[38;2;123;123;123m█[38;2;140;140;140m█[38;2;91;91;91m█[38;2;27;27;27m█[38;2;226;226;226m█[38;2;242;242;242m█[38;2;40;40;40m█[38;2;103;103;103m█[38;2;129;129;129m█[38;2;131;131;131m█[38;2;35;35;35m█[38;2;118;118;113m█[38;2;255;255;255m█[38;2;192;192;221m█[38;2;0;0;23m█[38;2;3;4;122m█[38;2;4;5;123m█[38;2;13;13;9m██[38;2;13;13;16m██
██[38;2;13;13;9m██[38;2;4;4;125m█[38;2;2;2;123m█[38;2;0;0;25m█[38;2;208;208;233m█[38;2;255;255;255m█[38;2;65;65;62m█[38;2;104;104;104m█[38;2;19;19;19m█[38;2;46;46;46m█[38;2;54;54;54m█[38;2;66;66;66m█[38;2;174;174;174m█[38;2;185;185;185m█[38;2;59;59;59m█[38;2;63;63;63m█[38;2;47;47;47m█[38;2;12;12;12m█[38;2;108;108;108m█[38;2;59;59;56m█[38;2;255;255;255m█[38;2;208;208;233m█[38;2;0;0;25m█[38;2;2;2;123m█[38;2;4;4;125m█[38;2;13;13;9m██[38;2;13;13;16m██
██[38;2;13;13;9m██[38;2;4;4;125m█[38;2;2;2;123m█[38;2;0;0;25m█[38;2;208;208;233m█[38;2;255;255;255m█[38;2;65;65;62m█[38;2;102;102;102m█[38;2;23;23;23m█[38;2;62;62;62m█[38;2;15;15;15m█[38;2;35;35;35m█[38;2;207;207;207m█[38;2;180;180;180m█[38;2;60;60;60m███[38;2;12;12;12m█[38;2;39;39;39m█[38;2;88;88;86m█[38;2;255;255;255m█[38;2;208;208;233m█[38;2;0;0;25m█[38;2;2;2;123m█[38;2;4;4;125m█[38;2;13;13;9m██[38;2;13;13;16m██
██[38;2;13;13;9m██[38;2;4;4;125m█[38;2;2;2;123m█[38;2;0;0;25m█[38;2;208;208;233m█[38;2;255;255;255m█[38;2;139;139;137m█[38;2;42;42;42m█[38;2;101;101;101m█[38;2;127;127;127m█[38;2;115;115;115m█[38;2;155;155;155m█[38;2;255;255;255m█[38;2;237;237;237m█[38;2;39;39;39m█[38;2;94;94;94m█[38;2;101;101;101m█[38;2;139;139;139m█[38;2;108;108;108m█[38;2;224;224;222m█[38;2;255;255;255m█[38;2;208;208;233m█[38;2;0;0;25m█[38;2;2;2;123m█[38;2;4;4;125m█[38;2;13;13;9m██[38;2;13;13;16m██
██[38;2;13;13;9m██[38;2;4;4;125m█[38;2;2;2;123m█[38;2;0;0;25m█[38;2;208;208;233m█[38;2;255;255;255m█[38;2;254;254;252m█[38;2;120;120;120m█[38;2;51;51;51m█[38;2;58;58;58m█[38;2;171;171;171m█[38;2;255;255;255m█[38;2;253;253;253m█[38;2;255;255;255m█[38;2;201;201;201m█[38;2;61;61;61m█[38;2;58;58;58m█[38;2;89;89;89m█[38;2;253;253;253m█[38;2;255;255;255m██[38;2;208;208;233m█[38;2;0;0;25m█[38;2;2;2;123m█[38;2;4;4;125m█[38;2;13;13;9m██[38;2;13;13;16m██
██[38;2;13;13;9m██[38;2;4;4;125m█[38;2;2;2;123m█[38;2;0;0;25m█[38;2;208;208;233m█[38;2;255;255;255m█[38;2;254;254;252m█[38;2;255;255;255m█[38;2;238;238;238m█[38;2;217;217;217m█[38;2;242;242;242m█[38;2;254;254;254m█[38;2;253;253;253m██[38;2;255;255;255m█[38;2;254;254;254m█[38;2;222;222;222m█[38;2;226;226;226m█[38;2;253;253;253m█[38;2;253;253;251m█[38;2;255;255;255m█[38;2;208;208;233m█[38;2;0;0;25m█[38;2;2;2;123m█[38;2;4;4;125m█[38;2;13;13;9m██[38;2;13;13;16m██
██[38;2;13;13;9m██[38;2;4;4;125m█[38;2;2;2;123m█[38;2;0;0;25m█[38;2;208;208;233m█[38;2;255;255;255m█[38;2;253;253;251m█[38;2;253;253;253m█[38;2;255;255;255m██[38;2;254;254;254m█[38;2;253;253;253m████[38;2;254;254;254m█[38;2;255;255;255m██[38;2;253;253;253m█[38;2;253;253;251m█[38;2;255;255;255m█[38;2;208;208;233m█[38;2;0;0;25m█[38;2;2;2;123m█[38;2;4;4;125m█[38;2;13;13;9m██[38;2;13;13;16m██
██[38;2;13;13;9m██[38;2;4;4;125m█[38;2;2;2;123m█[38;2;0;0;25m█[38;2;208;208;233m█[38;2;255;255;255m█[38;2;253;253;251m█[38;2;253;253;253m████████████[38;2;253;253;251m█[38;2;255;255;255m█[38;2;208;208;233m█[38;2;0;0;25m█[38;2;2;2;123m█[38;2;4;4;125m█[38;2;13;13;9m██[38;2;13;13;16m██
██[38;2;13;13;9m██[38;2;4;4;125m█[38;2;2;2;123m█[38;2;0;0;25m█[38;2;208;208;233m█[38;2;255;255;255m█[38;2;253;253;251m█[38;2;253;253;253m████████████[38;2;253;253;251m█[38;2;255;255;255m█[38;2;208;208;233m█[38;2;0;0;25m█[38;2;2;2;123m█[38;2;4;4;125m█[38;2;13;13;9m██[38;2;13;13;16m██
██[38;2;13;13;9m██[38;2;4;4;125m█[38;2;2;2;123m█[38;2;0;0;25m█[38;2;208;208;233m█[38;2;255;255;255m█[38;2;253;253;251m█[38;2;253;253;253m████████████[38;2;253;253;251m█[38;2;255;255;255m█[38;2;208;208;233m█[38;2;0;0;25m█[38;2;2;2;123m█[38;2;4;4;125m█[38;2;13;13;9m██[38;2;13;13;16m██
██[38;2;13;13;9m██[38;2;4;4;125m█[38;2;2;2;123m█[38;2;0;0;25m█[38;2;208;208;233m█[38;2;255;255;255m█[38;2;253;253;251m█[38;2;253;253;253m████████████[38;2;253;253;251m█[38;2;255;255;255m█[38;2;208;208;233m█[38;2;0;0;25m█[38;2;2;2;123m█[38;2;5;5;126m█[38;2;13;13;9m██[38;2;13;13;16m██
██[38;2;13;13;9m██[38;2;5;4;125m█[38;2;3;2;123m█[38;2;1;1;26m█[38;2;209;209;235m█[38;2;255;255;255m█[38;2;253;253;251m█[38;2;253;253;253m████████████[38;2;253;253;251m█[38;2;255;255;255m█[38;2;209;209;235m█[38;2;1;1;26m█[38;2;2;2;123m█[38;2;5;5;126m█[38;2;13;13;9m██[38;2;13;13;16m██
██[38;2;13;13;9m██[38;2;5;4;125m█[38;2;4;3;124m█[38;2;0;0;22m█[38;2;198;198;225m█[38;2;255;255;255m█[38;2;253;253;249m█[38;2;253;253;253m██[38;2;255;255;255m██[38;2;253;253;253m████[38;2;255;255;255m██[38;2;253;253;253m██[38;2;253;253;249m█[38;2;255;255;255m█[38;2;200;200;226m█[38;2;0;0;23m█[38;2;3;3;124m█[38;2;4;4;125m█[38;2;13;13;9m██[38;2;13;13;16m██
██[38;2;13;15;6m██[38;2;5;5;118m█[38;2;6;6;119m█[38;2;0;0;35m█[38;2;104;105;153m█[38;2;255;255;255m█[38;2;255;255;252m█[38;2;255;255;255m██[38;2;244;244;244m█[38;2;242;242;242m█[38;2;255;255;255m████[38;2;240;240;240m█[38;2;243;243;243m█[38;2;255;255;255m██[38;2;255;255;252m█[38;2;255;255;255m█[38;2;108;109;154m█[38;2;0;0;33m█[38;2;6;6;119m█[38;2;5;5;118m█[38;2;13;15;6m██[38;2;13;13;16m██
██[38;2;13;15;6m██[38;2;8;6;89m█[38;2;9;8;90m█[38;2;2;3;103m█[38;2;0;0;90m█[38;2;124;123;110m█[38;2;228;226;214m█[38;2;232;232;230m█[38;2;157;157;154m█[38;2;32;33;25m█[38;2;25;26;18m█[38;2;144;144;139m█[38;2;230;230;225m██[38;2;144;144;139m█[38;2;25;26;18m█[38;2;31;32;24m█[38;2;157;157;154m█[38;2;233;233;231m█[38;2;229;228;215m█[38;2;127;126;113m█[38;2;0;0;90m█[38;2;1;2;102m█[38;2;9;8;93m█[38;2;8;6;91m█[38;2;13;15;6m██[38;2;13;13;16m██
██[38;2;13;13;13m██[38;2;11;11;32m██[38;2;3;3;178m█[38;2;0;0;171m█[38;2;0;0;18m█[38;2;8;8;37m█[38;2;12;13;28m█[38;2;0;0;6m█[38;2;0;0;130m█[38;2;0;0;131m█[38;2;0;0;12m█[38;2;10;10;33m██[38;2;0;0;12m█[38;2;0;0;133m█[38;2;0;0;132m█[38;2;0;0;9m█[38;2;12;13;31m█[38;2;8;8;34m█[38;2;0;0;16m█[38;2;0;0;171m█[38;2;3;3;178m█[38;2;11;11;34m██[38;2;13;13;13m██[38;2;13;13;16m██
████[38;2;13;15;6m██[38;2;8;6;100m█[38;2;9;8;101m█[38;2;0;0;212m█[38;2;0;0;207m█[38;2;0;0;197m█[38;2;0;0;203m█[38;2;2;1;187m██[38;2;0;0;203m█[38;2;0;0;198m██[38;2;0;0;203m█[38;2;2;1;186m██[38;2;0;0;203m█[38;2;0;0;197m█[38;2;0;0;207m█[38;2;0;0;212m█[38;2;6;8;103m█[38;2;5;6;102m█[38;2;13;15;6m██[38;2;13;13;16m████
██████[38;2;13;13;11m██[38;2;9;9;73m█[38;2;10;10;74m█[38;2;9;9;80m█[38;2;8;8;79m█[38;2;13;13;13m██[38;2;9;9;74m█[38;2;10;10;75m██[38;2;9;9;74m█[38;2;13;13;13m██[38;2;9;8;79m█[38;2;10;9;80m█[38;2;10;10;74m█[38;2;9;9;73m█[38;2;13;13;11m██[38;2;13;13;16m██████
████████[38;2;13;13;9m██[38;2;13;15;6m██[38;2;13;13;13m██[38;2;13;15;6m████[38;2;13;13;13m██[38;2;13;15;6m██[38;2;13;13;9m██[38;2;13;13;16m████████
████████████████████████████████