[38;2;13;13;16m████████████[38;2;13;13;13m██[38;2;13;15;6m████[38;2;13;13;13m██[38;2;13;13;16m████████████
██████████[38;2;13;13;9m██[38;2;13;12;22m██[38;2;9;9;74m█[38;2;10;10;75m█[38;2;10;10;77m██[38;2;13;12;24m██[38;2;13;13;9m██[38;2;13;13;16m██████████
████████[38;2;13;15;6m██[38;2;9;11;53m█[38;2;10;12;54m█[38;2;2;0;196m██[38;2;0;0;208m█[38;2;0;0;205m██[38;2;0;0;208m█[38;2;0;1;200m██[38;2;10;11;62m█[38;2;9;10;61m█[38;2;13;15;6m██[38;2;13;13;16m████████
██████[38;2;13;13;11m██[38;2;11;11;38m██[38;2;3;1;201m█[38;2;0;0;197m█[38;2;0;0;94m█[38;2;0;0;84m█[38;2;0;0;5m█[38;2;8;6;16m█[38;2;9;9;15m█[38;2;0;0;4m█[38;2;0;0;74m█[38;2;0;0;81m█[38;2;0;0;198m█[38;2;1;2;203m█[38;2;12;11;52m█[38;2;11;10;51m█[38;2;13;13;9m██[38;2;13;13;16m██████
██████[38;2;13;13;9m██[38;2;3;4;158m█[38;2;4;5;159m█[38;2;0;0;89m█[38;2;0;0;77m█[38;2;49;48;33m█[38;2;138;137;122m█[38;2;196;196;194m█[38;2;219;219;217m█[38;2;221;221;218m█[38;2;202;202;200m█[38;2;151;150;134m█[38;2;65;63;48m█[38;2;0;0;66m█[38;2;0;0;69m█[38;2;3;3;168m██[38;2;13;13;13m██[38;2;13;13;16m██████
████[38;2;13;13;9m██[38;2;9;10;63m█[38;2;10;11;65m█[38;2;3;4;158m█[38;2;0;0;139m█[38;2;16;17;9m█[38;2;159;160;152m█[38;2;254;254;254m█[38;2;255;255;255m███████[38;2;185;186;174m█[38;2;37;38;26m█[38;2;0;0;122m█[38;2;4;3;144m█[38;2;9;9;82m█[38;2;8;8;81m█[38;2;13;15;6m██[38;2;13;13;16m████
████[38;2;13;15;6m██[38;2;4;4;131m█[38;2;6;6;133m█[38;2;0;0;54m█[38;2;25;25;87m█[38;2;215;216;205m█[38;2;255;255;255m██[38;2;253;253;253m██████[38;2;254;254;254m█[38;2;255;255;255m█[38;2;239;240;232m█[38;2;58;60;102m█[38;2;0;0;31m█[38;2;5;4;145m██[38;2;13;13;9m██[38;2;13;13;16m████
██[38;2;13;13;13m██[38;2;13;12;24m██[38;2;5;3;150m█[38;2;0;0;140m█[38;2;10;10;16m█[38;2;208;208;214m█[38;2;255;255;255m█[38;2;253;253;251m█[38;2;253;253;253m█████████[38;2;255;255;255m█[38;2;240;240;238m█[38;2;40;40;38m█[38;2;0;0;129m█[38;2;6;5;146m█[38;2;11;11;37m██[38;2;13;13;13m██[38;2;13;13;16m██
██[38;2;13;13;11m██[38;2;9;10;55m██[38;2;5;5;126m█[38;2;0;0;101m█[38;2;139;140;130m█[38;2;255;255;255m█[38;2;254;254;254m█[38;2;253;253;253m███████████[38;2;255;255;254m█[38;2;192;193;181m█[38;2;0;0;94m█[38;2;3;4;108m█[38;2;10;10;75m█[38;2;9;9;74m█[38;2;13;13;9m██[38;2;13;13;16m██
██[38;2;13;15;6m██[38;2;8;8;87m█[38;2;9;9;88m█[38;2;0;0;82m█[38;2;22;20;105m█[38;2;240;242;231m█[38;2;255;255;251m█[38;2;254;254;254m█[38;2;255;255;255m██[38;2;253;253;253m█████████[38;2;254;255;245m█[38;2;255;255;253m█[38;2;67;67;132m█[38;2;0;0;56m█[38;2;6;8;105m█[38;2;5;6;104m█[38;2;13;15;6m██[38;2;13;13;16m██
██[38;2;13;15;6m██[38;2;5;6;107m█[38;2;6;8;108m█[38;2;0;0;47m█[38;2;97;97;157m█[38;2;255;255;255m█[38;2;197;198;190m█[38;2;40;40;40m█[38;2;136;136;136m█[38;2;247;247;247m█[38;2;255;255;255m█[38;2;254;254;254m█[38;2;253;253;253m██[38;2;255;255;255m█████[38;2;254;254;250m█[38;2;255;255;255m█[38;2;158;157;196m█[38;2;0;0;26m█[38;2;6;6;122m█[38;2;5;5;120m█[38;2;13;15;6m██[38;2;13;13;16m██
██[38;2;13;15;6m██[38;2;5;5;117m█[38;2;6;6;118m█[38;2;0;0;27m█[38;2;153;155;195m█[38;2;255;255;255m█[38;2;196;196;192m█[38;2;4;4;4m█[38;2;0;0;0m█[38;2;41;41;41m█[38;2;175;175;175m█[38;2;255;255;255m█[38;2;254;254;254m█[38;2;255;255;255m█[38;2;240;240;240m█[38;2;237;237;237m███[38;2;238;238;238m█[38;2;254;254;252m█[38;2;255;255;255m█[38;2;208;208;233m█[38;2;0;0;25m█[38;2;2;2;125m█[38;2;5;5;129m█[38;2;13;13;9m██[38;2;13;13;16m██
██[38;2;13;15;6m██[38;2;5;5;120m██[38;2;0;0;25m█[38;2;180;179;214m█[38;2;255;255;255m██[38;2;233;233;233m█[38;2;94;94;94m█[38;2;0;0;0m██[38;2;115;115;115m█[38;2;255;255;255m█[38;2;169;169;169m█[38;2;10;10;10m█[38;2;15;15;15m███[38;2;6;6;6m█[38;2;132;132;130m█[38;2;255;255;255m█[38;2;226;228;245m█[38;2;11;12;30m█[38;2;0;0;124m█[38;2;5;5;130m█[38;2;13;13;11m██[38;2;13;13;16m██
██[38;2;13;15;6m██[38;2;5;5;120m██[38;2;0;0;26m█[38;2;183;182;217m█[38;2;255;255;255m█[38;2;255;255;253m█[38;2;204;204;204m█[38;2;69;69;69m█[38;2;0;0;0m██[38;2;138;138;138m█[38;2;255;255;255m█[38;2;185;185;185m█[38;2;40;40;40m█[38;2;42;42;42m█[38;2;44;44;44m█[38;2;42;42;42m█[38;2;35;35;35m█[38;2;152;152;150m█[38;2;255;255;255m█[38;2;228;229;246m█[38;2;13;15;32m█[38;2;0;0;123m█[38;2;5;5;130m█[38;2;13;13;11m██[38;2;13;13;16m██
██[38;2;13;15;6m██[38;2;5;5;120m██[38;2;0;0;26m█[38;2;183;182;217m█[38;2;255;255;255m█[38;2;185;185;180m█[38;2;0;0;0m██[38;2;70;70;70m█[38;2;205;205;205m█[38;2;255;255;255m█[38;2;253;253;253m█[38;2;255;255;255m██[38;2;253;253;253m███[38;2;254;254;254m█[38;2;255;255;255m██[38;2;228;229;246m█[38;2;12;13;31m█[38;2;0;0;123m█[38;2;5;5;130m█[38;2;13;13;11m██[38;2;13;13;16m██
██[38;2;13;15;6m██[38;2;5;5;120m██[38;2;0;0;26m█[38;2;183;182;217m█[38;2;255;255;255m█[38;2;210;210;205m█[38;2;74;74;74m█[38;2;168;168;168m█[38;2;255;255;255m██[38;2;253;253;253m███[38;2;254;254;254m█████[38;2;253;253;251m█[38;2;255;255;255m█[38;2;226;228;245m█[38;2;12;13;31m█[38;2;0;0;124m█[38;2;5;5;130m█[38;2;13;13;11m██[38;2;13;13;16m██
██[38;2;13;15;6m██[38;2;5;5;120m██[38;2;0;0;26m█[38;2;186;185;219m█[38;2;255;255;255m█[38;2;255;255;252m█[38;2;255;255;255m██[38;2;254;254;254m█[38;2;253;253;253m█████████[38;2;253;253;251m█[38;2;255;255;255m█[38;2;226;228;245m█[38;2;12;13;31m█[38;2;0;0;124m█[38;2;5;5;130m█[38;2;13;13;11m██[38;2;13;13;16m██
██[38;2;13;15;6m██[38;2;5;5;120m██[38;2;0;0;26m█[38;2;187;186;221m█[38;2;255;255;255m█[38;2;253;253;249m█[38;2;253;253;253m████████████[38;2;253;253;251m█[38;2;255;255;255m█[38;2;225;226;244m█[38;2;11;12;30m█[38;2;0;0;124m█[38;2;5;5;130m█[38;2;13;13;11m██[38;2;13;13;16m██
██[38;2;13;13;9m██[38;2;5;5;120m██[38;2;0;0;24m█[38;2;188;187;219m█[38;2;255;255;255m█[38;2;253;253;249m█[38;2;253;253;253m████████████[38;2;253;253;251m█[38;2;255;255;255m█[38;2;224;224;245m█[38;2;10;10;31m█[38;2;0;0;124m█[38;2;5;5;130m█[38;2;13;13;11m██[38;2;13;13;16m██
██[38;2;13;13;9m██[38;2;5;5;123m██[38;2;0;0;25m█[38;2;190;189;222m█[38;2;255;255;255m█[38;2;253;253;249m█[38;2;253;253;253m████████████[38;2;253;253;251m█[38;2;255;255;255m█[38;2;223;223;244m█[38;2;9;9;30m█[38;2;0;0;124m█[38;2;5;5;130m█[38;2;13;13;11m██[38;2;13;13;16m██
██[38;2;13;13;9m██[38;2;5;5;123m█[38;2;4;4;122m█[38;2;0;0;26m█[38;2;192;190;223m█[38;2;255;255;255m█[38;2;253;253;249m█[38;2;253;253;253m████████████[38;2;253;253;251m█[38;2;255;255;255m█[38;2;221;221;242m█[38;2;8;8;28m█[38;2;0;0;123m█[38;2;5;5;129m█[38;2;13;13;11m██[38;2;13;13;16m██
██[38;2;13;13;9m██[38;2;5;5;123m█[38;2;4;4;122m█[38;2;0;0;24m█[38;2;195;195;224m█[38;2;255;255;255m█[38;2;253;253;249m█[38;2;253;253;253m████████████[38;2;253;253;251m█[38;2;255;255;255m█[38;2;218;218;239m█[38;2;6;6;27m█[38;2;1;1;124m█[38;2;5;5;129m█[38;2;13;13;11m██[38;2;13;13;16m██
██[38;2;13;13;9m██[38;2;5;5;123m█[38;2;4;4;122m█[38;2;0;0;25m█[38;2;197;197;226m█[38;2;255;255;255m█[38;2;253;253;249m█[38;2;253;253;253m████████████[38;2;253;253;251m█[38;2;255;255;255m█[38;2;217;217;240m█[38;2;5;5;28m█[38;2;1;1;124m█[38;2;5;5;129m█[38;2;13;13;11m██[38;2;13;13;16m██
██[38;2;13;13;9m██[38;2;5;5;123m█[38;2;4;4;122m█[38;2;0;0;26m█[38;2;201;201;230m█[38;2;255;255;255m█[38;2;253;253;249m█[38;2;253;253;253m████████████[38;2;253;253;251m█[38;2;255;255;255m█[38;2;216;216;239m█[38;2;4;4;27m█[38;2;1;1;124m█[38;2;5;5;129m█[38;2;13;13;11m██[38;2;13;13;16m██
██[38;2;13;13;9m██[38;2;5;4;125m█[38;2;4;3;124m█[38;2;0;0;23m█[38;2;193;193;222m█[38;2;255;255;255m█[38;2;253;253;249m█[38;2;253;253;253m█[38;2;255;255;255m██[38;2;253;253;253m████[38;2;255;255;255m██[38;2;253;253;253m███[38;2;253;253;251m█[38;2;255;255;255m█[38;2;207;207;232m█[38;2;0;0;24m█[38;2;2;2;125m█[38;2;5;5;129m█[38;2;13;13;9m██[38;2;13;13;16m██
██[38;2;13;15;6m██[38;2;5;5;118m█[38;2;6;6;119m█[38;2;0;0;37m█[38;2;102;103;151m█[38;2;255;255;255m█[38;2;255;255;253m█[38;2;255;255;255m█[38;2;246;246;246m█[38;2;243;243;243m█[38;2;255;255;255m████[38;2;243;243;243m█[38;2;244;244;244m█[38;2;255;255;255m████[38;2;252;253;245m█[38;2;110;112;154m█[38;2;0;0;32m█[38;2;6;6;122m█[38;2;5;5;120m█[38;2;13;15;6m██[38;2;13;13;16m██
██[38;2;13;15;6m██[38;2;8;6;91m█[38;2;9;8;93m█[38;2;2;3;103m█[38;2;0;0;90m█[38;2;126;125;112m█[38;2;229;228;215m█[38;2;165;166;158m█[38;2;35;37;28m█[38;2;26;27;19m█[38;2;144;145;137m█[38;2;232;232;230m█[38;2;233;233;231m█[38;2;151;152;144m█[38;2;28;30;22m█[38;2;31;32;24m█[38;2;158;159;151m█[38;2;236;236;233m█[38;2;231;231;229m█[38;2;139;138;123m█[38;2;27;26;11m█[38;2;0;0;88m█[38;2;2;3;101m█[38;2;9;8;96m█[38;2;8;6;95m█[38;2;13;15;6m██[38;2;13;13;16m██
██[38;2;13;13;11m██[38;2;11;11;37m██[38;2;3;3;180m█[38;2;0;0;173m█[38;2;0;0;13m█[38;2;5;5;28m█[38;2;0;0;72m█[38;2;0;0;79m█[38;2;0;0;91m█[38;2;0;0;80m█[38;2;15;16;4m██[38;2;0;0;79m█[38;2;0;0;88m█[38;2;0;0;83m█[38;2;0;0;74m█[38;2;17;18;6m█[38;2;13;15;3m█[38;2;0;0;80m█[38;2;0;0;91m█[38;2;0;0;195m█[38;2;2;0;198m█[38;2;11;11;34m██[38;2;13;13;11m██[38;2;13;13;16m██
████[38;2;13;15;6m██[38;2;5;6;108m█[38;2;6;8;109m█[38;2;0;0;222m█[38;2;0;0;217m█[38;2;0;0;201m█[38;2;1;2;203m█[38;2;2;0;202m█[38;2;1;0;201m█[38;2;0;0;195m██[38;2;0;0;201m█[38;2;1;2;203m█[38;2;1;2;205m█[38;2;0;0;203m█[38;2;0;0;195m██[38;2;0;0;209m█[38;2;0;0;210m█[38;2;9;8;101m█[38;2;8;6;100m█[38;2;13;15;6m██[38;2;13;13;16m████
██████[38;2;13;13;13m██[38;2;8;8;81m█[38;2;9;9;82m█[38;2;11;10;47m██[38;2;11;11;40m██[38;2;6;8;111m██[38;2;11;11;40m██[38;2;11;10;45m█[38;2;12;11;46m█[38;2;6;6;113m██[38;2;11;11;40m██[38;2;13;15;6m██[38;2;13;13;16m██████
████████[38;2;13;15;6m██[38;2;13;13;11m████[38;2;13;15;4m██[38;2;13;13;11m████[38;2;13;15;4m██[38;2;13;13;11m██[38;2;13;13;16m████████
████████████████████████████████