[38;2;13;13;16m████████████[38;2;13;13;11m██[38;2;13;15;4m████[38;2;13;13;11m██[38;2;13;13;16m████████████
██████████[38;2;13;15;6m██[38;2;11;10;45m██[38;2;6;6;118m████[38;2;12;11;46m█[38;2;11;10;45m█[38;2;13;15;6m██[38;2;13;13;16m██████████
████████[38;2;13;15;4m██[38;2;8;6;91m█[38;2;9;8;93m█[38;2;0;0;212m█[38;2;0;0;210m█[38;2;0;0;176m█[38;2;0;0;172m██[38;2;0;0;176m█[38;2;0;0;210m█[38;2;1;1;214m█[38;2;9;8;93m█[38;2;8;6;91m█[38;2;13;15;6m██[38;2;13;13;16m████████
██████[38;2;13;15;6m██[38;2;9;9;68m█[38;2;10;10;69m█[38;2;3;1;201m█[38;2;0;0;193m█[38;2;0;0;41m█[38;2;0;0;45m█[38;2;18;19;9m█[38;2;37;38;27m██[38;2;18;19;9m█[38;2;0;0;45m█[38;2;0;0;41m█[38;2;0;0;193m█[38;2;3;1;201m█[38;2;10;10;69m█[38;2;9;9;68m█[38;2;13;15;6m██[38;2;13;13;16m██████
████[38;2;13;13;13m██[38;2;13;13;17m██[38;2;3;2;175m█[38;2;2;1;174m█[38;2;0;0;45m█[38;2;3;4;58m█[38;2;101;102;88m█[38;2;190;192;178m█[38;2;233;233;233m█[38;2;249;249;249m██[38;2;233;233;233m█[38;2;190;192;178m█[38;2;101;102;88m█[38;2;3;4;55m█[38;2;0;0;41m█[38;2;2;1;174m█[38;2;3;2;175m█[38;2;13;13;17m██[38;2;13;13;13m██[38;2;13;13;16m████
████[38;2;13;15;6m██[38;2;8;8;87m█[38;2;9;9;88m█[38;2;4;4;133m█[38;2;0;0;109m█[38;2;59;60;46m█[38;2;214;215;201m█[38;2;255;255;255m████████[38;2;214;215;201m█[38;2;59;60;46m█[38;2;0;0;109m█[38;2;3;3;132m█[38;2;9;9;88m█[38;2;8;8;87m█[38;2;13;15;6m██[38;2;13;13;16m████
████[38;2;13;13;9m██[38;2;5;4;147m██[38;2;0;0;26m█[38;2;77;76;116m█[38;2;251;251;246m█[38;2;255;255;255m█[38;2;253;253;253m████████[38;2;255;255;255m█[38;2;251;251;246m█[38;2;77;76;116m█[38;2;0;0;26m█[38;2;5;4;147m██[38;2;13;13;9m██[38;2;13;13;16m████
██[38;2;13;13;13m██[38;2;11;11;37m██[38;2;6;5;146m█[38;2;0;0;127m█[38;2;46;46;44m█[38;2;247;247;245m█[38;2;255;255;255m█[38;2;253;253;253m██████████[38;2;255;255;255m█[38;2;247;247;243m█[38;2;46;46;41m█[38;2;0;0;127m█[38;2;6;5;146m█[38;2;11;11;37m██[38;2;13;13;13m██[38;2;13;13;16m██
██[38;2;13;13;9m██[38;2;9;9;73m█[38;2;10;10;74m█[38;2;3;4;108m█[38;2;0;0;94m█[38;2;192;193;181m█[38;2;255;255;254m█[38;2;255;255;255m█[38;2;254;254;254m█[38;2;253;253;253m██████████[38;2;255;255;254m█[38;2;192;193;181m█[38;2;0;0;94m█[38;2;3;4;108m█[38;2;10;10;74m█[38;2;9;9;73m█[38;2;13;13;9m██[38;2;13;13;16m██
██[38;2;13;15;6m██[38;2;8;6;100m█[38;2;9;8;101m█[38;2;0;0;60m█[38;2;60;60;127m█[38;2;255;255;251m█[38;2;254;255;245m█[38;2;232;232;232m█[38;2;255;255;255m██[38;2;253;253;253m█████████[38;2;254;255;245m█[38;2;255;255;251m█[38;2;59;60;127m█[38;2;0;0;60m█[38;2;9;8;101m█[38;2;8;6;100m█[38;2;13;15;6m██[38;2;13;13;16m██
██[38;2;13;15;6m██[38;2;5;5;117m█[38;2;6;6;118m█[38;2;0;0;32m█[38;2;140;141;187m█[38;2;255;255;255m█[38;2;176;176;172m█[38;2;0;0;0m█[38;2;91;91;91m█[38;2;223;223;223m█[38;2;255;255;255m██[38;2;253;253;253m█[38;2;254;254;254m█[38;2;255;255;255m█████[38;2;255;255;251m█[38;2;255;255;255m█[38;2;140;141;187m█[38;2;0;0;32m█[38;2;6;6;118m█[38;2;5;5;117m█[38;2;13;15;6m██[38;2;13;13;16m██
██[38;2;13;13;9m██[38;2;5;5;123m█[38;2;4;4;122m█[38;2;0;0;25m█[38;2;190;189;222m█[38;2;255;255;255m█[38;2;212;212;208m█[38;2;39;39;39m█[38;2;0;0;0m█[38;2;12;12;12m█[38;2;132;132;132m█[38;2;244;244;244m█[38;2;255;255;255m█[38;2;247;247;247m█[38;2;208;208;208m█[38;2;204;204;204m███[38;2;205;205;205m█[38;2;244;244;239m█[38;2;255;255;255m█[38;2;190;189;222m█[38;2;0;0;25m█[38;2;5;5;123m██[38;2;13;13;9m██[38;2;13;13;16m██
██[38;2;13;13;9m██[38;2;4;4;125m█[38;2;2;2;123m█[38;2;0;0;25m█[38;2;207;207;232m█[38;2;255;255;255m███[38;2;117;117;117m█[38;2;0;0;0m██[38;2;96;96;96m█[38;2;255;255;255m█[38;2;146;146;146m█[38;2;0;0;0m█████[38;2;116;116;113m█[38;2;255;255;255m█[38;2;207;207;232m█[38;2;0;0;25m█[38;2;2;2;123m█[38;2;5;5;126m█[38;2;13;13;9m██[38;2;13;13;16m██
██[38;2;13;13;9m██[38;2;4;4;125m█[38;2;2;2;123m█[38;2;0;0;25m█[38;2;208;208;233m█[38;2;255;255;255m█[38;2;251;251;249m█[38;2;154;154;154m█[38;2;31;31;31m█[38;2;0;0;0m█[38;2;26;26;26m█[38;2;178;178;178m█[38;2;255;255;255m█[38;2;204;204;204m█[38;2;90;90;90m████[38;2;87;87;87m█[38;2;187;187;185m█[38;2;255;255;255m█[38;2;208;208;233m█[38;2;0;0;25m█[38;2;2;2;123m█[38;2;4;4;125m█[38;2;13;13;9m██[38;2;13;13;16m██
██[38;2;13;13;9m██[38;2;4;4;125m█[38;2;2;2;123m█[38;2;0;0;25m█[38;2;208;208;233m█[38;2;255;255;255m█[38;2;168;168;166m█[38;2;0;0;0m█[38;2;1;1;1m█[38;2;120;120;120m█[38;2;239;239;239m█[38;2;255;255;255m█[38;2;252;252;252m█[38;2;255;255;255m████████[38;2;208;208;233m█[38;2;0;0;25m█[38;2;2;2;123m█[38;2;4;4;125m█[38;2;13;13;9m██[38;2;13;13;16m██
██[38;2;13;13;9m██[38;2;4;4;125m█[38;2;2;2;123m█[38;2;0;0;25m█[38;2;208;208;233m█[38;2;255;255;255m█[38;2;225;225;223m█[38;2;126;126;126m█[38;2;210;210;210m█[38;2;255;255;255m██[38;2;253;253;253m████████[38;2;253;253;251m█[38;2;255;255;255m█[38;2;208;208;233m█[38;2;0;0;25m█[38;2;2;2;123m█[38;2;4;4;125m█[38;2;13;13;9m██[38;2;13;13;16m██
██[38;2;13;13;9m██[38;2;4;4;125m█[38;2;2;2;123m█[38;2;0;0;25m█[38;2;208;208;233m█[38;2;255;255;255m█[38;2;255;255;254m█[38;2;255;255;255m██[38;2;253;253;253m██████████[38;2;253;253;251m█[38;2;255;255;255m█[38;2;208;208;233m█[38;2;0;0;25m█[38;2;2;2;123m█[38;2;4;4;125m█[38;2;13;13;9m██[38;2;13;13;16m██
██[38;2;13;13;9m██[38;2;4;4;125m█[38;2;2;2;123m█[38;2;0;0;25m█[38;2;208;208;233m█[38;2;255;255;255m█[38;2;253;253;251m█[38;2;253;253;253m████████████[38;2;253;253;251m█[38;2;255;255;255m█[38;2;208;208;233m█[38;2;0;0;25m█[38;2;2;2;123m█[38;2;4;4;125m█[38;2;13;13;9m██[38;2;13;13;16m██
██[38;2;13;13;9m██[38;2;4;4;125m█[38;2;2;2;123m█[38;2;0;0;25m█[38;2;208;208;233m█[38;2;255;255;255m█[38;2;253;253;251m█[38;2;253;253;253m████████████[38;2;253;253;251m█[38;2;255;255;255m█[38;2;208;208;233m█[38;2;0;0;25m█[38;2;2;2;123m█[38;2;4;4;125m█[38;2;13;13;9m██[38;2;13;13;16m██
██[38;2;13;13;9m██[38;2;4;4;125m█[38;2;2;2;123m█[38;2;0;0;25m█[38;2;208;208;233m█[38;2;255;255;255m█[38;2;253;253;251m█[38;2;253;253;253m████████████[38;2;253;253;251m█[38;2;255;255;255m█[38;2;208;208;233m█[38;2;0;0;25m█[38;2;2;2;123m█[38;2;4;4;125m█[38;2;13;13;9m██[38;2;13;13;16m██
██[38;2;13;13;9m██[38;2;4;4;125m█[38;2;2;2;123m█[38;2;0;0;25m█[38;2;208;208;233m█[38;2;255;255;255m█[38;2;253;253;251m█[38;2;253;253;253m████████████[38;2;253;253;251m█[38;2;255;255;255m█[38;2;208;208;233m█[38;2;0;0;25m█[38;2;2;2;123m█[38;2;4;4;125m█[38;2;13;13;9m██[38;2;13;13;16m██
██[38;2;13;13;9m██[38;2;5;4;125m█[38;2;3;2;123m█[38;2;0;0;25m█[38;2;208;208;233m█[38;2;255;255;255m█[38;2;253;253;251m█[38;2;253;253;253m████████████[38;2;253;253;251m█[38;2;255;255;255m█[38;2;208;208;233m█[38;2;0;0;25m█[38;2;2;2;123m█[38;2;4;4;125m█[38;2;13;13;9m██[38;2;13;13;16m██
██[38;2;13;13;9m██[38;2;5;4;125m█[38;2;3;2;123m█[38;2;0;0;25m█[38;2;208;208;233m█[38;2;255;255;255m█[38;2;253;253;251m█[38;2;253;253;253m████████████[38;2;253;253;251m█[38;2;255;255;255m█[38;2;208;208;233m█[38;2;0;0;25m█[38;2;2;2;123m█[38;2;4;4;125m█[38;2;13;13;9m██[38;2;13;13;16m██
██[38;2;13;13;9m██[38;2;5;4;125m█[38;2;3;2;123m█[38;2;1;1;26m█[38;2;209;209;235m█[38;2;255;255;255m█[38;2;253;253;251m█[38;2;253;253;253m████████████[38;2;253;253;251m█[38;2;255;255;255m█[38;2;209;209;235m█[38;2;1;1;26m█[38;2;3;2;123m█[38;2;5;4;125m█[38;2;13;13;9m██[38;2;13;13;16m██
██[38;2;13;13;9m██[38;2;4;4;125m█[38;2;3;3;124m█[38;2;0;0;22m█[38;2;197;197;224m█[38;2;255;255;255m█[38;2;253;253;249m█[38;2;253;253;253m██[38;2;255;255;255m██[38;2;253;253;253m████[38;2;255;255;255m██[38;2;253;253;253m██[38;2;253;253;249m█[38;2;255;255;255m█[38;2;198;198;225m█[38;2;0;0;22m█[38;2;3;3;124m█[38;2;4;4;125m█[38;2;13;13;9m██[38;2;13;13;16m██
██[38;2;13;15;6m██[38;2;5;5;120m█[38;2;6;6;122m█[38;2;0;0;37m█[38;2;98;100;147m█[38;2;255;255;255m█[38;2;255;255;253m█[38;2;255;255;255m██[38;2;239;239;239m█[38;2;236;236;236m█[38;2;255;255;255m████[38;2;236;236;236m█[38;2;238;238;238m█[38;2;255;255;255m██[38;2;255;255;253m█[38;2;255;255;255m█[38;2;102;103;151m█[38;2;0;0;37m█[38;2;6;6;122m█[38;2;5;5;120m█[38;2;13;15;6m██[38;2;13;13;16m██
██[38;2;13;15;6m██[38;2;8;6;94m█[38;2;9;8;95m█[38;2;2;3;107m█[38;2;0;0;93m█[38;2;115;113;98m█[38;2;221;219;204m█[38;2;226;226;222m█[38;2;147;147;143m█[38;2;25;26;18m█[38;2;19;20;12m█[38;2;136;136;131m█[38;2;224;224;219m██[38;2;136;136;131m█[38;2;19;20;12m█[38;2;24;25;17m█[38;2;147;147;143m█[38;2;228;228;223m█[38;2;222;221;208m█[38;2;119;118;105m█[38;2;0;0;90m█[38;2;2;3;104m█[38;2;9;8;96m█[38;2;8;6;95m█[38;2;13;15;6m██[38;2;13;13;16m██
██[38;2;13;13;11m██[38;2;11;11;34m██[38;2;2;1;183m█[38;2;0;0;179m█[38;2;0;0;20m█[38;2;3;2;34m█[38;2;8;8;28m█[38;2;0;0;10m█[38;2;0;0;138m█[38;2;0;0;139m█[38;2;0;0;16m█[38;2;5;5;32m██[38;2;0;0;16m█[38;2;0;0;139m█[38;2;0;0;138m█[38;2;0;0;10m█[38;2;8;8;28m█[38;2;4;3;35m█[38;2;0;0;20m█[38;2;0;0;178m█[38;2;3;2;185m█[38;2;11;11;37m██[38;2;13;13;11m██[38;2;13;13;16m██
████[38;2;13;15;6m██[38;2;5;6;108m█[38;2;6;8;109m█[38;2;0;0;222m█[38;2;0;0;217m█[38;2;0;0;207m█[38;2;0;0;211m█[38;2;3;1;200m█[38;2;2;0;198m█[38;2;0;0;212m█[38;2;0;0;208m██[38;2;0;0;212m█[38;2;2;0;198m██[38;2;0;0;211m█[38;2;0;0;207m█[38;2;0;0;217m█[38;2;0;0;222m█[38;2;6;6;113m█[38;2;5;5;112m█[38;2;13;15;6m██[38;2;13;13;16m████
██████[38;2;13;13;11m██[38;2;8;8;83m█[38;2;9;9;84m█[38;2;9;8;93m█[38;2;8;6;91m█[38;2;13;13;19m██[38;2;8;6;89m█[38;2;9;8;90m█[38;2;9;9;88m█[38;2;8;8;87m█[38;2;13;13;19m██[38;2;8;6;91m█[38;2;9;8;93m█[38;2;9;9;86m█[38;2;8;8;84m█[38;2;13;13;11m██[38;2;13;13;16m██████
████████[38;2;13;15;6m████[38;2;13;13;13m██[38;2;13;15;6m████[38;2;13;13;13m██[38;2;13;15;6m████[38;2;13;13;16m████████
████████████████████████████████